2.198933755978941806e-01
1.003557506576180508e-01
8.955048296600580382e-02
8.241687394678592904e-02
8.012157648801804255e-02
7.814654037356376370e-02
7.893843270838260540e-02
7.637434311211109550e-02
7.596809778362512144e-02
7.704912375658751200e-02
7.292084362357854899e-02
7.564322803169488962e-02
7.423591565340757759e-02
7.212663598358631800e-02
7.349113635718822202e-02
6.858097802847623603e-02
7.135733745992184351e-02
7.291002266108989605e-02
7.110654428601265176e-02
7.110820915549993793e-02
7.021642878651618291e-02
7.101218342781066839e-02
7.121634319424628712e-02
6.963839109987020326e-02
6.834243297576904352e-02
7.198551949113607407e-02
6.696264605969190487e-02
7.093096435070038452e-02
6.942653782665729467e-02
7.231192860752344576e-02
6.848226666450500655e-02
6.895042508840561191e-02
6.868336454033852068e-02
6.643679827451705322e-02
7.045510407537221298e-02
6.800238631665705968e-02
6.942763388156890370e-02
6.491945965215563386e-02
6.918881334364414271e-02
6.718003809452056940e-02
6.691877733916044846e-02
6.769608050584792480e-02
6.847902666777372360e-02
6.696932829916477092e-02
6.520072963088750784e-02
6.806089997291564497e-02
6.765608835965394863e-02
6.824806988239288941e-02
6.779626095667481978e-02
6.617346540093421714e-02
6.726654510945082044e-02
6.477418661117553822e-02
6.717723492532969021e-02
6.757233366370200833e-02
6.398085668683052563e-02
6.576335903257131410e-02
6.880231205374003067e-02
6.686967477202415688e-02
6.469377860426903104e-02
6.781342238187790250e-02
6.392190115526318051e-02
6.706601083278655728e-02
6.784169070422649273e-02
6.278648821637033972e-02
6.887309068813919632e-02
6.757488638162613415e-02
6.478039935231208468e-02
6.649829085916281191e-02
6.635264039039612260e-02
6.287740901112556791e-02
6.690708961337804572e-02
6.491883832961320433e-02
6.452114943414927195e-02
6.632132124155759589e-02
6.689558476209640780e-02
6.484434241428971291e-02
6.491240251809358985e-02
6.256420556455850879e-02
6.642448853701353462e-02
6.403766311705112735e-02
6.439139815047383031e-02
6.380208494141698106e-02
6.192535011097789061e-02
6.615531196817756032e-02
6.338730659335851947e-02
6.441415270790457059e-02
6.488903101533650963e-02
6.657412216067314092e-02
5.889206115156411792e-02
6.864903159439564306e-02
6.320727420970798094e-02
6.480447499081493090e-02
6.580309906974435297e-02
6.471032693982124717e-02
6.465295474976301415e-02
6.594597943127154804e-02
6.345210788771510346e-02
6.505006812512874326e-02
6.432435503229498586e-02
5.484245760366320693e-02
