1.402511536216735877e+01
6.402698789119720679e+00
2.036802080810069970e+00
8.757290560454130679e-01
4.587220778092742091e-01
2.781287313289940166e-01
2.547511388212442274e-01
1.885329733714461442e-01
1.510781165994703745e-01
1.484449691101908664e-01
1.205881725307554053e-01
1.156635245177894816e-01
1.015468243025243328e-01
8.844085478968918834e-02
8.613136319257319595e-02
8.288224152848124027e-02
7.977227579616009978e-02
7.808685208484530960e-02
7.836530620977281980e-02
8.126047223061323710e-02
8.113248510099947686e-02
8.348156622238457614e-02
7.456290771998465294e-02
7.409574793279170846e-02
7.173081486299634490e-02
6.903122230805457116e-02
7.447609875909984301e-02
6.995979258790611943e-02
7.059241653792559801e-02
7.124278318881988037e-02
7.040935731492936611e-02
7.077144130505622077e-02
6.985450543835759751e-02
7.765184550918638462e-02
6.947230895236133907e-02
6.941331286169588610e-02
6.876297990605234611e-02
7.043412939272820916e-02
6.696498543955385629e-02
6.840338287875055712e-02
7.068070047535002232e-02
6.786171896196901976e-02
6.770550700835883950e-02
7.009114699251950409e-02
7.120062476396560314e-02
7.061610474810003923e-02
6.823681767284869859e-02
6.749413925223052280e-02
6.859764319285750755e-02
6.943889417499303496e-02
6.767530350014566709e-02
7.467754492163658497e-02
6.996851866133510511e-02
6.885993786528706029e-02
7.299314515292644467e-02
8.006197139061987933e-02
7.031130931340158485e-02
6.816115101240574625e-02
7.216863686777651166e-02
6.725138077139854176e-02
7.417216040007769406e-02
6.876607084088028066e-02
6.820333558693528198e-02
7.061515235900879539e-02
6.794095656089484125e-02
6.760375813208520379e-02
7.054199936054647568e-02
6.635920424014329910e-02
6.658124197274446765e-02
6.830126875452696700e-02
6.575634441897272586e-02
6.643203785549849083e-02
6.812670532800256529e-02
6.807819714769720865e-02
6.763603095896542072e-02
6.795902722608297697e-02
7.076122473366558419e-02
6.855595328845083547e-02
6.490696613676845417e-02
6.736750065162777634e-02
6.637948056869208413e-02
6.624267539568245988e-02
6.988820213638245737e-02
6.815147783048450258e-02
6.761063324473798319e-02
6.621466761827468628e-02
6.992707689851522523e-02
6.525963581167161520e-02
7.522125898487866391e-02
7.147521694563328809e-02
7.024834295921027205e-02
6.793451955914497908e-02
6.578353469446301949e-02
6.797079239599407297e-02
6.451068886555731685e-02
6.709023668989538836e-02
6.736188618652522164e-02
6.484985585883260018e-02
6.493741971999407447e-02
7.396276656724512510e-02
