4.659561051279306199e-01
5.629409706890583509e-01
5.751426259577274713e-01
5.793364972174167571e-01
5.787105263769626307e-01
5.806892456114292056e-01
5.820477899014949719e-01
5.810932255387306622e-01
5.806706110239029384e-01
5.802538433074950763e-01
5.807309643626212825e-01
5.811283780038356550e-01
5.798733540177345436e-01
5.797112239003181511e-01
5.811062143146992209e-01
5.806880582869052843e-01
5.781735072433948908e-01
5.784670973122120197e-01
5.806852086484431963e-01
5.831811534762382232e-01
5.810378435850143131e-01
5.769603643119335379e-01
5.801982391178608367e-01
5.806629159152507658e-01
5.791062718629836903e-01
5.822595171928405255e-01
5.798661170005798837e-01
5.807878627181053410e-01
5.787661245167254886e-01
5.785257404744624798e-01
5.789863017797469702e-01
5.834535419046879001e-01
5.802712610661983073e-01
5.831757004857063276e-01
5.794204671680927010e-01
5.795072507858276545e-01
5.811464420855044777e-01
5.774932312369346343e-01
5.811751817166804779e-01
5.791786608695983496e-01
5.810609796941280658e-01
5.818692786395549543e-01
5.811742115318775381e-01
5.780091507434844678e-01
5.783884559869766351e-01
5.823407774865627662e-01
5.819972590804100010e-01
5.796317711770534453e-01
5.802372692525387121e-01
5.798097002804278866e-01
5.841884621083736073e-01
5.811497300863266435e-01
5.800438223183155273e-01
5.809550225734710915e-01
5.774987946152687623e-01
5.794725099802017221e-01
5.810287280380725949e-01
5.803742166757583920e-01
5.815726000368595106e-01
5.819298504590988408e-01
5.812724790871143243e-01
5.811352113187313595e-01
5.830306101143359898e-01
5.810959159731864387e-01
5.803965775668621374e-01
5.791615096926688855e-01
5.803694361448288319e-01
5.800744327306747161e-01
5.830395889282226074e-01
5.797562033236026702e-01
5.783903180360794316e-01
5.781118258237838425e-01
5.822972673773765262e-01
5.784998615682125367e-01
5.796332704424858040e-01
5.812522943615913151e-01
5.809316448867321014e-01
5.817447364628315354e-01
5.807981708943843469e-01
5.808983023464679984e-01
5.781967368125915385e-01
5.793238703906535836e-01
5.828368960618972583e-01
5.817790367305278876e-01
5.790773830711841708e-01
5.814880729317665198e-01
5.803537942469120248e-01
5.798465087413787744e-01
5.804255278408527730e-01
5.792870464026927957e-01
5.822969678342342359e-01
5.775313203334808687e-01
5.777673497200012109e-01
5.813688818812370318e-01
5.794588941037654983e-01
5.798839283883571172e-01
5.812106479406357051e-01
5.788469968736171811e-01
5.803586721122264702e-01
5.819182636737822989e-01
5.797848677337169576e-01
5.780848017036914754e-01
5.821931205987930236e-01
5.808791266977787471e-01
5.811815806329250211e-01
5.783871956765651579e-01
5.795501141846179927e-01
5.797312067747115716e-01
5.818200196623801723e-01
5.772849692702293201e-01
5.804169112145900478e-01
5.795278888642787507e-01
5.813126751482486920e-01
5.779023030102252712e-01
5.802965026497840517e-01
5.822717977166176340e-01
5.778140020370483576e-01
5.817100963890552423e-01
5.800915372073650600e-01
5.787048150599002350e-01
5.818232991993427250e-01
5.802634287476539088e-01
5.801437548100948360e-01
5.804626453518867413e-01
5.818179210424423431e-01
5.795117179751396730e-01
5.812658505737781089e-01
5.806370588541031053e-01
5.811595976650715256e-01
5.803426029682159371e-01
5.795299606323242037e-01
5.813903809487819263e-01
5.787759034633636057e-01
5.818763947188854146e-01
5.812367752492427764e-01
5.805458395183086262e-01
5.805909547805786497e-01
5.805911186337471275e-01
5.784734565019608032e-01
5.802201233208179598e-01
5.780783513188362255e-01
5.818456199467182399e-01
5.772748834490776249e-01
5.835124548673630285e-01
5.810946160852908937e-01
5.819364470541477097e-01
5.792318618297577215e-01
5.795647967755794827e-01
5.791127538681030140e-01
5.795114651024341201e-01
5.802797698378563407e-01
5.812470448017120761e-01
5.808129715323447906e-01
5.800524682700634038e-01
5.803320175707340489e-01
5.788391534686088136e-01
5.782198294401168503e-01
5.818072070777415838e-01
5.794201005995273102e-01
5.784106618463993321e-01
5.817573612332344046e-01
5.791259439587592706e-01
5.803389689028263243e-01
5.820476567745208607e-01
5.819316888153552858e-01
5.800733203887940004e-01
5.788136235177516742e-01
5.798723551332950477e-01
5.795898315012455448e-01
5.792647069990635167e-01
5.802200636267662581e-01
5.801629989445209468e-01
5.815744265019893167e-01
5.804536714255810192e-01
5.797494600117206742e-01
5.807093099951744497e-01
5.779406759142875494e-01
5.783387593626976297e-01
5.793455532491207371e-01
5.802036644816398470e-01
5.816933459341525614e-01
5.791519874036311633e-01
5.781783945560455829e-01
5.789830587208271151e-01
