6.566184635739773234e-02
2.829568926244974136e-03
2.030338335316628218e-03
1.639761955011635958e-03
1.350555033423006578e-03
1.172199284192174638e-03
1.001305255340412302e-03
9.158756549004465038e-04
8.397378050722182144e-04
7.582367397844791412e-04
7.131370250135660605e-04
6.537608872167765834e-04
6.230714602861553257e-04
5.823846964631229856e-04
5.486891674809157371e-04
5.319703172426671310e-04
4.955208662431687203e-04
4.752362793078646259e-04
4.525738209486007712e-04
4.379633290227502693e-04
4.156461264938116117e-04
4.034779802896082358e-04
3.989167022518813480e-04
3.797072445740923307e-04
3.710826259339228121e-04
3.584119805600494385e-04
3.443285939283669103e-04
3.412955917883664435e-04
3.245438484009355502e-04
3.200316324364393993e-04
3.149239288177341440e-04
3.012033575214445743e-04
2.982274116948246913e-04
2.891982800792902773e-04
2.791268879082053856e-04
2.791654667817056287e-04
2.763782435795292432e-04
2.718061103951185898e-04
2.577307994943112092e-04
2.573900524294003671e-04
2.549597233883105392e-04
2.462801261572167060e-04
2.481668588006868915e-04
2.466953039402142059e-04
2.392527987831272272e-04
2.335546744870953197e-04
2.254355151671916333e-04
2.269100651028565987e-04
2.188054309226572611e-04
2.199086791370063933e-04
2.201709352084435653e-04
2.108924739877693485e-04
2.083869880880229078e-04
2.016842458397150018e-04
2.049216153682209508e-04
1.980396863655187070e-04
1.990405301330611121e-04
1.924509793752804344e-04
1.954452705103904106e-04
1.878319709794595805e-04
1.901255184202455071e-04
1.875296988873742423e-04
1.831846300046890963e-04
1.795446200412698068e-04
1.831943469005636893e-04
1.807852176716551261e-04
1.771033435943536406e-04
1.764626373187638765e-04
1.725300174439325864e-04
1.756575080798938740e-04
1.709542336175218290e-04
1.702136121457442555e-04
1.669794810004532413e-04
1.670408653444610449e-04
1.623078554985113496e-04
1.609261627891100835e-04
1.633165002567693515e-04
1.599333167541772105e-04
1.567595600499771460e-04
1.535619155038148230e-04
1.550854058586992248e-04
1.576637447578832377e-04
1.525347295682877411e-04
1.541730519966222476e-04
1.537057574023492732e-04
1.500786739052273257e-04
1.492887947824783536e-04
1.491219864692539096e-04
1.473323642858304148e-04
1.433901168638840426e-04
1.449998063617385967e-04
1.436743431258946614e-04
1.434321425040252409e-04
1.406850962666794549e-04
1.393544560414739062e-04
1.398942508967593410e-04
1.374941322137601717e-04
1.372537823044694906e-04
1.355051161954179363e-04
1.358257728861644734e-04
1.342243413091637194e-04
1.324828201904892932e-04
1.329553009418305140e-04
1.302877097623422774e-04
1.322588902257848596e-04
1.302085589850321282e-04
1.293406254262663370e-04
1.285428636765573185e-04
1.288335341087076921e-04
1.258546057215426171e-04
1.247885104385204700e-04
1.257957972120493564e-04
1.237948051129933512e-04
1.242291869129985668e-04
1.207080979656893771e-04
1.209524567821063107e-04
1.220715969975572014e-04
1.226297176617663256e-04
1.206055496004410056e-04
1.217316566908266395e-04
1.211101643275469558e-04
1.186134430463425848e-04
1.205548459256533490e-04
1.157677620358299502e-04
1.179582643089816001e-04
1.166336558526381823e-04
1.169917122751940042e-04
1.147200909326784329e-04
1.156654814258217860e-04
1.151240358012728393e-04
1.151913682406302514e-04
1.124754428747110080e-04
1.118084017070941676e-04
1.112508295045699930e-04
1.102731490391306525e-04
1.112676030606962735e-04
1.102524867746979025e-04
1.105207570071797796e-04
1.084290778089780393e-04
1.107773900730535426e-04
1.105698882020078648e-04
1.093585985654499371e-04
1.065527890750672690e-04
1.063924138725269553e-04
1.079809726797975659e-04
1.068210287485271719e-04
1.069347350858151918e-04
1.054144733643624959e-04
1.065162006125319792e-04
1.063600376073736681e-04
1.040355522127356375e-04
1.026588835520669785e-04
1.041876827366650110e-04
1.038846105802804242e-04
1.038390728353988379e-04
1.023709293804131475e-04
1.026268211717251715e-04
1.022784069937188227e-04
1.025564256997313372e-04
1.010536670219153182e-04
1.011600166384596399e-04
9.973269479814916307e-05
1.000472318264655758e-04
9.966070530936121290e-05
9.826162888202815868e-05
9.830662180320360254e-05
9.846379587543197356e-05
9.756726605701259889e-05
9.722687071189283891e-05
9.951760323019698425e-05
9.746562427608296546e-05
9.565918793668970249e-05
9.645713696954772527e-05
9.541872976114972992e-05
9.659346556873060980e-05
9.542273939587175467e-05
9.647244660300202397e-05
9.577697710483334959e-05
9.342776698758825334e-05
9.554112504702061577e-05
9.525499510345980417e-05
9.408876518136821633e-05
9.502343542408197793e-05
9.423701660125515976e-05
