4.788219528571428359e+07
4.588186771428571641e+07
4.603143300000000000e+07
4.787226157142857462e+07
4.652850671428571641e+07
4.538878242857142538e+07
4.571432014285714179e+07
4.636676614285714179e+07
4.775926500000000000e+07
4.629413400000000000e+07
4.556399685714285821e+07
4.398547700000000000e+07
4.476379071428571641e+07
4.553904557142857462e+07
4.515643414285714179e+07
4.432729600000000000e+07
4.487373257142857462e+07
4.397009585714285821e+07
4.379874342857142538e+07
4.411424800000000000e+07
4.412543042857142538e+07
4.231194971428571641e+07
4.381169671428571641e+07
4.341515928571428359e+07
4.428221142857142538e+07
4.302881242857142538e+07
4.321867342857142538e+07
4.132798542857142538e+07
4.444316628571428359e+07
4.274403571428571641e+07
4.053798228571428359e+07
4.266804585714285821e+07
4.259652328571428359e+07
4.291606314285714179e+07
4.286532814285714179e+07
4.070192142857142538e+07
4.083194814285714179e+07
4.188054900000000000e+07
4.167959385714285821e+07
4.156808757142857462e+07
3.985995714285714179e+07
4.272464700000000000e+07
4.018020928571428359e+07
4.069082114285714179e+07
4.113550714285714179e+07
4.227091285714285821e+07
4.039039471428571641e+07
3.941992614285714179e+07
3.965617500000000000e+07
4.000304278571428359e+07
4.036003414285714179e+07
3.989455142857142538e+07
4.127510814285714179e+07
3.930624435714285821e+07
4.131101257142857462e+07
3.892003000000000000e+07
3.746862028571428359e+07
3.860168657142857462e+07
3.925392742857142538e+07
3.776351285714285821e+07
3.813140671428571641e+07
3.704798028571428359e+07
3.819674157142857462e+07
3.836585085714285821e+07
3.907253371428571641e+07
3.825123485714285821e+07
3.779960942857142538e+07
3.798868057142857462e+07
3.747228385714285821e+07
3.639114485714285821e+07
3.904538628571428359e+07
3.609888700000000000e+07
3.754705357142857462e+07
3.738069128571428359e+07
3.501460592857142538e+07
3.700107178571428359e+07
3.593323785714285821e+07
3.720465271428571641e+07
3.659839514285714179e+07
3.564263707142857462e+07
3.591403057142857462e+07
3.505735750000000000e+07
3.631813057142857462e+07
3.665505557142857462e+07
3.493726221428571641e+07
3.422855921428571641e+07
3.688747385714285821e+07
3.605900071428571641e+07
3.464653864285714179e+07
3.574596657142857462e+07
3.538262914285714179e+07
3.379132842857142538e+07
3.439516921428571641e+07
3.530657528571428359e+07
3.467523035714285821e+07
3.131918542857142910e+07
3.355724192857142538e+07
3.354581585714285821e+07
3.304881935714285821e+07
3.432301378571428359e+07
3.392535542857142538e+07
3.375494992857142538e+07
3.288494942857142910e+07
3.411611164285714179e+07
3.254012614285714179e+07
3.256917085714285821e+07
3.246661585714285821e+07
3.235796650000000000e+07
3.432883907142857462e+07
3.332702450000000000e+07
3.393184228571428359e+07
3.204169964285714179e+07
3.296807914285714179e+07
3.362007371428571641e+07
3.179815785714285821e+07
3.254100792857142910e+07
3.311998842857142910e+07
3.151446714285714179e+07
3.263720478571428731e+07
3.264371392857142910e+07
3.199100171428571269e+07
3.172933342857142910e+07
3.111387785714285821e+07
3.151279221428571269e+07
3.215672685714285821e+07
3.037002021428571269e+07
3.082224164285714179e+07
2.896187728571428731e+07
2.966851750000000000e+07
3.002251785714285821e+07
3.055567135714285821e+07
3.008020985714285821e+07
3.058963064285714179e+07
2.918403957142857090e+07
3.138716521428571269e+07
3.055270178571428731e+07
3.098665000000000000e+07
2.953583114285714179e+07
2.997575835714285821e+07
3.013595842857142910e+07
3.083614150000000000e+07
2.925947335714285821e+07
3.000330335714285821e+07
2.906406357142857090e+07
2.852132307142857090e+07
2.994060207142857090e+07
2.975116007142857090e+07
3.070379135714285821e+07
2.893694735714285821e+07
2.798257285714285821e+07
2.999640571428571269e+07
3.014882392857142910e+07
2.963122221428571269e+07
2.958111064285714179e+07
2.928055992857142910e+07
2.858444485714285821e+07
2.740052350000000000e+07
2.715428807142857090e+07
2.889950328571428731e+07
2.806996057142857090e+07
2.866186778571428731e+07
2.833508228571428731e+07
2.787952921428571269e+07
2.965143207142857090e+07
2.780687514285714179e+07
2.796387042857142910e+07
2.773338900000000000e+07
2.788712742857142910e+07
2.669815585714285821e+07
2.665565042857142910e+07
2.829808628571428731e+07
2.622627814285714179e+07
2.654604885714285821e+07
2.597763500000000000e+07
2.749465135714285821e+07
2.761198507142857090e+07
2.641775114285714179e+07
2.703386792857142910e+07
2.640070335714285821e+07
2.632271942857142910e+07
2.632424328571428731e+07
2.625893735714285821e+07
2.667119085714285821e+07
2.611142871428571269e+07
2.657225885714285821e+07
2.625673007142857090e+07
2.703014100000000000e+07
2.616372100000000000e+07
2.495829685714285821e+07
2.654647992857142910e+07
