5.017996400000000000e+07
5.115458500000000000e+07
5.088877800000000000e+07
4.916176400000000000e+07
5.066985300000000000e+07
5.016134600000000000e+07
5.346452700000000000e+07
5.148527000000000000e+07
5.035654900000000000e+07
4.670979300000000000e+07
4.991676800000000000e+07
4.855286200000000000e+07
4.903661300000000000e+07
5.137466900000000000e+07
5.214704500000000000e+07
5.096644600000000000e+07
4.834283400000000000e+07
5.219571800000000000e+07
4.899083900000000000e+07
4.967307500000000000e+07
4.978240700000000000e+07
5.013165200000000000e+07
5.186051900000000000e+07
5.038609500000000000e+07
4.683369700000000000e+07
5.007013400000000000e+07
5.006185500000000000e+07
4.867410200000000000e+07
4.532621100000000000e+07
4.972689200000000000e+07
5.025683700000000000e+07
4.801648400000000000e+07
4.639827100000000000e+07
4.729082200000000000e+07
4.635405400000000000e+07
4.747467800000000000e+07
4.474497200000000000e+07
4.696575900000000000e+07
4.448046200000000000e+07
4.919871700000000000e+07
4.561397300000000000e+07
4.466979800000000000e+07
4.528378900000000000e+07
4.625320700000000000e+07
4.418302600000000000e+07
4.503950100000000000e+07
4.591984100000000000e+07
4.361731200000000000e+07
4.382093400000000000e+07
4.692892700000000000e+07
4.358391900000000000e+07
4.497848100000000000e+07
4.604809500000000000e+07
4.489804100000000000e+07
4.492904600000000000e+07
4.293886200000000000e+07
4.543478400000000000e+07
4.504988200000000000e+07
4.452935100000000000e+07
4.425639900000000000e+07
4.705509700000000000e+07
4.541255100000000000e+07
4.525206300000000000e+07
4.493772000000000000e+07
4.376779800000000000e+07
4.415905500000000000e+07
4.668603000000000000e+07
4.254867700000000000e+07
4.499005800000000000e+07
4.257181300000000000e+07
4.251979000000000000e+07
4.450297100000000000e+07
4.511414200000000000e+07
4.035507200000000000e+07
4.575422400000000000e+07
4.120769800000000000e+07
4.454457900000000000e+07
4.872342400000000000e+07
4.260256300000000000e+07
4.380012800000000000e+07
4.264416900000000000e+07
4.230595800000000000e+07
4.112094100000000000e+07
4.294889000000000000e+07
4.503160000000000000e+07
4.385966400000000000e+07
4.347295400000000000e+07
4.066592900000000000e+07
4.249224800000000000e+07
4.315968600000000000e+07
4.019758400000000000e+07
4.042423700000000000e+07
4.046796200000000000e+07
4.336477800000000000e+07
3.950401800000000000e+07
3.924842200000000000e+07
3.960643000000000000e+07
3.963124100000000000e+07
4.049369900000000000e+07
4.135873600000000000e+07
3.860375500000000000e+07
3.916795700000000000e+07
4.007621000000000000e+07
4.012848200000000000e+07
3.992770450000000000e+07
3.721857200000000000e+07
4.125189600000000000e+07
3.755043200000000000e+07
3.800469600000000000e+07
3.801835000000000000e+07
3.703728000000000000e+07
4.023165100000000000e+07
4.092917000000000000e+07
3.787633400000000000e+07
3.692065100000000000e+07
3.696280900000000000e+07
3.656983700000000000e+07
4.043312900000000000e+07
3.709409000000000000e+07
3.619776700000000000e+07
3.844789000000000000e+07
3.668242500000000000e+07
3.865616700000000000e+07
3.688134450000000000e+07
3.473370000000000000e+07
4.025060500000000000e+07
3.722471900000000000e+07
3.891636100000000000e+07
3.522788800000000000e+07
3.856310300000000000e+07
3.858582800000000000e+07
3.947807700000000000e+07
3.528175300000000000e+07
3.600295300000000000e+07
3.459508900000000000e+07
3.606879200000000000e+07
3.646826400000000000e+07
3.631625000000000000e+07
3.659277350000000000e+07
3.481926900000000000e+07
3.523668100000000000e+07
3.508929800000000000e+07
3.468134700000000000e+07
3.601044550000000000e+07
3.701237350000000000e+07
3.474521200000000000e+07
3.656420750000000000e+07
3.485527750000000000e+07
3.678698500000000000e+07
3.629077700000000000e+07
3.458557350000000000e+07
3.436202700000000000e+07
3.447330000000000000e+07
3.620062200000000000e+07
3.471677100000000000e+07
3.381485200000000000e+07
3.531844550000000000e+07
3.570203000000000000e+07
3.475027900000000000e+07
3.446164900000000000e+07
3.465331200000000000e+07
3.364201250000000000e+07
3.687757800000000000e+07
3.544877450000000000e+07
3.312780300000000000e+07
3.346221300000000000e+07
3.498078450000000000e+07
3.397652500000000000e+07
3.571081600000000000e+07
3.465459200000000000e+07
3.423998800000000000e+07
3.355760600000000000e+07
3.424487200000000000e+07
3.269094450000000000e+07
3.563424550000000000e+07
3.350527900000000000e+07
3.507658600000000000e+07
3.285154900000000000e+07
3.230818400000000000e+07
3.310046400000000000e+07
3.358151250000000000e+07
3.324369400000000000e+07
3.127434200000000000e+07
3.381984750000000000e+07
3.424903400000000000e+07
3.325588850000000000e+07
3.350377000000000000e+07
3.140398950000000000e+07
3.057681400000000000e+07
3.154405100000000000e+07
