5.744478793591261123e-01
1.135560090448707316e-01
9.143293236382304956e-02
7.912888723611831432e-02
8.076319655217230331e-02
7.045599007979035100e-02
7.558434276096523408e-02
7.279752876795828054e-02
9.183738693036139211e-02
6.942721659131348422e-02
7.108715680614113852e-02
6.845157898031174748e-02
6.679282665066421654e-02
7.103649247623980423e-02
6.947794774919748007e-02
6.641717713512480803e-02
7.368285251222550514e-02
6.574704987369477116e-02
6.787901579309255085e-02
6.639961956255137354e-02
6.981365647539496122e-02
6.513189760968089714e-02
6.545412216149271156e-02
6.515743436105549125e-02
7.040672759525477831e-02
6.487328748591243699e-02
7.564243016205728087e-02
6.900684034824371149e-02
6.707965927757322810e-02
6.547165178507566297e-02
6.728708165511489148e-02
6.698112768679857776e-02
6.605767769739032125e-02
6.674011192284524940e-02
6.665547800436616432e-02
6.975176712684333369e-02
6.379598027095198520e-02
6.661300173774362121e-02
6.530567716900259612e-02
6.960440564155578880e-02
6.456510913930833817e-02
6.825914206355809810e-02
6.367878869175910839e-02
6.522096163779497746e-02
6.410822946764528629e-02
6.867828445322811393e-02
6.299339050240815308e-02
6.371148369833827541e-02
6.343593642115592790e-02
6.283037039823829994e-02
6.636376258358359093e-02
6.131631710007786479e-02
6.215792047791182662e-02
6.316785373724996544e-02
6.418781233951449672e-02
6.050609002355486488e-02
6.238654709141701338e-02
6.189813961088657529e-02
6.567538021691143868e-02
6.199807521328330046e-02
6.090800959896296163e-02
6.217154171690345010e-02
6.501050495635718462e-02
6.538738340511918157e-02
6.174711540155113088e-02
6.168699265923351105e-02
6.879679707344621420e-02
6.244806843530386481e-02
6.201241824217140763e-02
6.405605017300694537e-02
6.592433672491461449e-02
6.834394961223005938e-02
6.017597491294145867e-02
6.165152303501963277e-02
6.617259836476295509e-02
6.202589591778814859e-02
6.513559684343636635e-02
6.063350610621273673e-02
6.019016550108790414e-02
6.121198158059269062e-02
6.139085011091083288e-02
6.073851935006677888e-02
6.301701430231332335e-02
6.066888246312737709e-02
6.342359192483126851e-02
6.287435969151557169e-02
6.023985341936349824e-02
6.416024693474173257e-02
6.093106331489980126e-02
6.060742294043302419e-02
6.416222810000181409e-02
6.150350581668317246e-02
5.970769593678414838e-02
6.314155925065279007e-02
5.900175016745924650e-02
6.444921320211141613e-02
5.953914702683687360e-02
6.265557213686406834e-02
6.087781279440969417e-02
5.987678361125290533e-02
