1.630275947973132133e-01
6.758216365240514445e-02
6.266315884422510307e-02
6.098004284314811202e-02
5.991355044767260329e-02
5.982617389410734010e-02
5.914328874554485027e-02
5.891839724499732533e-02
5.743048605509102483e-02
5.818895541131496180e-02
5.722188482061028175e-02
5.699778749141842099e-02
5.648166117258369978e-02
5.575859599746763734e-02
5.600136671215295847e-02
5.636257916223257752e-02
5.590562087483703924e-02
5.617332242894917949e-02
5.533349024597555149e-02
5.349102516658604117e-02
5.467340189963579289e-02
5.442456510383635732e-02
5.469082275405526272e-02
5.349599207285791330e-02
5.434901176951825730e-02
5.404965837951749424e-02
5.372885533608496439e-02
5.419647144619375162e-02
5.350048318039626188e-02
5.347535260953008990e-02
5.276319301221519403e-02
5.344013076275586777e-02
5.272670441307127781e-02
5.287891559302806965e-02
5.339901293162256646e-02
5.226112490519881082e-02
5.275075080804526861e-02
5.190658370964228857e-02
5.240759619046002349e-02
5.209910481702536428e-02
5.229360262863338299e-02
5.223951675929128929e-02
5.255945682991296219e-02
5.155388984829187282e-02
5.233583314809948234e-02
5.195306871086358830e-02
5.239059968851506738e-02
5.056449214462190728e-02
5.152937432285398245e-02
5.195127412676811551e-02
5.189852705691009455e-02
5.096673135645687913e-02
5.169274849351495477e-02
5.128231412265450012e-02
5.164043026044964901e-02
5.019768911879509549e-02
5.095801785122602845e-02
5.005505773704498756e-02
5.060918935574591077e-02
5.039718265179544965e-02
5.118509985040873428e-02
5.011648875195533204e-02
5.050833764951676019e-02
5.039853522088378474e-02
5.121165734250098661e-02
5.105002577882260251e-02
5.019273634068668194e-02
5.025281626731157442e-02
5.089055188465863716e-02
5.053771771956235004e-02
5.006574697792529755e-02
4.963255140930414311e-02
5.067941339220851521e-02
5.041593119967728576e-02
4.971542398445308319e-02
4.940234602894633814e-02
4.935001424513757451e-02
4.999869726598262648e-02
5.027191148605197890e-02
5.032732762861996667e-02
4.987580213695764347e-02
4.991109956055879426e-02
4.889105964452028497e-02
4.944852908141911252e-02
4.954155289102345899e-02
4.998480589594692103e-02
4.950960872694849801e-02
4.959588869474828438e-02
4.924861882347613545e-02
4.998967286199331589e-02
5.050345681607723569e-02
4.994469897355884036e-02
4.895152451470494159e-02
4.854833886958658667e-02
4.975424550008028524e-02
4.883451893925666587e-02
5.024787173606455604e-02
4.930104844272136660e-02
4.925257726106792994e-02
4.862736912909895043e-02
