1.793105624616146143e-01
9.106367956846952993e-02
8.143447685986757167e-02
7.500030230730772574e-02
7.609166268259287547e-02
7.258893139660357874e-02
7.301341503858566062e-02
6.999606914818286285e-02
6.647130601108074133e-02
6.990833811461925895e-02
6.848149005323649063e-02
6.851331628859043399e-02
6.822002176195382517e-02
6.537942271679639261e-02
6.467445176094770154e-02
6.690257541835308019e-02
6.622774329036473784e-02
6.613171081990003308e-02
6.658094367012382109e-02
6.291396504268050027e-02
6.442264778539538717e-02
6.596985278651118501e-02
6.707294471561908722e-02
6.421577444300055615e-02
6.560788977891206242e-02
6.255738841369748449e-02
6.683845151215792035e-02
6.318154865875839910e-02
6.462410051375627740e-02
6.322862869128584307e-02
6.460956666618584976e-02
6.470809718593954762e-02
6.440197119489311783e-02
6.377284718677402042e-02
6.363267373293637896e-02
6.446121292188763952e-02
6.151678010821342441e-02
6.544884510338305761e-02
6.134981283918022887e-02
6.362158149480819092e-02
6.028867250308394404e-02
5.751337993890046768e-02
6.486676311120391503e-02
5.441852729767560765e-02
6.569169823080300841e-02
5.885901683941483636e-02
6.279287138953805469e-02
6.108075538650155345e-02
6.168085545301437572e-02
6.018886473029851775e-02
6.387856155633926669e-02
6.154008861631155014e-02
5.967516480013727864e-02
6.014525063335895289e-02
5.775444133207201930e-02
5.971645126119255742e-02
6.078787049278616683e-02
6.152567673474550192e-02
6.258840590715408769e-02
5.926203949376940977e-02
6.326823072507976875e-02
6.033862903714180131e-02
6.090454135090112714e-02
6.185911808162927739e-02
6.000810209661722183e-02
6.021334705874323984e-02
6.054571198299527057e-02
6.069775437936186790e-02
6.135185956954956193e-02
5.888430435210466329e-02
6.186882499605417252e-02
6.054627694189548825e-02
5.949493542313575439e-02
6.198734402656555509e-02
6.097663899883627725e-02
5.967857135459780915e-02
5.976569630205631062e-02
6.002715161070227429e-02
5.711391691118478803e-02
6.012424027547240424e-02
6.065198779106140137e-02
5.964459275826811818e-02
5.181732088327407892e-02
6.257101172581315540e-02
6.328950060531496336e-02
5.896207721903920507e-02
5.992000419646501680e-02
5.957989081740379389e-02
5.770067226141691041e-02
5.769043914973735754e-02
6.090175596997141755e-02
5.837174961343407492e-02
5.822802947834133935e-02
5.923413481563329780e-02
5.696247080340981206e-02
5.982930816709994964e-02
5.707899283617735159e-02
6.036104328930377849e-02
5.877234665676951686e-02
5.870223419740796394e-02
