5.410587911367416680e+00
1.547311422348022436e+00
5.778291643783449727e-01
4.036668347790837164e-01
1.808423324748873739e-01
1.376959641203284179e-01
1.088429065756499753e-01
1.132538819536566682e-01
1.252775268442928858e-01
1.053389409929513937e-01
1.073808383159339380e-01
1.088593328185379489e-01
1.133242368511855613e-01
1.049815958999097409e-01
9.480183461122214383e-02
1.018103016130626204e-01
8.956730857864021733e-02
9.797895272448658988e-02
9.934003464877605438e-02
1.054666460249572973e-01
9.599619122222065315e-02
8.777307433076203536e-02
7.949810582585632723e-02
8.114726611413061730e-02
8.038187382370233502e-02
9.210948355682194166e-02
8.085320714302360323e-02
8.524068960361182168e-02
8.050226256251334644e-02
7.838389744982122986e-02
7.691220003180206100e-02
7.343744599260389194e-02
7.342496061325073931e-02
7.259734527394175185e-02
7.532165149599313880e-02
7.645694051124155011e-02
7.624394091404974871e-02
7.615391100756824239e-02
7.918080103211104503e-02
7.484249688312410997e-02
7.348140534944831714e-02
8.210906144045293509e-02
6.918410396389662598e-02
8.802908361144363980e-02
7.090434223413467907e-02
7.957322643883525670e-02
7.131281975656747485e-02
7.355842468515037813e-02
7.293396890908479535e-02
7.523394888453185936e-02
7.718874645698815817e-02
7.364468599297106788e-02
7.595335961133241331e-02
7.368103697337209657e-02
8.095408193208276926e-02
8.846645879000425428e-02
7.133763961307704182e-02
7.627841433882713573e-02
6.982260952889919603e-02
8.158290483616292832e-02
7.417606480047106432e-02
6.889467935822904399e-02
7.600502303801476289e-02
7.006029738858342293e-02
6.973151346296072028e-02
7.694593126513063486e-02
7.195457390882074866e-02
7.001139527373015370e-02
6.879355954378843507e-02
7.014704610966146503e-02
6.946489167213440452e-02
7.236986786313355513e-02
7.436530602164566350e-02
6.876389227993785769e-02
7.273656013980507595e-02
7.098815003223717113e-02
7.232483481988311036e-02
7.056463698297739395e-02
7.110438519902527454e-02
7.223810487519949364e-02
6.950708610936999488e-02
7.015278238058089699e-02
7.593319397978484653e-02
8.534808385372161244e-02
6.919069669581949522e-02
7.004355667717754308e-02
7.060026447102427105e-02
7.125624086894094544e-02
7.464152750559151228e-02
8.702254251576960198e-02
6.875102530233562215e-02
7.059858314879238761e-02
7.237519541103393239e-02
7.019640899077057850e-02
8.291832412406802133e-02
6.715766607224940565e-02
7.607378785498440654e-02
7.186073794029652906e-02
6.671853578276931707e-02
6.678392236866056986e-02
