8.660728423204272497e-02
7.474065213371068606e-02
7.044966692104935591e-02
6.694400503579527040e-02
6.560130737908184684e-02
6.609352612588555165e-02
6.451879446906969018e-02
6.307057627663016641e-02
6.297699895640834766e-02
6.231286779232322881e-02
6.174446205049752973e-02
6.254427050007507760e-02
6.171742362529039627e-02
6.300138722779229095e-02
6.133803500747308374e-02
6.235480279522016833e-02
5.968770272657274861e-02
6.059924285532906907e-02
6.213850561017170843e-02
6.216019176971167293e-02
5.872835871623829224e-02
5.901683920621871721e-02
5.986782524641603292e-02
5.951877869945019356e-02
6.377195601910352896e-02
5.799193106032907857e-02
5.900104575091973114e-02
6.129726366838440105e-02
5.830886964220553803e-02
6.026058962708338851e-02
5.771466556470841031e-02
5.772646174253896062e-02
5.884782469412312006e-02
5.935278464853763897e-02
6.030247950600459844e-02
5.774437268264591416e-02
5.730980894900858380e-02
5.887387677002698522e-02
5.860025577573105965e-02
5.687503414507955046e-02
5.688404332753271148e-02
5.868871138617396538e-02
5.780780382081866092e-02
5.748012993391603265e-02
5.732872485835105447e-02
5.733451179554686222e-02
5.733439910039305615e-02
5.601980276359245364e-02
5.611973061878234442e-02
5.576485395710915199e-02
5.659654045430943109e-02
5.604194759856909180e-02
5.652793918270617585e-02
5.610889075323939601e-02
5.629059797711670476e-02
5.565838926658034369e-02
5.688347099255770117e-02
5.620102162333205642e-02
5.707236423995346031e-02
5.542527606058865464e-02
5.562720523076131879e-02
5.550575983710587247e-02
5.548675495060161056e-02
5.631314142048358951e-02
5.529989413637667606e-02
5.574683595448732404e-02
5.535625765705481233e-02
5.594640281843021173e-02
5.607551184017211393e-02
5.685514004994184079e-02
5.555511664506047886e-02
5.550585051719099383e-02
5.574713209457695523e-02
5.463119751540943675e-02
5.492770330701023107e-02
5.547610512422397611e-02
5.622621389757841842e-02
5.609015197725966684e-02
5.450580396410077688e-02
5.509989582980051592e-02
5.488310082210227925e-02
5.665867807017638952e-02
5.780452247057109999e-02
5.538019826542586038e-02
5.601955275470391071e-02
5.481465138215571575e-02
5.504970794962719266e-02
5.504322554264217543e-02
5.589231365174054944e-02
5.505033728433773171e-02
5.569422575179487633e-02
5.515290133515372839e-02
5.636204828508198372e-02
5.876006318489089553e-02
5.796665387041866763e-02
5.582839519390836447e-02
5.494764688517898149e-02
5.467576593393459750e-02
5.467625861195847536e-02
5.569994088541716654e-02
5.712215825822204024e-02
5.413980725221335943e-02
5.467920617712661302e-02
5.485546926688402575e-02
5.561490420531481349e-02
5.438366726040839982e-02
5.387198553793132172e-02
5.677619882114231381e-02
5.450954672694206110e-02
5.398661776073276908e-02
5.523450289899483473e-02
5.536412357678636986e-02
5.384258442558348401e-02
5.408695942768827064e-02
5.575147149758413745e-02
5.390647488040849894e-02
5.411770561989397155e-02
5.432060559559613588e-02
5.390705620497465017e-02
5.386202561156824137e-02
5.487202919507399440e-02
5.536116677615791903e-02
5.483339253719896056e-02
5.458836248191073492e-02
5.421567137865349745e-02
5.404140243073925209e-02
5.431900607841089190e-02
5.544889739109203075e-02
5.482258111378177784e-02
5.514050521980971148e-02
5.741135591501370095e-02
5.434903811151161473e-02
5.358273048885166950e-02
5.402761666709557375e-02
5.372441493580117772e-02
5.647541853599249984e-02
5.381269068131223215e-02
5.342677334044128312e-02
5.291721715871244847e-02
5.348282090714201464e-02
5.355073054181411912e-02
5.485916680563241582e-02
5.382187637919560314e-02
5.404432142805307843e-02
5.349644075892865530e-02
5.321358650317415534e-02
5.543277737544849426e-02
5.312960701156407839e-02
5.326177561003715005e-02
5.280746914958581173e-02
5.320363016799092154e-02
5.278097046585753654e-02
5.304407182754948546e-02
5.363710274966433655e-02
5.373528458783403267e-02
5.449912689113989295e-02
5.371961471997201143e-02
5.372042020782828026e-02
5.199990709451958459e-02
5.367384346202015710e-02
5.280116840265691031e-02
5.271509480942040970e-02
5.416411691391840449e-02
5.430421925615519507e-02
5.387898603966459476e-02
5.392421698849648309e-02
5.270052739651873847e-02
5.258676151512190616e-02
5.500359897455200237e-02
5.276144977938383718e-02
5.247633548080921084e-02
5.637127160653471886e-02
5.354556247964501609e-02
5.365773253142833848e-02
5.422364972624927476e-02
5.373988590575754648e-02
5.483985118940472303e-02
5.290903319092467305e-02
5.477574543515219968e-02
5.275770502956583785e-02
5.294721643021330082e-02
5.189877157239243533e-02
5.245328990416601306e-02
5.301458691339940021e-02
5.320553635573014445e-02
5.294194585504010536e-02
5.303376060444861539e-02
5.307067190948873414e-02
5.286428924649953787e-02
5.319756510015576784e-02
5.372736619366332705e-02
5.415667477343231312e-02
5.482001352217048123e-02
5.310754696093499677e-02
5.285107701132073926e-02
5.285439676698297506e-02
5.362180491583421610e-02
5.299880270287394418e-02
5.258393225772306501e-02
5.247110071871429610e-02
5.281751011824235148e-02
5.258046791004016701e-02
5.264250140171498199e-02
5.255985498428344949e-02
5.238433202449232357e-02
5.256679879873991240e-02
5.265485454676673005e-02
5.353086240123957479e-02
5.245324238063767824e-02
5.412922757398336976e-02
5.594572739675641310e-02
5.349552373494952801e-02
5.355273306090384960e-02
5.316090344544500274e-02
5.246257848432287624e-02
5.296883134264498971e-02
5.321390431141480998e-02
5.265054280962794958e-02
5.440280844038352520e-02
5.462646703049540281e-02
5.276675077248364765e-02
5.349774490203708377e-02
5.236878533381968820e-02
5.218093354767188580e-02
5.229709882056340908e-02
5.304878551280126087e-02
5.422998207760974798e-02
5.339258091710508136e-02
5.247590634878724486e-02
5.253028703341260791e-02
5.276581034203991355e-02
5.378176822373643279e-02
5.246708943322300756e-02
5.255129748256877342e-02
5.219716226682066806e-02
5.136904327804222431e-02
5.204313670052215790e-02
5.225929937977343703e-02
5.187597471196204318e-02
5.258705275785177657e-02
5.154014160716906268e-02
5.215479092486202672e-02
5.326480940636247469e-02
5.377036804705858514e-02
5.295196935813874239e-02
5.254609155235812068e-02
5.227815408213064285e-02
5.310537692997604337e-02
5.330952546652406587e-02
5.237501155864447699e-02
5.284500329708680805e-02
5.318774553015827994e-02
5.288931270781904725e-02
5.472303183935582627e-02
5.305337432213127341e-02
5.171949215559289159e-02
5.327035620436072066e-02
5.305922973016276994e-02
5.180712721776217083e-02
5.382953229034319331e-02
5.293872708175331038e-02
5.249854215979576216e-02
5.372637058515101344e-02
5.250022788019850783e-02
5.214265302475541708e-02
5.183127239113673873e-02
5.210885291686281895e-02
5.386742955166846231e-02
5.446500671794637927e-02
5.380892570223659577e-02
5.228815484419464810e-02
5.238876262214034463e-02
5.428949338477104952e-02
5.235967173287645049e-02
5.210968280909582945e-02
5.229549816157668535e-02
5.181311766570433769e-02
5.279662211239338071e-02
5.183682271651923745e-02
5.321570774074643739e-02
5.318712481856346236e-02
5.287951307231560094e-02
5.170586520060897057e-02
5.226435726508497914e-02
5.191663818573578892e-02
5.572462191106751506e-02
5.274832925107329762e-02
5.221675752336159271e-02
5.212542112171649616e-02
5.301187368249520721e-02
5.248760103667154953e-02
5.577100430382415930e-02
5.222341867676004445e-02
5.225717873452231238e-02
5.316326879523694537e-02
5.178253915114328088e-02
5.295168493688106465e-02
5.248037810856476248e-02
5.250293989758938323e-02
5.208452471066266076e-02
5.183971198927610907e-02
5.225598671659827110e-02
5.236479821009561164e-02
5.224699892057105971e-02
5.217465048842132025e-02
5.348224549973383535e-02
5.156148345395922955e-02
5.198698002239689198e-02
5.304136419715359957e-02
5.348657134268432894e-02
5.256703279353678454e-02
5.206391701754182338e-02
5.234980584727600555e-02
5.246570918848737775e-02
5.454744556080549922e-02
5.253309627948328508e-02
5.187813031952828030e-02
5.266487791389226625e-02
5.172146312613040003e-02
5.144569651922210884e-02
5.147100955201312777e-02
5.127483688388019545e-02
5.098522604070603731e-02
5.213236099109053862e-02
5.251178066805005373e-02
5.148558406997472137e-02
5.167190336249768978e-02
5.127925981115549758e-02
5.249896863801405134e-02
5.154738966748118739e-02
5.202510358719154848e-02
5.177896165801212230e-02
5.208807077864185259e-02
5.221054920181632253e-02
5.292034944472834290e-02
5.158335996046662514e-02
5.289548137877136263e-02
5.146256216615438528e-02
5.106630435865372464e-02
5.153539240686223072e-02
5.210271839424968077e-02
5.169656471768394046e-02
5.213617528881877433e-02
5.285546347638592213e-02
5.222725163539871512e-02
5.152173163322731897e-02
5.173731811717152684e-02
5.185318872658535583e-02
5.147939401585608504e-02
5.237950881896540761e-02
5.208633783832192221e-02
5.221726873237639982e-02
5.204994861828163288e-02
5.209889509854838396e-02
5.176343400636687631e-02
5.171443684864789059e-02
5.256278610462322698e-02
5.162486961623653781e-02
5.241993690328672351e-02
5.138408651342615818e-02
5.161865875218063504e-02
5.305516331642866346e-02
5.335216217162087882e-02
5.202933832444250895e-02
5.145596753899008002e-02
5.275584914488717914e-02
5.209484380390495134e-02
5.387469500349834767e-02
5.260483898129314495e-02
5.252378480369224861e-02
5.178937005763873530e-02
5.248232943890616259e-02
5.168083666078746030e-02
5.199047041637822747e-02
5.144449482159688808e-02
5.256927206320688439e-02
5.196758901886641691e-02
5.219780403329059293e-02
5.288046630611643178e-02
5.130577126750722472e-02
5.166950698941946002e-02
5.215266603976487919e-02
5.163141263322904712e-02
5.168118408787995832e-02
5.163546348968520855e-02
5.249560590088367396e-02
5.117849470907822468e-02
5.173694328404963155e-02
5.145672277035191755e-02
5.270929004950448971e-02
5.134161368478089293e-02
5.143122910382225826e-02
5.200278065958991586e-02
5.287378101702779748e-02
5.199453626247122623e-02
5.180015083495527473e-02
5.208953799074515778e-02
5.257754875766113695e-02
5.272439655428752536e-02
5.156875726999714943e-02
5.209468110743910307e-02
5.305005250126123423e-02
5.206122582359239137e-02
5.232455335045233663e-02
5.136282626958563885e-02
5.210086983582004616e-02
5.232766980910674021e-02
5.131386669818312207e-02
5.240399067895486901e-02
5.078881330369040131e-02
5.139335997728630701e-02
5.100530838919803411e-02
5.170624895999208215e-02
5.335831249179318753e-02
5.151483698980882653e-02
5.147776129189878674e-02
5.193554405029863347e-02
5.168536075996234963e-02
5.188636003388091833e-02
5.271291570272296917e-02
5.266419796831905975e-02
5.137345270020887006e-02
5.218092863168567741e-02
5.153773732017725984e-02
5.190910477936267614e-02
5.332365800673142392e-02
5.099695791117846849e-02
5.229974174452945573e-02
5.159771009208634351e-02
5.214395016757771700e-02
5.148060900392011086e-02
5.146686571557074902e-02
5.069647258101030868e-02
5.177688182843848824e-02
5.125382837140932818e-02
5.211369910975918035e-02
5.291856160154566335e-02
5.146390495682134913e-02
5.162341707060113388e-02
5.166426543658599047e-02
5.264226909633725610e-02
5.231405330263078080e-02
5.117455802951008381e-02
5.160014169244095394e-02
5.215024709841236533e-02
5.204732310771942316e-02
5.134043413307518011e-02
5.174164374498650687e-02
5.116400616383180028e-02
5.152116456720978038e-02
5.133784657204523705e-02
5.097778318542987158e-02
5.225656115589663586e-02
5.156719771632924804e-02
5.095966391684487312e-02
5.059115266520530091e-02
5.277438044827431618e-02
5.140485918708145863e-02
5.402970090694725336e-02
5.153666111361235314e-02
5.184771462064236697e-02
5.115918297693133193e-02
5.140028794202953361e-02
5.118642732035368764e-02
5.330037310672924161e-02
5.138748159958049511e-02
5.178817248716950650e-02
5.144653726229444363e-02
5.170901534892618362e-02
5.107620840426534137e-02
5.133628592127933987e-02
5.216466470947488804e-02
5.194799765292554966e-02
5.136581224389374228e-02
5.190160938818007968e-02
5.175983800645917593e-02
5.311519472766667443e-02
5.150703099276870284e-02
5.120471334829926335e-02
5.128360723750665512e-02
5.099834975088015504e-02
5.117436362244189019e-02
5.084283824544399977e-02
5.203955208417028466e-02
5.091516690235584758e-02
5.123818623647093812e-02
5.031130857160314579e-02
5.130010667117312212e-02
5.176655449904501299e-02
5.135375545592978791e-02
5.164680239558219754e-02
5.255181320849806187e-02
5.114215123560279797e-02
5.171441856492310640e-02
5.206593383289873783e-02
5.241435995418578658e-02
5.103893859498202790e-02
5.183876785403117304e-02
5.197032125201075936e-02
5.180377556942403205e-02
5.110455203009769271e-02
5.152992621809244361e-02
5.098119599558412901e-02
5.064988196780904894e-02
5.170521623827516872e-02
5.057493999740109158e-02
5.154829043755308066e-02
5.099350442737340949e-02
5.325239000329747702e-02
5.067674873117357370e-02
5.076903557358309477e-02
5.125529277464374589e-02
5.041086424747481809e-02
5.123873788025230108e-02
5.268214942654594890e-02
5.169186617899686198e-02
5.221408745180815270e-02
5.175861552450805592e-02
5.225961141847074165e-02
5.221931915683671738e-02
5.086215368099510775e-02
5.061612739972769920e-02
5.217008760338649048e-02
5.162134711584076552e-02
5.131721190875396243e-02
5.186366023868322489e-02
5.175789058813825422e-02
5.205993074504658424e-02
5.100641681253909737e-02
5.098105127364396805e-02
5.053406617604196127e-02
5.126151762157678260e-02
5.150176723301410492e-02
5.134163803374394708e-02
5.069791820459067927e-02
5.041262431070208522e-02
5.096493356442079181e-02
5.118910613283515071e-02
5.133650093525648356e-02
5.215245814155787529e-02
5.051247187051922244e-02
5.063864776352420410e-02
5.135254816524684185e-02
5.210823520831763672e-02
5.118001780379563548e-02
5.122943963902071296e-02
5.159903370542451989e-02
5.048394064838066658e-02
5.227075498364865819e-02
5.084739633556455141e-02
5.119087192090228389e-02
5.106439388124272422e-02
5.146302504045888876e-02
5.162216414278373439e-02
5.175076683331281124e-02
5.133440497284755266e-02
5.251985129946842856e-02
5.101781932171434164e-02
5.116191391972824826e-02
5.190020748926326560e-02
5.107731005921960221e-02
5.107277760654688192e-02
5.079092422174289606e-02
5.234703734843060285e-02
5.117851066030561918e-02
5.102686116239055908e-02
5.077123385947197864e-02
5.090870570763945252e-02
5.150691856769844951e-02
5.044422923959791805e-02
5.097900379123166542e-02
5.103165990207344377e-02
5.119857178255915464e-02
5.410659799491986804e-02
5.036682297801598623e-02
5.179592800512909656e-02
5.142083957185968751e-02
5.180368512542918302e-02
5.133308546245098081e-02
5.149695967137813551e-02
5.150669321231544223e-02
5.120253370935097526e-02
5.067396416282281268e-02
5.136471163621172259e-02
5.165850119292735715e-02
5.047711415868252199e-02
5.073429797263816210e-02
5.136516456957906235e-02
5.107811309210956441e-02
5.069785915873945004e-02
5.174551185825839589e-02
5.064447164349258207e-02
5.116937117837369597e-02
5.106384312780574281e-02
5.076963815605267660e-02
5.065568674681707878e-02
5.110170918097719367e-02
5.107938129175454423e-02
5.086671458464115531e-02
5.349940912425518030e-02
5.118850789498537862e-02
5.170864491397515056e-02
5.340021041547879377e-02
5.057799760485068297e-02
5.077711714012548422e-02
4.994378336425870507e-02
5.197203579777851662e-02
5.173278527846560115e-02
5.083693146379664879e-02
5.224611401930451260e-02
5.238614730443805212e-02
5.041144394222647068e-02
5.050883672526106094e-02
5.101575150340795228e-02
5.095413392363116328e-02
5.078915000148117448e-02
5.133058368274941857e-02
5.072608780069276513e-02
5.056098503200337491e-02
5.118504948122427206e-02
5.073905927082524026e-02
5.222356840502470621e-02
5.111651332303881329e-02
5.173323102295399045e-02
5.095987377641722493e-02
5.156023430684581604e-02
5.083753885840996967e-02
5.167678575729951068e-02
5.147568099526688562e-02
5.055660082958638585e-02
5.105760416155680909e-02
5.113835873082279992e-02
5.060926485527306867e-02
5.174557586386799996e-02
5.096174062835052282e-02
5.139299432095140174e-02
5.127794016571715630e-02
5.093007346428930771e-02
5.054946677898988078e-02
5.085089607490226454e-02
5.066322490153834374e-02
5.052368909958750154e-02
5.135678913304582427e-02
5.031313911778852177e-02
5.061930750543251756e-02
5.078117221081629440e-02
5.092013611132278905e-02
5.088768085511401196e-02
5.100538050523027722e-02
5.113494013715535330e-02
5.106087420647963809e-02
5.166346898674965132e-02
5.134491253085434609e-02
5.101432130159810202e-02
5.155923525243997357e-02
5.037168451771140143e-02
5.091970343142748073e-02
5.088868340058252254e-02
5.049477809527888605e-02
5.136911242688074752e-02
5.084569313237443516e-02
5.047518632281571688e-02
5.052426949888468022e-02
5.092542753694578872e-02
5.134358476335183080e-02
5.113247065851465184e-02
5.086415264708921136e-02
5.103336855210363621e-02
5.049807570036500548e-02
5.063163174409419237e-02
5.241717779450118242e-02
5.174758066702633830e-02
5.078723508585244323e-02
5.063314107013866527e-02
5.130848536128178317e-02
5.102584447432309545e-02
5.109870542166754931e-02
5.162006072141230029e-02
5.099816469056531881e-02
5.064554968941956808e-02
5.083132796222344235e-02
5.130587957147508815e-02
5.082105609122664069e-02
5.153205221332609470e-02
5.151411455310880849e-02
5.122318542515859330e-02
5.054278195649385130e-02
5.042594485962763329e-02
5.176175158750265931e-02
5.071979946689680191e-02
5.162465641787275517e-02
5.029177753580733878e-02
5.055273502925410750e-02
4.997830774635076551e-02
5.046085376851260768e-02
5.126292938832193585e-02
5.023734431387856525e-02
5.191089051403105503e-02
5.350775308813899428e-02
5.011047504981979567e-02
5.170117346895858335e-02
5.025596856744959928e-02
5.160445134760811847e-02
5.224472579685970897e-02
5.155396814877167416e-02
5.076122396811842685e-02
5.167492953501641451e-02
5.075619265809655500e-02
5.111264912039041597e-02
5.189374036155641051e-02
5.059357162145897840e-02
5.190275645721703635e-02
5.113723642705008537e-02
5.082206205977127245e-02
5.031770544359460279e-02
5.082926072739064882e-02
5.067354503460228671e-02
5.039805774250999404e-02
5.051668538944795867e-02
5.283256442938000230e-02
5.117112612538039784e-02
5.108726192638277791e-02
5.060675858706235875e-02
5.138205148093402674e-02
5.088255584985017926e-02
5.126956330146640456e-02
5.059676603507250875e-02
5.093017587438225524e-02
5.151918003149330572e-02
5.078920587012544091e-02
5.060386085789650434e-02
5.054527326254174002e-02
5.125384888239204600e-02
5.123517932556569815e-02
5.126334207225590606e-02
5.188780708564445093e-02
5.071041977452114130e-02
5.053249422740191399e-02
5.055814901879056994e-02
5.030529243405908180e-02
5.131350549031048897e-02
5.077650472009554578e-02
5.101881384663283642e-02
5.175473285792395184e-02
5.115905060339719090e-02
5.058156418520957237e-02
5.041773235099390044e-02
5.116804791195318086e-02
5.118198659550398516e-02
5.087980939727276830e-02
5.075790905021131116e-02
5.033102536620571998e-02
5.060943260183557724e-02
5.092329313838854510e-02
5.070087087806314508e-02
5.025889693293720401e-02
5.070459156576544169e-02
5.084235267993062607e-02
5.060595367942005707e-02
5.137435733899474444e-02
5.100642073107883312e-02
5.032631772663444247e-02
5.056804196862503542e-02
5.088118821941316205e-02
5.086587596451863647e-02
5.207759678224101879e-02
5.048291017720475671e-02
5.001429376332089394e-02
4.983788165124133224e-02
5.186401233822107021e-02
5.158774589467794019e-02
5.003687770990655065e-02
5.059888481767848417e-02
4.984489283943548815e-02
5.077501730015501064e-02
5.087708443589508689e-02
5.046923710918053974e-02
5.041398402769118464e-02
5.020722488686442386e-02
5.048294610576704172e-02
5.108292535087093772e-02
5.039429805241524979e-02
5.011414446914568693e-02
4.962290008272975811e-02
5.085000756941735617e-02
5.080920426920056132e-02
5.081826679548248626e-02
5.048925317265093304e-02
5.067707917559891723e-02
5.094240163778886166e-02
5.086710779322311388e-02
5.146084948861971708e-02
5.126262270705774643e-02
5.034557292098179593e-02
5.086751740891486129e-02
5.109100642101839507e-02
5.005385577958076926e-02
4.984121047239750690e-02
5.071082389447838235e-02
5.067068298812955895e-02
5.132487832428887786e-02
5.039826492359861937e-02
5.049218716705217852e-02
5.141239850316196847e-02
5.036354295304044937e-02
5.062031471077352990e-02
5.146440574759617720e-02
5.097375011350959578e-02
5.160829263273626621e-02
5.126849931618198547e-02
5.059896852681413509e-02
5.054653906682506082e-02
5.101227217121049456e-02
5.144160513393580825e-02
5.099452329939230949e-02
5.190972319524735090e-02
5.052578599331900705e-02
5.053848245088011365e-02
5.056714878091588677e-02
5.026206288253888543e-02
5.110886811139062069e-02
5.036960636358708138e-02
5.181712439097464068e-02
5.035765174636617353e-02
5.125416556932032436e-02
5.082438722439110157e-02
5.081645554490387545e-02
5.101886166911571985e-02
5.109370622504502690e-02
5.027676685294136388e-02
5.109235961036756590e-02
5.016597470687702426e-02
5.126953461300581827e-02
5.030928070936351720e-02
5.043940312555059841e-02
5.125799814751371558e-02
5.083835657266899677e-02
5.147555571515113199e-02
5.178295442648232078e-02
5.263486409420147644e-02
5.124461652385071259e-02
5.094076845841482432e-02
5.002247673133387862e-02
5.117681896779686240e-02
5.011098894150927546e-02
5.045161958504468247e-02
5.050725717376917945e-02
5.041897095693275571e-02
5.039926248323172570e-02
5.037100388854742067e-02
5.040708120539784398e-02
5.116498477011918733e-02
5.083035626774654037e-02
5.043892956059425892e-02
5.184362587425857954e-02
5.023236579447984407e-02
5.028819425776601126e-02
5.088678400870412510e-02
5.090138979814946840e-02
5.148992749769240596e-02
5.300895202532410894e-02
5.321247332403436503e-02
5.039545886125415541e-02
5.042663188604638164e-02
5.124274704046547640e-02
5.111741275805979645e-02
5.000694240676239327e-02
5.126169432140886828e-02
5.107450622320175437e-02
5.088434538943693158e-02
5.008797826524823832e-02
5.049632316734641718e-02
5.044276971695944856e-02
5.135055825440212884e-02
5.012642508652061235e-02
5.098733703838661396e-02
5.035543049871921834e-02
5.056123285181820387e-02
5.040178339555859838e-02
5.034163415944203912e-02
5.011897283419966542e-02
5.043157860916108043e-02
5.006765263481065958e-02
5.046627839840948926e-02
5.117162068793550123e-02
5.070394155383110141e-02
5.064211585093289503e-02
5.025131169520318658e-02
5.065787433553486929e-02
5.166093025961891044e-02
5.059448936767876187e-02
5.086633455613628202e-02
5.063701461814344024e-02
5.007361604738980870e-02
5.067048753472044864e-02
5.075991744780913167e-02
5.167143055610358415e-02
5.013703929120674752e-02
5.042348548676818532e-02
5.039093777770176780e-02
5.071860849810764377e-02
5.074511326337233230e-02
5.062179665360599934e-02
5.061367047671228719e-02
5.045198587607592489e-02
5.166602732334286269e-02
5.048915547225624190e-02
5.095638533635064860e-02
5.113953885156661411e-02
5.105651942919939984e-02
5.030200301203877067e-02
5.081311242887750351e-02
5.018334207264706776e-02
5.017693572165444343e-02
5.189387653674930323e-02
5.202828525612130522e-02
5.028143447451293574e-02
5.038129528192803602e-02
5.068941207509487790e-02
5.015486596524715290e-02
5.026459404081105864e-02
5.031886275438592071e-02
5.055475620040669749e-02
5.032398786908015564e-02
5.241584822349250328e-02
5.038983197743072961e-02
5.109111140249297106e-02
5.056741331564262171e-02
5.018877367721870375e-02
5.075231796083971847e-02
4.969822230469435331e-02
5.030159656284376862e-02
5.040992465754971091e-02
4.970540798455476417e-02
5.033796340506523775e-02
4.995744862221181137e-02
5.083297064481302752e-02
5.047420693933963448e-02
5.008610992366448189e-02
5.055911340331658427e-02
5.053883272595703635e-02
5.229959433292970250e-02
5.078463153960183218e-02
4.957668589707463908e-02
5.026602599071338523e-02
5.074355316720902814e-02
5.115151332039385990e-02
5.027778484718874175e-02
5.041204198496416350e-02
4.963874760596081320e-02
5.040542250592261464e-02
5.076945863664149988e-02
5.248377102147788048e-02
5.097636738326400546e-02
5.036754528805613418e-02
5.030516581516712715e-02
4.979052341217175132e-02
5.013844361342489897e-02
5.081234287424012813e-02
4.993525144970044349e-02
4.961017066705972201e-02
5.090948884654790396e-02
5.051913581136614068e-02
5.083480189228430091e-02
5.098433755012229257e-02
5.010674397833645571e-02
5.162882162118330454e-02
5.060284090647473865e-02
5.114579366706311497e-02
5.044586928933859210e-02
5.004660349991172513e-02
5.062024331698194296e-02
5.052195108961313880e-02
5.029479088587686386e-02
5.020090376399457405e-02
5.081752260541543692e-02
5.038306982535868672e-02
5.050792600633576684e-02
5.012901031412184127e-02
5.021409247256815311e-02
5.199254786968231234e-02
5.020301070390269238e-02
5.040103216143324710e-02
5.028955175681039391e-02
5.029976630583405522e-02
5.022078378126024895e-02
5.047988941380754380e-02
5.160938550299033756e-02
5.068730956735089527e-02
5.047959190467372209e-02
5.061190563719719648e-02
5.026049084914847864e-02
5.033156171673908857e-02
5.008493183739483323e-02
5.052289248304441677e-02
5.069097464391961877e-02
5.019487496232613588e-02
5.093391584791243099e-02
5.057817257614806439e-02
5.122216343134641803e-02
