7.916807421017438284e-02
6.522557446453720875e-02
6.249140939582139426e-02
6.100600556004792674e-02
5.961361904162913727e-02
5.899457078427076256e-02
5.790993154328316628e-02
5.770017567463218977e-02
5.729925919044762811e-02
5.615868417359888565e-02
5.580571509897708921e-02
5.619567140098661456e-02
5.533408531919122020e-02
5.538336508907377997e-02
5.480263638682663502e-02
5.444340673461556257e-02
5.447986167017370568e-02
5.389602489583194406e-02
5.344516982790082499e-02
5.351972767524421082e-02
5.319317186251282942e-02
5.292280178610235530e-02
5.314656924363225787e-02
5.248946213163435681e-02
5.247886503301561062e-02
5.238848062325268673e-02
5.229920616652816712e-02
5.105234393291175482e-02
5.224905914254486528e-02
5.164847873989492771e-02
5.191138340719043953e-02
5.183247668854892160e-02
5.107341063674539217e-02
5.175982848089188265e-02
5.167068627849220885e-02
5.173067650012672103e-02
5.159271962847560705e-02
5.093446561135351464e-02
5.085767086874693615e-02
5.151043062098323994e-02
5.096918364148587260e-02
5.051989299524575761e-02
5.077087727375328291e-02
5.075541912112385007e-02
5.036034677829593492e-02
5.065422563627362124e-02
5.069003691151738322e-02
5.065778881404548600e-02
5.062559400126338122e-02
5.061821998376399290e-02
5.002535159885883320e-02
5.030630003754049673e-02
5.011979021690785713e-02
4.992354063503444406e-02
5.030632854066788978e-02
5.011258135922252999e-02
4.989096251502633111e-02
4.993716783914715213e-02
4.960584492050111594e-02
4.949963351525366040e-02
5.025531821418553757e-02
4.974955814983695462e-02
4.961189038585871180e-02
4.917112723737954855e-02
4.966186671704053701e-02
4.927720286138355388e-02
4.963420099392533424e-02
4.888112485874444163e-02
4.888114935811609107e-02
4.965118022542446691e-02
4.934281647484749234e-02
4.940335536468774130e-02
4.924435451067984276e-02
4.905703006219119117e-02
4.862475806660949973e-02
4.894961654953658425e-02
4.812260637991130213e-02
4.909442383795976916e-02
4.910377247724682231e-02
4.894397807866334577e-02
4.917887717671692166e-02
4.852871455438435150e-02
4.959764121659099995e-02
4.926708034053444568e-02
4.823589438851922512e-02
4.890804180689155983e-02
4.852875750698149027e-02
4.837519789207726795e-02
4.869347335305065222e-02
4.866388386394828597e-02
4.843906999938189795e-02
4.827433102391660152e-02
4.825211384799331371e-02
4.803107017278671065e-02
4.832308633811771559e-02
4.846618267148733450e-02
4.853270738851279270e-02
4.853103073965758102e-02
4.845307488739490631e-02
4.765851347986609088e-02
4.845823619514703917e-02
4.834081915766001020e-02
4.785901874396950029e-02
4.820475825667381448e-02
4.786274771764874314e-02
4.810322241950780453e-02
4.799204008933156962e-02
4.801149867661297366e-02
4.839374431036412572e-02
4.824262379202991918e-02
4.768202507589012346e-02
4.780764190480112780e-02
4.767462160717696185e-02
4.778612169716506958e-02
4.760654969979077888e-02
4.800908002350479098e-02
4.825204807054251505e-02
4.759189541544765062e-02
4.751624762080609854e-02
4.761260827444493970e-02
4.712632227968424625e-02
4.728363748826086566e-02
4.770276022423058926e-02
4.764655835460871597e-02
4.790978071838617597e-02
4.721245769504457679e-02
4.793149523902684450e-02
4.739797737821936641e-02
4.745870051905512477e-02
4.716263870336115382e-02
4.763446663226932054e-02
4.713308654818684079e-02
4.744343231059610505e-02
4.728011655900627580e-02
4.745602734107524229e-02
4.691002881899476035e-02
4.721844899747520974e-02
4.672473305091261880e-02
4.742832876369357242e-02
4.744059855584055463e-02
4.736752707138657675e-02
4.699025204684585677e-02
4.747370796278119198e-02
4.695574895013123612e-02
4.741961572971194888e-02
4.752200503367930845e-02
4.741694045905023996e-02
4.734838547464460118e-02
4.735667900647968359e-02
4.731823933217674250e-02
4.751440898794680873e-02
4.708569133281707841e-02
4.705139889288693922e-02
4.706813888158649373e-02
4.701359944697469651e-02
4.680512767843902217e-02
4.730799012817442362e-02
4.693916675169020752e-02
4.715777411404997038e-02
4.680916419345885343e-02
4.725875127408653287e-02
4.733378355856984743e-02
4.675918470975011509e-02
4.651822854205966279e-02
4.623273664433508873e-02
4.696673525776714347e-02
4.711090710945427251e-02
4.703783974237740056e-02
4.644871161505580159e-02
4.721461103297770051e-02
4.703913580998778099e-02
4.679110969603061942e-02
4.653534466959535765e-02
4.705700078886002058e-02
4.714405943360179541e-02
4.687352032121271106e-02
4.640031338669359934e-02
4.652425177022814773e-02
4.674371859151869868e-02
4.672736997157335426e-02
4.696606855839490641e-02
4.695077157951891428e-02
4.702910895086825221e-02
4.679398843646049438e-02
4.668137817271053591e-02
4.676981353107839690e-02
4.650812349561601888e-02
4.650601155869663050e-02
4.684487510751932787e-02
4.689036646485328363e-02
4.654359219968318834e-02
4.682288252096623166e-02
4.666654860507696984e-02
4.670994412340223612e-02
4.678470486868172712e-02
4.667633972875773890e-02
4.632777384761720824e-02
4.625997712649405208e-02
4.661501783877611271e-02
4.686705598887055957e-02
4.670005578082055131e-02
4.676596044283360537e-02
4.686388233583420326e-02
4.632140844129026269e-02
4.677891584672033698e-02
4.682095597777515689e-02
4.684790698159486261e-02
4.657902319636195859e-02
4.661227623000741005e-02
4.634004888869822092e-02
4.692109759245068068e-02
4.642756923567503691e-02
4.673056962434202211e-02
4.611777686234563856e-02
4.681809438206255281e-02
4.621147008053958644e-02
4.656133724935352519e-02
4.604025433305650866e-02
4.618373507726937499e-02
4.517735513299703937e-02
4.693383847456425451e-02
4.640913068037479799e-02
4.666482319403440077e-02
4.634444191958755205e-02
4.640022341627627472e-02
4.632452248409390377e-02
4.668715638853609268e-02
4.656240100599825377e-02
4.614888250082731236e-02
4.649781410768628193e-02
4.652098923735320524e-02
4.645452240668237337e-02
4.675639148335904161e-02
4.634619088098406586e-02
4.656607744190841697e-02
4.639705793373286730e-02
4.635285889077931515e-02
4.632259365823120090e-02
4.621372620668261905e-02
4.604424748569727055e-02
4.614280061237514136e-02
4.632572211977094290e-02
4.627770124748348951e-02
4.663272065855562920e-02
4.520453587919473493e-02
4.621361236739903594e-02
4.637077234033495227e-02
4.593810753617435377e-02
4.605109723284840639e-02
4.642247998528182401e-02
4.556636144313961495e-02
4.606557428464293225e-02
4.594924266170710009e-02
4.591545177809894240e-02
4.600881000235676477e-02
4.598846744559705046e-02
4.578245049994438681e-02
4.588598134368657849e-02
4.578110386617481598e-02
4.602793282177299050e-02
4.653338720183819444e-02
4.620746685750782429e-02
4.603953664936125123e-02
4.611589203868061287e-02
4.584645125828683276e-02
4.606519090943038408e-02
4.596437183115631431e-02
4.607643413450569075e-02
4.596450469084083917e-02
4.626785314921289666e-02
4.630612557847052502e-02
4.626134869083762396e-02
4.594779676757752840e-02
4.523703994881361767e-02
4.673307599592953915e-02
4.579324159678072048e-02
4.614551012963056392e-02
4.571311663370579426e-02
4.622525615338236166e-02
4.510069213155656898e-02
4.575657530874013834e-02
4.584839051496237411e-02
4.600911177322268564e-02
4.622086535952985020e-02
4.605907333083450461e-02
4.572201238851994476e-02
4.557363494951278265e-02
4.588298230804502970e-02
4.609519441146403551e-02
4.568029311019927013e-02
4.587030866090208159e-02
4.578081786446273199e-02
4.591490352898836003e-02
4.599403377249836750e-02
4.582343977130949597e-02
4.576748966239392591e-02
4.608129150606692093e-02
4.617844607681036162e-02
4.601671093422919634e-02
4.601167206373065616e-02
4.595591671019792768e-02
4.573333605565130938e-02
4.552626142930239761e-02
4.610283708758652205e-02
4.541544282436370955e-02
4.518069971073419150e-02
4.581206329446285697e-02
4.603047120757400995e-02
4.590449772216379648e-02
4.578893248736858046e-02
4.564372153021395428e-02
4.599426484853029462e-02
4.535019439551979392e-02
4.576564307045191682e-02
4.550692152976990035e-02
4.567086049728095315e-02
4.603220623545348916e-02
4.586292744241654562e-02
4.592901523038744882e-02
4.574258349090814385e-02
4.614673080202191802e-02
4.510359042510390243e-02
4.521354076918214504e-02
4.598008198942989122e-02
4.540598267503082736e-02
4.588944214396178944e-02
4.566039509233087157e-02
4.581414533685893020e-02
4.594301235768943892e-02
4.558353761211037664e-02
4.520319210272282645e-02
4.579183417744934342e-02
4.530425053834915422e-02
4.516535234730690435e-02
4.564349680673331078e-02
4.578463105391711307e-02
4.528203756455331797e-02
4.593183497432619389e-02
4.578543449938297233e-02
4.592343597020953627e-02
4.592513456195592564e-02
4.561439847294241484e-02
4.593122656829655426e-02
4.577469134237617532e-02
4.537944437097757994e-02
4.528609248436987061e-02
4.585774581227451685e-02
4.591192414052784609e-02
4.581802531238645532e-02
4.467043652199208931e-02
4.556618351768702141e-02
4.509090759698301809e-02
4.517493892181664861e-02
4.525699196662753832e-02
4.557705540116876314e-02
4.567000723630190023e-02
4.536696332879364829e-02
4.541406884510069963e-02
4.569868682511150915e-02
4.542735492251813445e-02
4.561966807395220064e-02
4.574315257743000879e-02
4.497638422716408735e-02
4.566638700850307597e-02
4.581918108370155313e-02
4.508519196882843777e-02
4.554175136983394656e-02
4.570617910474538553e-02
4.545420694630593339e-02
4.507606923766434293e-02
4.571300597023218726e-02
4.543136341311037468e-02
4.558871182240546022e-02
4.564900803565979243e-02
4.587061691191047369e-02
4.536191354785114316e-02
4.571058601420372597e-02
4.494194965343922127e-02
4.563242356572300151e-02
4.478347926679998592e-02
4.556763779930770447e-02
4.520715420786291378e-02
4.529677508119493712e-02
4.580636721570044423e-02
4.532421509176493002e-02
4.495317385625094420e-02
4.572067116200923681e-02
4.535727130528539180e-02
4.523212672956287983e-02
4.536682565417140406e-02
4.574439541529864289e-02
4.574243277776986194e-02
4.518747828714549802e-02
4.561504330579191357e-02
4.543198393378406613e-02
4.547558362875133570e-02
4.517298122309148373e-02
4.537496680393814791e-02
4.474328709580004115e-02
4.525088685937225796e-02
4.514022898674011075e-02
4.497506810445338343e-02
4.540698865428566960e-02
4.585664971265941692e-02
4.551119835954159365e-02
4.550486244447529000e-02
4.523859443794935736e-02
4.508860642369836441e-02
4.451562217902391844e-02
4.579533858783543104e-02
4.552679502125829558e-02
4.526250067725777482e-02
4.573884460888803100e-02
4.569710561074316613e-02
4.521631125733256013e-02
4.494287135358900065e-02
4.541990562435239270e-02
4.538472535740584179e-02
4.550936174020171060e-02
4.569190798047929880e-02
4.514761831145733262e-02
4.560919306986033900e-02
4.543385976925492370e-02
4.523046366963535264e-02
4.522028018999844912e-02
4.442704926338046645e-02
4.515580343641340672e-02
4.513382732868194414e-02
4.520023159030824716e-02
4.529214673209935177e-02
4.551866898592561717e-02
4.504386653844267424e-02
4.544352445565164045e-02
4.508458646666258646e-02
4.536818446498364077e-02
4.543566372059285735e-02
4.546821274608373736e-02
4.522207557689398444e-02
4.516343692038208429e-02
4.516581128351390695e-02
4.494549998827278292e-02
4.477594589348882215e-02
4.549756261333823271e-02
4.566261947248131253e-02
4.541002374514937351e-02
4.530442107934504886e-02
4.526998489629477374e-02
4.549195815622806421e-02
4.475365998595953049e-02
4.485291593894362439e-02
4.554375626705586821e-02
4.511021746695041690e-02
4.448723900690675082e-02
4.564229286834597249e-02
4.545997149590402797e-02
4.524296713247895341e-02
4.543605356011539559e-02
4.484655920509249272e-02
4.480842567607760257e-02
4.526480657048523315e-02
4.502321694418787851e-02
4.528734241332858790e-02
4.525168054644018722e-02
4.550161377899348408e-02
4.474159641005098775e-02
4.537874417752027489e-02
4.469895066320896115e-02
4.539748711325228281e-02
4.569087586645036864e-02
4.512077151238918366e-02
4.443571475241333418e-02
4.522174727823585066e-02
4.499175539892166786e-02
4.528421511966734814e-02
4.526863875240087765e-02
4.531532564852387007e-02
4.502647379226982355e-02
4.537365338020026700e-02
4.430553048383444742e-02
4.556513447593897592e-02
4.533392054215073380e-02
4.537951821833848681e-02
4.526785670593380662e-02
4.491397467814385591e-02
4.533132309466600396e-02
4.512297177035361206e-02
4.521421692986041241e-02
4.527479860652237897e-02
4.509698334336281061e-02
4.508033532742410782e-02
4.529781575966626561e-02
4.496937031205743701e-02
4.495497141499072563e-02
4.546619396656751549e-02
4.507491141278296976e-02
4.507043217029422372e-02
4.514589761942625068e-02
4.501658512558787822e-02
4.502739484235644685e-02
4.551979578472673676e-02
4.500546370074152980e-02
4.529132577497511913e-02
4.496756640635430485e-02
4.505636716727167562e-02
4.522623284067958660e-02
4.491760534513741798e-02
4.465410619322210395e-02
4.560349659342318590e-02
4.498366307374090239e-02
4.509249407704919721e-02
4.537247193232178677e-02
4.513892205618321579e-02
4.525702983234077686e-02
4.473236702848226026e-02
4.475513490196317279e-02
4.507003234140574688e-02
4.478324566315859678e-02
4.532945279218256185e-02
4.524314359482378006e-02
4.448145632352679818e-02
4.542307474650442850e-02
4.503034425619989456e-02
4.508371878601610816e-02
4.517872938606887906e-02
4.522343174833804574e-02
4.432249672710895233e-02
4.527093785721808539e-02
4.490144341532140843e-02
4.509661059267818656e-02
4.499441714491694833e-02
4.490973693132400274e-02
4.515089027862995846e-02
4.509900949522852726e-02
4.483777892682701272e-02
4.524034349806606986e-02
4.464704619348049131e-02
4.502606315165758044e-02
4.517871297150850146e-02
4.516208977624774218e-02
4.469586995523423117e-02
4.491049431357532762e-02
4.522552641667425960e-02
4.478344809170812374e-02
4.510877143871039330e-02
4.510375787038355816e-02
4.478144894354045558e-02
4.533005529269575756e-02
4.490045749582350504e-02
4.486418602801859473e-02
4.491505277622491465e-02
4.514518806431442460e-02
4.497585026081651199e-02
4.474826884083450002e-02
4.531881485972553275e-02
4.541289350297302019e-02
4.521461044438183224e-02
4.424655249621719383e-02
4.504718420561402981e-02
4.491780003439634766e-02
4.390432043373584947e-02
4.535350760072470039e-02
4.525808926485479222e-02
4.524151113256812129e-02
4.507410047762096250e-02
4.511375504545867693e-02
4.499587247986346766e-02
4.492950712889432624e-02
4.500251647457480242e-02
4.505602727737277602e-02
4.502653373777866508e-02
4.489316862542182263e-02
4.471408359520137599e-02
4.479851249605417557e-02
4.527592886704951552e-02
4.500036302767693869e-02
4.507912871520966536e-02
4.488757656980305738e-02
4.526182773243635910e-02
4.455401019752025515e-02
4.474026037566363606e-02
4.512007889710367009e-02
4.506380975432693753e-02
4.524524630699306577e-02
4.470922735705971929e-02
4.517763356398791369e-02
4.439635980222374212e-02
4.477162773907184673e-02
4.467458673659711887e-02
4.490761748794466074e-02
4.486359696369618399e-02
4.453226362541318206e-02
4.506980635598301782e-02
4.493777175154536896e-02
4.479806865099817542e-02
4.480868012178688964e-02
4.494481132738292056e-02
4.484407229069620193e-02
4.489217259362340146e-02
4.482457987498492114e-02
4.393709215056151168e-02
4.490520786494016370e-02
4.466910739429295202e-02
4.436579266376793063e-02
4.516954352241009385e-02
4.494266163278370918e-02
4.530152924638241457e-02
4.449054948426783146e-02
4.457225756533443606e-02
4.516422308515757184e-02
4.490849187131971260e-02
4.499515435937791880e-02
4.476457451935857840e-02
4.485805504489689954e-02
4.510289836488664411e-02
4.512480752822011637e-02
4.483404223248362713e-02
4.494941917899995809e-02
4.519474655576050104e-02
4.493556166440248328e-02
4.463877939339726958e-02
4.510304564144462097e-02
4.469232923910021471e-02
4.488055181410163796e-02
4.499844185728579804e-02
4.470697999373078602e-02
4.463886382337659692e-02
4.495281243324279752e-02
4.380896826088428314e-02
4.501944257225841406e-02
4.489137830026447562e-02
4.455644800979643994e-02
4.472303835768252911e-02
4.489250074140727770e-02
4.465573772974312100e-02
4.448999967891723029e-02
4.480421140510588984e-02
4.496258725784719329e-02
4.513608495146036181e-02
4.489850139617920094e-02
4.436702960450202016e-02
4.517577030695974633e-02
4.469433951191604387e-02
4.444959675986320108e-02
4.502239900641143155e-02
4.466511996369808973e-02
4.485065273754298976e-02
4.464575559832155427e-02
4.501788295339793217e-02
4.476407753583043492e-02
4.475974655803292845e-02
4.516466268338262952e-02
4.452479376085102802e-02
4.424906980805098922e-02
4.482977510057389869e-02
4.492108858190477227e-02
4.474523975793272268e-02
4.496338521689176304e-02
4.475188747327774746e-02
4.520797922275960473e-02
4.454459412675351032e-02
4.486605154722928673e-02
4.473391572572291142e-02
4.483506159018724874e-02
4.498305160086601973e-02
4.481247421633452466e-02
4.460676895361393585e-02
4.479634413029998791e-02
4.495292923878878300e-02
4.493519882671535154e-02
4.507649854104965603e-02
4.397654759325086982e-02
4.433665043953806395e-02
4.481595854926854333e-02
4.473405520059168389e-02
4.434697058796882585e-02
4.451181666832416950e-02
4.470522437337785815e-02
4.459823695570230145e-02
4.477852200344204642e-02
4.487490718625485736e-02
4.496740600001066651e-02
4.468959456868469571e-02
4.485349077172577636e-02
4.475792592670768677e-02
4.454923847410827836e-02
4.431211111787706353e-02
4.494566696789115828e-02
4.457683759741484786e-02
4.445765455625950990e-02
4.454488922748714441e-02
4.471319370903074908e-02
4.463069170806557157e-02
4.490290910098701516e-02
4.475726275146007377e-02
4.458672658354043833e-02
4.476755991950630981e-02
4.480937782116234391e-02
4.400081640854477949e-02
4.484320109803229676e-02
4.471702582482248861e-02
4.454341606143862042e-02
4.473102787416428222e-02
4.477588657196611421e-02
4.424725251644849588e-02
4.414458723273128465e-02
4.481234859395772513e-02
4.468975466117262874e-02
4.484904772881418561e-02
4.475344818364828531e-02
4.466519323457032731e-02
4.482163694594055309e-02
4.440502715297043462e-02
4.412934766989201618e-02
4.481721526011824691e-02
4.478586557693779724e-02
4.473145706951617978e-02
4.463756860326975606e-02
4.448893798515200781e-02
4.501054347585886628e-02
4.483106974698602976e-02
4.429476120602339473e-02
4.483817657548934410e-02
4.446076733246445700e-02
4.440747120231389872e-02
4.516572076175361800e-02
4.441662921104580497e-02
4.474312594998627879e-02
4.498949198983609454e-02
4.465985351987183244e-02
4.423417424503713752e-02
4.482025530375539912e-02
4.479877880588174072e-02
4.474052382633089686e-02
4.387620549090206351e-02
4.482819273322820319e-02
4.428254186455160557e-02
4.500167619716376188e-02
4.464005291927605756e-02
4.463593917153775570e-02
4.445573092997073816e-02
4.440264497511088593e-02
4.450767134688794757e-02
4.438779474142939135e-02
4.447029677499085565e-02
4.444569083303213236e-02
4.459357161168008704e-02
4.383095650654286052e-02
4.450811534654348922e-02
4.452753144688904180e-02
4.486464898753911301e-02
4.426314121484756225e-02
4.496732594631612512e-02
4.464310194272547855e-02
4.468629838246852143e-02
4.504582615010440522e-02
4.464590206183493420e-02
4.441043615899980396e-02
4.474292453285306365e-02
4.469305286370217623e-02
4.444422560185194021e-02
4.455742212478071285e-02
4.490669342037290068e-02
4.457358759734779408e-02
4.440271515399217550e-02
4.435284363850951206e-02
4.376638836599886645e-02
4.464927590917795730e-02
4.454378258716314848e-02
4.410824951156974011e-02
4.443407890945672706e-02
4.462366502080112457e-02
4.402640834171325096e-02
4.461937227193266131e-02
4.414455739874392770e-02
4.477862953767180326e-02
4.431261727586388588e-02
4.468692933395505135e-02
4.474789828155189414e-02
4.450183815043419477e-02
4.487270170822739435e-02
4.439912988804280841e-02
4.447701207548379609e-02
4.436742748785763718e-02
4.473614145908504786e-02
4.460929050110280791e-02
4.443328219093382186e-02
4.484548805747181482e-02
4.493902172986417864e-02
4.467372297029942319e-02
4.455911722406744740e-02
4.505506339576095115e-02
4.467727442737668558e-02
4.417701919004320826e-02
4.488160813413560185e-02
4.460875171422958030e-02
4.353624905180186050e-02
4.461302980780601501e-02
4.459965218044817381e-02
4.457649096008390460e-02
4.478824540786445485e-02
4.428507851157337250e-02
4.459005065821110975e-02
4.478375654481351470e-02
4.454476874228566891e-02
4.447233655117452389e-02
4.462014673650264995e-02
4.435656467266380770e-02
4.435673070140182944e-02
4.495197919197380793e-02
4.454245512839406784e-02
4.469016521610319481e-02
4.432227766700089222e-02
4.450018979236483596e-02
4.447275816183537261e-02
4.450918471068143756e-02
4.451686208974570125e-02
4.462040094472467799e-02
4.458482324890792464e-02
4.424555228371172821e-02
4.469202793575823007e-02
4.448063415661453884e-02
4.440055144857615183e-02
4.432788202632218649e-02
4.467764229606836779e-02
4.464375971071422172e-02
4.436631254106759847e-02
4.473231630865484587e-02
4.447990985121577645e-02
4.433600506559014220e-02
4.479063045326620029e-02
4.438185562752187258e-02
4.443814257066697193e-02
4.427072416525334314e-02
4.460871608462184390e-02
4.472153858467936560e-02
4.420099929533898714e-02
4.427489838376641451e-02
4.448935044091194974e-02
4.389942105859517829e-02
4.439527772832661812e-02
4.455660749319940994e-02
4.462891186680644634e-02
4.458621777966618321e-02
4.441743276081979580e-02
4.439733366295695038e-02
4.418895043339580303e-02
4.462388515565544195e-02
4.477046605478972319e-02
4.438380619138479477e-02
4.470329297147691144e-02
4.460599924065172805e-02
4.469322735536843810e-02
4.433807063661515668e-02
4.447481201123446026e-02
4.397682435903698533e-02
4.447803281713277185e-02
4.472107590455561693e-02
4.475444195047020846e-02
4.443792493082582978e-02
4.346493660565465406e-02
4.384104933030903012e-02
4.390821501892060164e-02
4.461701422743499096e-02
4.452834042347967453e-02
4.479697690159082507e-02
4.418511717673390821e-02
4.468207702226936751e-02
4.385954873822629774e-02
4.414696696680039251e-02
4.362451674230397036e-02
4.460869231820106806e-02
4.462491963151842683e-02
4.473748609889298400e-02
4.464234291855245784e-02
4.473860741779207839e-02
4.440744852926582081e-02
4.402166663762181742e-02
4.486412141844630525e-02
4.442141331639140600e-02
4.456187327113002306e-02
4.481839668750763062e-02
4.474117340985685892e-02
4.424228881485760267e-02
4.428139125276357030e-02
4.430267524346709340e-02
4.466684410627931590e-02
4.424374080635607581e-02
4.421290550380944928e-02
4.444032516423612744e-02
4.413360963203012688e-02
4.469801282975822965e-02
4.448207037057727575e-02
4.448395217675715774e-02
4.429336348269134749e-02
4.382987561263144288e-02
4.452627610880881270e-02
4.434540351945907150e-02
4.459463526215404205e-02
4.462939874175936295e-02
4.483486296236514901e-02
4.450100509449839842e-02
4.431999984569847534e-02
4.436853339243680000e-02
4.377989021036773898e-02
4.461359883937984772e-02
4.424014987424015888e-02
4.457704195939004438e-02
4.450793917197733846e-02
4.457382766809314667e-02
4.409630514401942369e-02
4.431744289025664474e-02
4.415110079385340530e-02
4.438208785932511169e-02
4.458459412679076361e-02
4.439353417046368322e-02
4.416340108402073278e-02
4.415137832704931625e-02
4.460640748124569677e-02
4.381003529764711940e-02
4.449718575924634795e-02
4.387251556292176558e-02
4.441272216476500195e-02
4.447405083570629691e-02
4.443190011195838340e-02
4.421168370917439444e-02
4.473521206807345302e-02
4.416307240072638030e-02
4.457859097421169176e-02
4.441181015968322793e-02
4.463384603802114658e-02
4.414533450547605820e-02
4.431004555709659731e-02
4.418827049527317141e-02
4.438030989095568396e-02
4.431461171712726410e-02
4.461910787317902027e-02
4.394541435316205030e-02
4.473524274304509218e-02
4.424793504178523712e-02
4.416643059998750370e-02
4.443505233246833330e-02
4.369278706796467238e-02
4.430751074198633482e-02
4.437329504080116810e-02
4.439087906666099731e-02
4.450021279323845835e-02
4.435234376974404175e-02
4.453139935899525642e-02
4.438928475510329347e-02
4.394875827897339743e-02
4.441859967540949528e-02
4.369162169843911897e-02
4.375946225412190305e-02
4.406184503063559355e-02
4.442670733109116421e-02
4.439247719757258986e-02
4.424604263156652756e-02
4.421506138704717204e-02
4.409342763852328040e-02
4.466533706430345779e-02
4.404676314257085362e-02
4.377680397965014181e-02
4.410249142162502023e-02
4.452832305990159223e-02
4.359539565071463701e-02
4.425855363160371980e-02
4.449721784517168821e-02
4.426946574635803877e-02
4.437681156210601663e-02
4.468144061230123337e-02
4.412132304254919035e-02
4.442991458531469345e-02
4.417402455210685946e-02
4.438927822560072289e-02
4.464070146530866451e-02
4.407851857785135413e-02
4.432889371644705562e-02
4.430619483999907737e-02
4.450114191044121648e-02
4.473271847888827396e-02
4.336232736054807663e-02
4.460289161279797771e-02
4.380389143433421895e-02
4.443923877459019650e-02
4.453805745765566926e-02
4.425780976191163313e-02
4.447056630905717872e-02
4.404105097986757422e-02
4.450758646521717210e-02
4.439644514396786507e-02
4.430793093703687402e-02
4.444579314440488815e-02
4.432197980955242950e-02
4.428413495793938337e-02
4.446068131178617516e-02
4.438542465586215596e-02
4.408515235129743803e-02
4.421558067761361538e-02
4.359058316797018162e-02
4.427990168519318342e-02
