6.543809813261032282e-01
1.031415168568491914e-01
7.683851873502135776e-02
7.190815538788834782e-02
7.001963052898645123e-02
7.329461155459285338e-02
6.927002271637321129e-02
6.843592068801324091e-02
6.736064817756413914e-02
6.782217989365259270e-02
7.012927310851713170e-02
6.467897436271111133e-02
6.953559088831146040e-02
6.885815377657612812e-02
6.919380642784138391e-02
6.578322091450293507e-02
6.266246695071459039e-02
6.747234096129735292e-02
6.361937928323944946e-02
6.888135610148310439e-02
6.176475818579395954e-02
6.273390207439660804e-02
6.825897458319862832e-02
6.178223334252834487e-02
7.338054227953155761e-02
6.742331564426422286e-02
6.352856863290071154e-02
6.382275503749648693e-02
6.222961861019333379e-02
7.255924525360266109e-02
6.175748741254210444e-02
6.717087866738438717e-02
6.214804800848166416e-02
6.219645735497276312e-02
6.590815315023064447e-02
6.575711666295926128e-02
6.692115113139152083e-02
6.728873611738284133e-02
6.588591061532497739e-02
6.655597240353623711e-02
5.934814676952859108e-02
5.993096832806865670e-02
6.321022372071941064e-02
6.213254237547517073e-02
6.227074370409051846e-02
6.329037988558411376e-02
6.184981442987919076e-02
6.132296033203601948e-02
6.637234880278507221e-02
5.960490577233334281e-02
6.531124154105782953e-02
6.121774838616450554e-02
7.535779822617769130e-02
6.265957587088147318e-02
6.021015033746759254e-02
5.943103749305009981e-02
6.042878294984499465e-02
6.144798384358485244e-02
6.233234177653988045e-02
6.094901318351427649e-02
5.985552173107862306e-02
5.945249954238533696e-02
6.239281234641869817e-02
6.355136851469675441e-02
5.982829559594392971e-02
5.898466741045316208e-02
5.861600651716192267e-02
5.685970361654957284e-02
6.032290002020696679e-02
6.021237556512157307e-02
5.860865248367190528e-02
6.417626847823461322e-02
6.029992460583646907e-02
6.001773983240127341e-02
5.968033459658424189e-02
5.913529964784781240e-02
5.784582210704684174e-02
6.217888948818047629e-02
5.731682606662313190e-02
5.873884928723176191e-02
5.824375475446383343e-02
6.189956845715641892e-02
6.449579046418268957e-02
5.754898477966586406e-02
6.623824764663974185e-02
6.961385695263742901e-02
6.523355389324327069e-02
6.173946909606456424e-02
6.186793528807659620e-02
6.335433352117737782e-02
6.275714008137583955e-02
5.944440414508183473e-02
5.795962315052747421e-02
7.035011530543366920e-02
6.068094012637933327e-02
5.753841023892164452e-02
6.416047334671021174e-02
6.285355682795246146e-02
5.836415021369854850e-02
5.820784606660405619e-02
5.955910018645226706e-02
5.857018152251839554e-02
5.886347731264929273e-02
5.914110101759433719e-02
6.077939974764982878e-02
5.579290346552927965e-02
5.761708011229833143e-02
5.386729109411438066e-02
5.920133396983146695e-02
6.006713263690471871e-02
5.753584981275101234e-02
6.062192090476552914e-02
6.160050749778747670e-02
5.619384971136848206e-02
5.870229005813598633e-02
5.897503056873877603e-02
5.803401478876669961e-02
5.476504661763707815e-02
6.146707594705124594e-02
6.162493652664124966e-02
5.900479917724927442e-02
5.658361087242762266e-02
6.148344095796346581e-02
5.943461268519361490e-02
6.717170552661021199e-02
6.224825798223416334e-02
6.019804728527863857e-02
5.736488692462444333e-02
5.639730065129697212e-02
6.308390239564080904e-02
5.775954364488522508e-02
6.041027352834741487e-02
6.781487127145131855e-02
6.030708658819397550e-02
6.659316577017307393e-02
6.447766567269960780e-02
5.528009980916977206e-02
5.688727946641544686e-02
5.992915095450977725e-02
7.974131830657521514e-02
6.252265731804072801e-02
5.496360048651695307e-02
5.962228740565479052e-02
6.011383152256409568e-02
5.653095324213305850e-02
5.459034737509985830e-02
5.388094418371717348e-02
6.634122204656402177e-02
5.872998319566249958e-02
5.748979137589534105e-02
5.691432682176431057e-02
6.112873041691879727e-02
5.772676764987409032e-02
5.819023769969741688e-02
6.278972946107387598e-02
5.958152632539470694e-02
5.794720900555451470e-02
5.760658719887336299e-02
6.059103727961579616e-02
5.557293542350331961e-02
5.773318236072857990e-02
5.668980967253446634e-02
5.874259461338321442e-02
5.652378862102826196e-02
5.603525931636492430e-02
6.026850734526912473e-02
5.790374054263035253e-02
5.847184920683503456e-02
6.022718862630426634e-02
5.944902033234635702e-02
5.775445863604545399e-02
5.443709516897797529e-02
5.755636149396498730e-02
6.010846608007947706e-02
6.131757942338784267e-02
5.819727538774410736e-02
6.015454164395729608e-02
5.869967117284734942e-02
5.685993087167540844e-02
5.375968065733711249e-02
5.786017696683605493e-02
5.927228927612304688e-02
5.675718672573566714e-02
5.602048719301819940e-02
5.537498043850064278e-02
5.660824703673521946e-02
5.507846632351477700e-02
5.554824106395244571e-02
5.789244312793016128e-02
5.545326137604812688e-02
5.456475404712061300e-02
6.433199902375538737e-02
5.542596535136302266e-02
5.342137408753236394e-02
5.585650233241418877e-02
5.281912932172417446e-02
5.440014859040578216e-02
5.270288527011871005e-02
5.839764199840525444e-02
5.598443055525421930e-02
5.385473552470405878e-02
5.562296479319532583e-02
5.499969267907241915e-02
5.834526738772789767e-02
5.581447806519766741e-02
5.867814475049575040e-02
5.629068706805507444e-02
5.271243523185451668e-02
6.186497194071610695e-02
5.602167038867870985e-02
5.746526621902982301e-02
5.539559190782408077e-02
5.587558172022302760e-02
5.579554274678230619e-02
5.599945663784940825e-02
5.762373912148177624e-02
5.381146101901928408e-02
5.631547950208187076e-02
5.536646218349536297e-02
5.745009203131000441e-02
5.973283725635458730e-02
5.515362787991762161e-02
5.989772127941250801e-02
5.549560370544592836e-02
6.075979000888764858e-02
5.876733327284455050e-02
5.878333195112645654e-02
5.595668043009936754e-02
6.299863930170734871e-02
5.905591782182455229e-02
5.739527272060513524e-02
5.339378202023605663e-02
5.401294912211596772e-02
5.554045798877874779e-02
5.599335399766763172e-02
5.571550540626048903e-02
5.836618220433592574e-02
5.655894830202062851e-02
6.499781967451175035e-02
5.379474128906925473e-02
5.721293496588866073e-02
5.340101997988919158e-02
5.750173854020734776e-02
5.319892046352227288e-02
6.135413962726792014e-02
5.505586078390479338e-02
5.789726977857450468e-02
5.781321617464224571e-02
6.143329798243939849e-02
5.501356225460767718e-02
6.010014666244387765e-02
5.991545027121901457e-02
5.857200581269959849e-02
5.512891268357634350e-02
5.481336305228372285e-02
5.781659873202443095e-02
5.421903341387709213e-02
5.303290426731109564e-02
5.531923323248823243e-02
5.364477803620199686e-02
5.486886642873287090e-02
5.646841625993450492e-02
5.609161648278435108e-02
5.415921784937381689e-02
5.500148798649509563e-02
5.749475827440619219e-02
5.863119143371780390e-02
5.583655389646689088e-02
5.450817173657317855e-02
5.483964384223023736e-02
5.724023378143707624e-02
5.453366401605307806e-02
5.683601902176936560e-02
5.530787338192263980e-02
5.433403500045339007e-02
5.510918938865264072e-02
5.456574299372732306e-02
5.659602788587411032e-02
6.171258275707562635e-02
5.866464836522936738e-02
5.692074121907353401e-02
5.569187790155410989e-02
6.109638924089570711e-02
5.358144831843673905e-02
5.806417694315314099e-02
5.718851406127214293e-02
5.644614485402901782e-02
5.465333313991626446e-02
5.578713600523770022e-02
5.911380540579557613e-02
6.205753255635500232e-02
5.764410542945067051e-02
5.417580663536985391e-02
5.349391097823778807e-02
5.577560564813514865e-02
5.721739983807007379e-02
5.842865710146725317e-02
6.037798976525664274e-02
5.289758695289492607e-02
5.261397187908490453e-02
5.889096014822522984e-02
5.561025738716125766e-02
5.531819546905656498e-02
5.491825834537545498e-02
5.394679991528392171e-02
5.474918315807978525e-02
5.366548027222355077e-02
5.283995396768053493e-02
5.377247067168355182e-02
5.539499498282869638e-02
5.481514580547809656e-02
6.310394095877806808e-02
5.542762380093336355e-02
5.606147342671950751e-02
5.606587072213491119e-02
5.374130708165467118e-02
5.379348168770472366e-02
5.692244370157519689e-02
5.818603576160967517e-02
5.626479323953390010e-02
5.386178678212066168e-02
5.593419718866547014e-02
5.403832616284489493e-02
5.406904969364404595e-02
5.916014596198995723e-02
5.562604178984959652e-02
5.543099659495055731e-02
5.238024650141596961e-02
5.684232588236530492e-02
5.487183923522631623e-02
5.767757751978933728e-02
5.613334394991397608e-02
5.653229232256611059e-02
5.713830686484774185e-02
5.315426551736891075e-02
5.685519328340887801e-02
5.395129977725446335e-02
5.209576260608931447e-02
5.573298218970497431e-02
5.594706275189915978e-02
5.897670768201351138e-02
5.535102710127830228e-02
5.778618770961960194e-02
5.622616237029433306e-02
5.586195537199576538e-02
5.409745880402624940e-02
5.542626144364476426e-02
5.401549617759883459e-02
6.055740427225828060e-02
5.482089760402838324e-02
5.542584169035156411e-02
5.333729682800670419e-02
5.388315437672038660e-02
5.539443050821622055e-02
5.919729380557934434e-02
5.440982144325971770e-02
5.315570581704378433e-02
5.657721888894835793e-02
5.628629702143370800e-02
5.498674286529421640e-02
5.702600182344515906e-02
5.346558529883622957e-02
5.648569089670976012e-02
5.208542765428622601e-02
5.812927213807900922e-02
5.675380446016788788e-02
5.441773059157033882e-02
5.700012595082322442e-02
5.595542966698607151e-02
5.407777062617242364e-02
5.343790783857305798e-02
5.091259347895780996e-02
5.336820780299603856e-02
5.622305168459813124e-02
5.478144563113649529e-02
5.514384180928270235e-02
5.542086003969112773e-02
5.724468875365952558e-02
5.374957794323563520e-02
5.652817573708792537e-02
5.599686773493885855e-02
5.537806155160069493e-02
5.888033843909700610e-02
5.364702145879467199e-02
5.504232340181867272e-02
5.333331177632014142e-02
5.417621045062939039e-02
5.886750610545277845e-02
5.376142553985118616e-02
6.047897055434683922e-02
5.387138697008291705e-02
5.810508867725729804e-02
5.343600229670603802e-02
5.491388690657914018e-02
5.684127903543412935e-02
5.346958125631014191e-02
5.361164371793469136e-02
5.204959030573566570e-02
5.485360864549874982e-02
5.762022251263260869e-02
5.626728996013601741e-02
5.283115350951751027e-02
5.431107574452956333e-02
5.374297462403774400e-02
5.416361647347608943e-02
5.466799233108758649e-02
5.231281574194630163e-02
5.614573298643033006e-02
5.322234770903984391e-02
5.541066533575455394e-02
5.574181153749425965e-02
6.378801464413602629e-02
5.733315842847029609e-02
5.463693459207812769e-02
5.626238410671551698e-02
5.428180928342044020e-02
5.273435568436980053e-02
5.733906735045214698e-02
5.450734567518035478e-02
5.627998306105534004e-02
5.314796435336271996e-02
5.362884448220332778e-02
5.176935822392503272e-02
5.684032846863071309e-02
5.512223782017827006e-02
5.561267637958128979e-02
5.790170618643363659e-02
5.609318074770271861e-02
5.284414032784601201e-02
5.595325023246307955e-02
5.534232520498335445e-02
5.158411236790319543e-02
5.438541703547040279e-02
5.424249618003765955e-02
5.454529585006336057e-02
5.479137591396768953e-02
5.701630468790729739e-02
5.334068048124512157e-02
5.445491611336668314e-02
5.335137298020223989e-02
5.471914618586500717e-02
5.164607862941920924e-02
5.335479190573096109e-02
5.568056700751185251e-02
5.961207229644060329e-02
5.410394564891855135e-02
5.159007137020429207e-02
6.512178077052037384e-02
5.468423878774046620e-02
5.267282394692301972e-02
5.335405382017294890e-02
6.188649432733654698e-02
5.642188637206951851e-02
5.710495887945095383e-02
5.358203456737101189e-02
5.441478017717599897e-02
5.283948541308442631e-02
5.338172451282541253e-02
5.402158817276358355e-02
5.430698630710442676e-02
5.257142862925926613e-02
5.358246823151906202e-02
5.780615333778162807e-02
5.383608066787322344e-02
5.405634247077008292e-02
5.648478863139947542e-02
5.279720870467524002e-02
5.320601572903493892e-02
5.507362696342170405e-02
5.276558350771665823e-02
5.440865200633804299e-02
5.223189514440795128e-02
5.235428173405428515e-02
5.366133670012156187e-02
5.439073256527383882e-02
5.949059131865699901e-02
6.029805334284901730e-02
5.256118235799173838e-02
5.521201365316907861e-02
5.282752405541638746e-02
6.060800597382088456e-02
5.534159760922193610e-02
5.561677716051538489e-02
5.449455214664340047e-02
5.578741653511921222e-02
5.803138982504606191e-02
6.021861751874287710e-02
5.407189744835098899e-02
5.607815173144142101e-02
5.775489092804491492e-02
5.272359537581602917e-02
5.511032189863423331e-02
5.913397023764749294e-02
5.153212519362568994e-02
5.730250733594099977e-02
5.770224972317616191e-02
5.436622343336542512e-02
5.226998835181196484e-02
5.516596010575691711e-02
5.496562513522804116e-02
