9.640257691757546377e-02
8.624194220950205658e-02
8.180106836888524635e-02
8.256079732543891714e-02
7.830854211416508892e-02
7.437795342670547316e-02
7.741792624195416306e-02
7.835615867127974921e-02
7.589076107574833918e-02
7.612156083600388201e-02
7.239875044259759529e-02
7.679052276329861870e-02
7.570802445212999887e-02
7.243300305886400670e-02
7.404329089654816676e-02
7.013867441564798633e-02
7.306639365851878842e-02
7.357800880240070174e-02
7.165103724433316557e-02
6.852221312001346987e-02
7.144778803404834566e-02
7.131027974602248409e-02
7.191219158056709471e-02
7.157574759589301061e-02
6.486702398914430401e-02
6.826235078689124602e-02
7.124550127320819493e-02
7.017200998961925507e-02
6.902439577711952379e-02
7.115601820664273214e-02
6.949543901201751805e-02
6.885767662897705754e-02
6.897816689064105444e-02
6.922999593532747076e-02
7.077491976734665013e-02
6.536210691556335051e-02
6.849076845165756600e-02
6.751721724867820740e-02
6.717061479058530904e-02
6.535056859461797762e-02
6.686932355579403020e-02
6.679408933139509286e-02
6.489803663765390807e-02
6.516491623802317390e-02
6.335744108590814216e-02
6.725412412650055849e-02
6.191397682867116198e-02
6.667341468855739195e-02
6.362379300925466441e-02
6.526752276760008908e-02
6.355465241811342203e-02
6.606923623217476893e-02
6.234032809734344621e-02
6.489893191804488315e-02
6.466528224862283514e-02
6.502670097268289928e-02
6.467746077105403224e-02
6.527704623424344932e-02
6.502250420550505228e-02
6.316299159079789838e-02
6.546676142348183125e-02
6.444408508638541089e-02
6.278441285507546654e-02
6.160616688430309296e-02
6.465258878759211347e-02
6.533442226548989706e-02
6.214195294305682044e-02
6.460195906046363457e-02
6.045747443826662154e-02
6.249404086007011999e-02
6.394698410812350853e-02
6.378414421859714134e-02
6.378161459126406585e-02
6.317434215711223433e-02
6.280877918211949518e-02
6.441790303215384761e-02
6.331288561017976713e-02
6.302399019607239639e-02
6.283037734942303887e-02
6.372811014039649058e-02
6.297087997405065307e-02
6.369609697204496601e-02
6.393434024519389913e-02
6.118781985715031346e-02
6.224573879606194043e-02
6.292148060682746513e-02
5.957379434257745882e-02
6.247473405674099783e-02
5.955401589680048985e-02
6.049919442998038382e-02
6.250367688222063789e-02
6.080923273952471009e-02
6.346172719366020842e-02
6.004609440763791078e-02
6.154458905673688973e-02
5.987464198842644414e-02
6.022280005531178287e-02
6.095249215140938898e-02
6.311468842128913070e-02
6.234221266996529259e-02
6.171245266579919453e-02
6.191190378740429878e-02
6.078408464996350874e-02
6.090512296391858288e-02
6.133970785886048993e-02
6.168782765873604551e-02
6.024705133297376947e-02
5.941160341931713690e-02
5.920399532963831896e-02
6.020941545979844461e-02
5.974487280473113338e-02
6.092577531105942273e-02
5.760877046527133893e-02
6.105004243759645094e-02
6.157697837592827211e-02
6.152678597718477110e-02
6.186477561584777241e-02
6.258969361790352182e-02
5.976473482118712516e-02
5.964828851736254239e-02
5.910181145494183136e-02
6.076061507273051304e-02
6.115396340481109305e-02
6.085748060916860991e-02
5.503649118666847223e-02
6.056236617474092254e-02
5.937037773223386578e-02
5.891923756442136312e-02
6.059954829720987091e-02
5.891030154501398358e-02
6.171080319003926368e-02
6.047773319813939952e-02
5.466632663996683072e-02
5.885760893838273139e-02
6.095764448659287543e-02
5.455719566800527887e-02
5.657191388309001923e-02
5.767364596120184983e-02
5.910472045135167080e-02
5.959164356398913287e-02
5.520726633775565467e-02
6.062829156095782962e-02
5.920351830621560507e-02
5.905642369762063165e-02
6.102453309835659256e-02
5.540552421783407483e-02
6.067957661838994932e-02
5.402107280161645708e-02
5.765572420010964261e-02
5.990228464619980903e-02
5.833744645739594864e-02
5.648146078197492648e-02
5.714049547289808823e-02
6.079507675021886964e-02
5.445807253321011815e-02
5.809907701073421110e-02
5.962822270683116460e-02
6.103267124336626825e-02
5.984938715895016942e-02
5.914350988136397175e-02
5.925575627221001812e-02
5.801079788555701250e-02
5.906318555482559934e-02
5.966805042698979100e-02
5.827311709937121886e-02
5.891079489762584415e-02
5.867761432503660474e-02
5.929559562355279922e-02
5.534461198581589608e-02
5.795033762438429881e-02
5.832699689393242015e-02
5.814184570271108132e-02
5.804759064275357566e-02
5.926745394244790216e-02
5.636029468021459127e-02
5.966354135630859423e-02
5.728748375549912175e-02
5.761791726367341410e-02
5.703449124056431813e-02
5.990284894489579515e-02
5.985076049756672678e-02
5.722917692942752071e-02
5.697010862123635250e-02
5.793693898659613151e-02
5.732649935202466240e-02
5.835531042474839669e-02
5.833342334048615546e-02
5.727743525058030805e-02
5.515663007067309748e-02
5.920147130058871221e-02
5.746366677598820777e-02
5.818889405992296038e-02
5.724287109656466671e-02
5.845110664765040126e-02
5.853950417497091885e-02
5.891666902850071358e-02
5.775678181606862249e-02
5.674064986200796218e-02
5.593793002060717945e-02
5.743255185791187878e-02
5.297175044607785321e-02
5.732721146196127077e-02
5.811448332129253574e-02
5.781021964632802879e-02
5.638302684658103719e-02
5.794665880708230882e-02
5.880083032987183655e-02
5.771463615819812099e-02
5.584864193159672779e-02
5.841497793379757386e-02
5.903535421109861597e-02
5.737762404605746547e-02
5.735905390853682922e-02
5.837509734556078911e-02
5.953367521158522968e-02
5.744080505230360345e-02
5.734643564662999377e-02
5.787026815944247560e-02
5.745621629887157078e-02
5.737195826239056134e-02
5.335989064640468682e-02
5.743481278833415665e-02
5.818600480755169863e-02
5.716563590491811203e-02
5.461944112968113857e-02
5.706240083608362518e-02
5.726177086018853502e-02
5.729872272867295169e-02
5.589587775369485312e-02
5.455265573950277697e-02
5.726040168147947945e-02
5.592636983427736602e-02
5.538859425319565821e-02
5.713490904826257211e-02
5.603184260220991225e-02
5.676386422581142926e-02
5.712425590803225928e-02
5.652373732171124543e-02
5.767870616788665222e-02
5.720350881003671145e-02
5.730922172466913767e-02
5.782605112633771444e-02
5.592200173478987374e-02
5.461539065258370212e-02
5.688863179335991449e-02
5.754296297414435157e-02
5.632524100235766773e-02
5.562518353884418620e-02
5.324087861097521329e-02
5.703512334989176841e-02
5.548048498522904076e-02
5.758863055250711127e-02
5.498523014701074685e-02
5.636529680341482301e-02
5.707305509390102338e-02
5.290420069876644593e-02
5.914677739557292618e-02
5.755492143539919087e-02
5.734271642027629484e-02
5.477514870257841478e-02
5.769706874464949203e-02
5.569739755656984148e-02
5.794899579551485158e-02
5.711476054663459229e-02
5.588766600315769190e-02
5.655450825062063175e-02
5.684535175354944042e-02
5.686267770619855833e-02
5.663722029162777949e-02
5.781027522558967319e-02
5.714487120923068819e-02
5.646059622781144510e-02
5.518901094587312650e-02
5.778883973964386855e-02
5.393966046265429720e-02
5.759567026462819594e-02
5.536746002940667877e-02
5.501202871609064959e-02
5.647253399300906224e-02
5.601257291725940390e-02
5.429192581731412393e-02
5.608486023007167726e-02
5.518343015056517697e-02
5.274897342961695768e-02
5.607085620156592592e-02
5.634063558859957882e-02
5.630539312130874996e-02
5.669663953077461876e-02
5.400854921382334389e-02
5.442470295561684795e-02
5.427836829589472584e-02
5.740412560602028980e-02
5.782545009214017095e-02
5.626037247065041047e-02
5.567764795074860162e-02
5.637673831855257583e-02
4.972062448246611366e-02
5.377901732507679028e-02
5.839339619916346369e-02
5.691268879713283491e-02
5.389011919291483016e-02
5.578748610698514715e-02
5.563496711353461271e-02
5.533957366521159715e-02
5.446608789886037832e-02
5.685537130468421713e-02
5.768145338321725712e-02
5.559110906389024692e-02
5.669481425235668726e-02
5.657096067443490028e-02
5.700364241169558754e-02
5.755593694953455020e-02
5.683912004654605860e-02
5.568240190752678231e-02
5.391609272402193842e-02
5.793768790447050010e-02
5.631721805160243982e-02
5.656595843740635371e-02
5.541620687064197082e-02
5.648165588370628043e-02
5.320554494650827498e-02
5.673327782294816657e-02
5.451088857112659086e-02
5.740769839742117242e-02
5.318971441851721993e-02
5.711455152680476599e-02
5.495924512959188962e-02
5.487623134007056647e-02
5.611048547757996330e-02
5.644212578319841161e-02
5.316507289600041347e-02
5.441476880676216626e-02
5.227878886378473783e-02
5.533312748496731215e-02
5.442082019936707316e-02
5.628810274518198514e-02
5.242434082966711956e-02
5.246020232637723518e-02
5.593751489909158658e-02
5.511214090511203090e-02
5.043790919913185983e-02
5.563106945612364407e-02
5.645154744593633422e-02
5.618083606370621180e-02
5.670116354400912828e-02
5.586836240771744094e-02
5.416817725118663884e-02
5.579125392768118086e-02
5.443190748078955560e-02
5.637272815737459641e-02
5.423269463289115411e-02
5.528147051938706036e-02
5.258108895892898288e-02
5.387260390238629570e-02
5.372945076475540982e-02
5.578878736123442372e-02
5.487519378463426994e-02
5.528050849421156654e-02
5.402474990114569664e-02
5.325319723536570821e-02
5.394878103915187739e-02
5.670050658906499591e-02
5.599344340670439624e-02
5.551800095579690481e-02
5.198879722091886979e-02
5.223649451509117941e-02
5.671439136688907756e-02
5.376782017863458718e-02
5.339014024163286215e-02
5.470091889922817224e-02
5.769677077316575503e-02
5.571545061344902044e-02
5.484820575349860783e-02
5.573501776282985959e-02
5.614374288254313922e-02
5.397233389731910524e-02
5.523203367160426508e-02
5.204566057978404769e-02
5.028786996586455393e-02
5.443350435752007666e-02
5.325616910639736218e-02
5.736413085833191872e-02
5.410714937994877405e-02
5.395504414207405453e-02
5.522058564755651794e-02
5.334075721394684888e-02
5.491803815174434167e-02
5.477846667377485324e-02
5.640432979497644883e-02
5.162585821623603272e-02
5.615558801218867302e-02
5.374839677371912733e-02
5.590499498777919130e-02
5.220722823093335019e-02
5.436829257135589871e-02
5.461550962386859526e-02
5.706598628312349597e-02
5.555206501028604055e-02
5.483394392455617772e-02
5.284636100340220355e-02
5.640117261144850236e-02
5.588555704388353806e-02
5.504100431377689090e-02
5.641063403131233583e-02
5.413240217086341677e-02
5.579008391747872220e-02
5.495234889288743568e-02
5.384625841139091540e-02
5.614752433159285461e-02
5.413822441672285629e-02
5.298807786570654960e-02
5.245713216976986837e-02
5.380453380445639200e-02
5.569962542504072051e-02
5.314893346900741167e-02
5.422659049638443862e-02
5.551812630146742145e-02
5.488226081555088592e-02
5.508783374809556738e-02
5.511027472093701224e-02
5.471255993470549445e-02
5.520935566681954565e-02
5.657618225862582478e-02
5.467254894061220755e-02
5.541427322766846741e-02
5.046895536490612899e-02
5.479407055924336023e-02
5.315145180664128388e-02
5.672574227468835106e-02
5.510125787307818684e-02
5.443650871101352734e-02
5.579758330972658248e-02
5.326116766987575718e-02
5.144484166262878327e-02
5.502781189150280500e-02
5.465826501862870029e-02
5.529543523573213215e-02
5.568883259677225028e-02
5.557662293107973328e-02
5.342365985529290429e-02
5.591929041677051043e-02
5.640652427035901251e-02
5.381416537695461050e-02
5.315965061179465934e-02
5.566438232652014956e-02
5.440935668432050204e-02
5.407269003076686092e-02
4.744619914434022173e-02
5.592317729153566813e-02
5.573339947602815037e-02
5.457212677639391996e-02
5.036457265830702329e-02
5.459834026793639050e-02
5.358037881346212200e-02
5.300451451912522455e-02
5.316479926307995929e-02
5.456394045096304990e-02
5.467939767986536304e-02
5.457432695354024615e-02
5.410319975473814463e-02
5.444627272792988693e-02
5.608224225127034918e-02
5.400651173873079886e-02
5.466414721061785970e-02
5.486703981748885378e-02
5.444742588119374366e-02
5.417837524372670632e-02
5.322786174300644241e-02
5.418146503054433599e-02
5.366314475735028261e-02
5.463587131558193116e-02
5.125592109850711509e-02
5.400784689312179698e-02
5.488313399255275588e-02
5.242881308206253504e-02
5.187290553003549853e-02
4.984900784782237554e-02
5.441838212104307265e-02
5.519555451141463370e-02
5.331592242129974679e-02
5.074022006657388784e-02
5.444192260296808195e-02
5.460271833257542701e-02
5.474725451527370085e-02
5.218852480045622910e-02
5.372177841555741268e-02
5.076352330959505582e-02
5.502393021144801055e-02
5.319450893956753634e-02
5.006310285793410392e-02
5.408485848456621309e-02
5.454813069146540599e-02
5.273348402438892552e-02
5.428102646643916812e-02
5.332868642484148158e-02
5.246064823327793031e-02
5.262708006840613462e-02
5.520830491764677772e-02
5.275439166774352484e-02
5.647992408937878295e-02
