2.238182244077324967e-01
9.860123019665480160e-02
8.479747671633958150e-02
7.997017122805118172e-02
7.804312419146298974e-02
7.488628529012203439e-02
7.339064422994852344e-02
6.907129049301147239e-02
6.858226131647825186e-02
6.801175873726605925e-02
6.872771542519330590e-02
6.636870831251144576e-02
6.774906534701585770e-02
6.599304683506489189e-02
6.790014658123254276e-02
6.451543044298886642e-02
6.541701309382914886e-02
6.466289572417735498e-02
6.497812617570161708e-02
6.376528069376945218e-02
6.500042803585528994e-02
6.136202586814760995e-02
6.486129967495798954e-02
6.283130828291177972e-02
6.552104694768785820e-02
6.205121973529457990e-02
6.270541753619909842e-02
6.374375252053141039e-02
6.261410163715482036e-02
6.199935752898454860e-02
6.080674879252910559e-02
6.086751710623503064e-02
6.049252388998865859e-02
6.290636733174323481e-02
6.036824958398938346e-02
6.358750557526945957e-02
6.064941320568323357e-02
6.348111603409051229e-02
5.928600326180458180e-02
6.294738618656993412e-02
6.108802122995257711e-02
6.062417244538664818e-02
5.872650943696498815e-02
6.137360095977783397e-02
6.081843690946698439e-02
6.194921543821692300e-02
5.727002911269665070e-02
6.091518813744187244e-02
6.135150155052542659e-02
5.882933273911476052e-02
6.172718511894345617e-02
6.044771220535039707e-02
6.109435915946960505e-02
5.930449424311518697e-02
5.422293730080127855e-02
6.315306132659316563e-02
5.905649054795503866e-02
5.743825731799006434e-02
6.146458821371197923e-02
6.186490861698985128e-02
6.018548659980296756e-02
5.749749325215816609e-02
5.889249948784709005e-02
5.934953669086098782e-02
5.683580944314599315e-02
5.698785174638033163e-02
6.056876227259636036e-02
6.055118637159466466e-02
5.862942224368453137e-02
5.978713782504201102e-02
5.912685828283428813e-02
5.769899372011422917e-02
6.047313610091805541e-02
5.696320449933409830e-02
5.982385957613587518e-02
5.530826037749648344e-02
5.658600622788071549e-02
6.151293937116861232e-02
5.916685687378048925e-02
5.804584145545959445e-02
6.044217824935912975e-02
5.430127695202827121e-02
6.018511926755309299e-02
5.879378914833068709e-02
5.466708300635218787e-02
5.552247457206248987e-02
5.985181558877229746e-02
5.754330130293965062e-02
5.931501666083931895e-02
5.902505824342370311e-02
5.278555028140544808e-02
6.270397059619427227e-02
5.787562066689133644e-02
5.915653273463249151e-02
5.597821010276675391e-02
5.947133846580981986e-02
5.680350637063383973e-02
5.556419057771563863e-02
5.490746531635522926e-02
5.581034880131482967e-02
