2.002382753372192514e+00
2.930323152244091123e+00
9.682178988009690901e-01
5.050863323658705273e-01
2.409342498369514973e-01
1.440323823597282060e-01
1.047834663614630735e-01
9.926383676752448260e-02
9.613708822987973579e-02
9.110103644989431260e-02
8.697517573833465909e-02
8.654024346359073805e-02
8.486800388060510014e-02
8.412334820255637502e-02
8.192064404673873868e-02
8.538352262787521352e-02
8.072030849754810444e-02
8.095752827823161912e-02
7.614339122176169705e-02
7.655967653729021938e-02
7.556263267993927613e-02
7.853901186771690413e-02
7.491205593198538293e-02
7.371673869527876899e-02
7.242680389247835304e-02
7.560241791605949724e-02
7.271731182187796128e-02
7.169292810373008307e-02
7.026583260856568425e-02
7.143453264422715276e-02
7.631680784747003898e-02
7.381380617432296842e-02
7.690603095851838988e-02
7.125771628879010167e-02
7.178978510014712155e-02
7.164172051288188181e-02
7.315581896342336632e-02
7.049815381504595524e-02
8.185196161642670221e-02
7.817898646369576821e-02
8.025575651042163305e-02
6.979466586187481336e-02
7.634766792505980060e-02
7.177618155255913179e-02
7.138350614719092546e-02
7.210153190512209875e-02
7.398624230362474408e-02
7.281773963943123651e-02
6.943430087156593489e-02
7.145425901934504553e-02
7.357365003228187594e-02
6.944226795434951804e-02
7.201721544936298680e-02
7.370670002326369652e-02
7.623446403257548576e-02
7.239991469681263114e-02
7.147931647300720392e-02
6.971094093658029844e-02
7.538077250495553439e-02
6.861803772300481552e-02
6.828550330922007749e-02
7.376525397598743261e-02
6.947190341912209965e-02
7.190558670647442807e-02
7.360870483331381775e-02
7.100517476722598142e-02
6.888335970416664678e-02
6.996236016601324603e-02
6.619951421208679354e-02
6.957421317324041787e-02
7.104427238926291910e-02
7.040760228410362920e-02
6.639837718755006724e-02
8.027648341748863658e-02
7.021463228762149511e-02
7.493045316450297477e-02
7.240239154547452316e-02
6.701437187753617186e-02
7.342778692580759214e-02
6.979101836308837514e-02
6.678018157929181686e-02
7.525127239339053642e-02
8.937429111264645620e-02
7.057917827367782282e-02
8.372302614338696103e-02
9.388465501926838985e-02
6.951325228251516164e-02
6.754106485471129961e-02
6.918919393979013066e-02
6.747077262029051170e-02
8.317284957133233569e-02
8.016788268275558405e-02
7.317671984992921153e-02
7.269480277784168276e-02
6.902948519214988088e-02
7.937293906323611425e-02
7.353891705721617156e-02
7.566432754881680101e-02
7.183476452343165453e-02
7.263326505385339638e-02
