3.177167115112145557e-01
8.314753914251923894e-02
8.555847485239306827e-02
7.248723505064845474e-02
7.009594451636075307e-02
6.804885345821579112e-02
7.271333878238996073e-02
7.387055098389586072e-02
7.130062839016318432e-02
6.634748277564843366e-02
6.994691643863916453e-02
7.228344647834698822e-02
6.865347030883034440e-02
6.994845344374577001e-02
6.647682443882028946e-02
6.664894113317132440e-02
6.525184537594516665e-02
6.492434350152810618e-02
6.240836827084422084e-02
6.293157286321122978e-02
6.836164093886812343e-02
6.642762827376524903e-02
6.358209192752838079e-02
6.332885811726252090e-02
6.969316060965259629e-02
6.687282809366781877e-02
6.345366119096676472e-02
6.694676981618007117e-02
6.420942574429015781e-02
6.091783939550320104e-02
6.097289276619752285e-02
6.557830883810918110e-02
6.411857488254706083e-02
6.417896347120403966e-02
6.565548790618777608e-02
6.286394365752737134e-02
6.206757315124074303e-02
6.137030065059662087e-02
6.176180573490758913e-02
6.298127468675375484e-02
6.292468936492999487e-02
6.001994427914420643e-02
6.101127510890364675e-02
6.211014281337459697e-02
6.129612389951944601e-02
6.199127880856394879e-02
6.267603239665428538e-02
6.216662324344118112e-02
6.254715379327535629e-02
5.657895036041736547e-02
6.229190378760297853e-02
6.010545806959271403e-02
6.435861377666393657e-02
6.265929598671694800e-02
6.519268406555056572e-02
7.102940475568175760e-02
6.306738133231798438e-02
6.150942339872320780e-02
6.066021461039781265e-02
6.246629454195499337e-02
6.468824794515967702e-02
6.229456987231969667e-02
6.376923546195030490e-02
6.318274802217881125e-02
6.278781999523440349e-02
6.446465769782662447e-02
6.072277801421781251e-02
5.954017260422309055e-02
5.973171003162860981e-02
6.341104569534460056e-02
6.453673168395956949e-02
6.230437380572160372e-02
7.536009877920150923e-02
5.869552354638775393e-02
6.009809935465455083e-02
6.323891747122009632e-02
7.572226490825414991e-02
5.869340509797135730e-02
5.981160458177327971e-02
6.238345221305886812e-02
6.435125151028235624e-02
5.649716205274065567e-02
5.876960886642337151e-02
5.958586172511180085e-02
6.157525276144345389e-02
5.802652112518747601e-02
5.938733547925949263e-02
6.146373674273490628e-02
5.999412255982557868e-02
6.471785717954238459e-02
5.789918464918931279e-02
5.636563514669735986e-02
7.937056961779792585e-02
5.971366002534826689e-02
5.951978245750069729e-02
5.815813643236954905e-02
6.354203385611374710e-02
5.972824605802695003e-02
6.268966625755031941e-02
5.648953689883152302e-02
6.016951889420549260e-02
6.558126145973801335e-02
5.797510579849282641e-02
6.251790173351765012e-02
5.922181392088532448e-02
6.204907561962803159e-02
5.843184454987446208e-02
6.576278553654750503e-02
6.187960066522161379e-02
5.831905284896492930e-02
6.416764747972289462e-02
5.953084083894888412e-02
5.816643850877881161e-02
6.080793024972080962e-02
6.566406319538752034e-02
5.999613889803489392e-02
6.030701003347833933e-02
5.956791188567876760e-02
5.574515961731473651e-02
5.964089250192046443e-02
6.320322580014665903e-02
6.928855936353404965e-02
5.594587848521768991e-02
7.849330479279160999e-02
5.936342919245362476e-02
6.408819166943430234e-02
5.643582200631499374e-02
6.275990875437856276e-02
6.001112343122561726e-02
6.433924178903301094e-02
6.629956449382007344e-02
5.681829664856195145e-02
6.619380302727222165e-02
6.001462687427799175e-02
5.565731061622500309e-02
5.809555005282163870e-02
5.709196612238884305e-02
5.799831093599398801e-02
5.878157216434677645e-02
5.786787480115890281e-02
5.704172266647219991e-02
6.340826058760284933e-02
5.614207973082860348e-02
5.550919442748029897e-02
5.914518458768725645e-02
5.694390475749969149e-02
5.946667527779937040e-02
7.070991645877559850e-02
5.761890379711985533e-02
6.071151848261555073e-02
6.017147192731499977e-02
6.112328584616382593e-02
7.202334284782409279e-02
5.777933130040764642e-02
6.273491960950196289e-02
5.670336058984200289e-02
5.541877595086892178e-02
5.731428867205977384e-02
5.693854767208297862e-02
5.931409802908698542e-02
6.197148823800186640e-02
5.549357507377863236e-02
5.685810038819909262e-02
5.825452162573734743e-02
5.583281194480756854e-02
6.718517898271481048e-02
6.203098498905698643e-02
5.889863776043057636e-02
5.528919093931714684e-02
6.347529852141936546e-02
5.655565164362390956e-02
5.977829947446783310e-02
5.917341138546665380e-02
5.590044422696033993e-02
5.962769925594330056e-02
5.645582926770051357e-02
5.504453423743446705e-02
5.792587162926793320e-02
5.735553520421186879e-02
6.062240771949291285e-02
5.596333483234047779e-02
6.231237374867001910e-02
6.134728824719786616e-02
7.142896318187316740e-02
6.918141650656858821e-02
5.722881641238927730e-02
5.515874903028210319e-02
5.852171839525302510e-02
6.204518080068131131e-02
5.933541543160875814e-02
5.912442879751324959e-02
5.999776454021533284e-02
5.685714222490787645e-02
5.468966819656392170e-02
5.569912384574612213e-02
6.324105907231569734e-02
6.012463274722298218e-02
5.708116792142391149e-02
5.548765142758687458e-02
6.250297160819172360e-02
5.677092414349317606e-02
5.550121810908118652e-02
5.496583918109536337e-02
5.366822982827822164e-02
5.551718781391779683e-02
6.370241571838657080e-02
5.699784191946188905e-02
5.738797919203837694e-02
5.705946064243713756e-02
5.915229947616656297e-02
6.264491649965445164e-02
6.052534582403799185e-02
5.984698126713434985e-02
6.379789908727009906e-02
5.740852660189072615e-02
5.496124250193436950e-02
6.665546458835402976e-02
6.032864350204666243e-02
5.864224823812643622e-02
5.802237190306186454e-02
5.579037968690196692e-02
5.632849657287200551e-02
5.933638223757346786e-02
5.217998354695737445e-02
5.781468439847230883e-02
5.948767323046922489e-02
5.499607875943184065e-02
5.989895491550366324e-02
5.542525894319017682e-02
5.918350663656989780e-02
6.030220216761032759e-02
6.459373237565159409e-02
5.534380777428547782e-02
6.719507253418366410e-02
5.484228963653246802e-02
5.762307586148381067e-02
5.538416618170837608e-02
5.485936049371957501e-02
5.746407502641280585e-02
5.445225457350413162e-02
5.526455264538526757e-02
5.309279359256227626e-02
5.651970397680997765e-02
5.676131849487622838e-02
5.544364709096650384e-02
6.395321788266300489e-02
5.639652994771798128e-02
5.939200414344668333e-02
5.780004881011942958e-02
5.451845917229851401e-02
5.543047692005832749e-02
5.385626834817230923e-02
5.520313346758484729e-02
5.900797701130310741e-02
5.468342912693818086e-02
6.725112609565257749e-02
5.604670342678825384e-02
5.589609109175702056e-02
5.745923039192954440e-02
5.902965424582361925e-02
6.006915815174579398e-02
5.972017641489704709e-02
5.794911273444692396e-02
5.440142386282483672e-02
5.476783904557426530e-02
5.602648044005036077e-02
5.449512155105670080e-02
5.633820463592807692e-02
5.813093685234586167e-02
5.313833242282271080e-02
5.628592396775881218e-02
5.541512245312332774e-02
5.701331892982125504e-02
5.652913650497794207e-02
5.840768956268826972e-02
5.223748452030121947e-02
5.764470613872011567e-02
5.706585158283512121e-02
6.324069062868753477e-02
5.946309019501010845e-02
5.971620124454299350e-02
5.590105835348367636e-02
5.724252690250675180e-02
5.547756442179282294e-02
5.625687713424364772e-02
5.925805879135926518e-02
5.661780843511223654e-02
6.144519153361518993e-02
5.448931055764356934e-02
5.375501671805978099e-02
5.677474250706533720e-02
5.428707853580514581e-02
5.741754765311876674e-02
5.339043050383528166e-02
6.026518670842051506e-02
6.263582718558609319e-02
5.590544914826750533e-02
5.662552284076809855e-02
5.371891227240363498e-02
5.871500523140033012e-02
5.457186539346973314e-02
6.433967510859171790e-02
5.989364551380276652e-02
5.940019059926271439e-02
5.646873811259865705e-02
5.728565357625484133e-02
5.641337640583515139e-02
5.297198996258278836e-02
5.713618721812963736e-02
5.574531280125180621e-02
5.688585709159572901e-02
5.465530468461414493e-02
5.779147809681792897e-02
5.684621982897321291e-02
5.769166265924771664e-02
5.849740560476978518e-02
6.252918226644396671e-02
5.509076240782936201e-02
5.823309993992249051e-02
5.515662817284464753e-02
5.740928745518127790e-02
5.766167152052124184e-02
5.730974734450380165e-02
5.838052139307061544e-02
5.527868300365904736e-02
6.256210168823600482e-02
5.692116546134153715e-02
5.455876264721155194e-02
6.588178417955835309e-02
5.630849677448471202e-02
5.454209070652723396e-02
5.331985661139090893e-02
5.573683364316821265e-02
6.116118624185522268e-02
6.313729400436084160e-02
5.681727661440769822e-02
5.505870417381326237e-02
5.306453991681337606e-02
6.006987064455946573e-02
5.735788000747561732e-02
5.672270214806000160e-02
6.224766327068209648e-02
5.388873399856190100e-02
5.435905914132793670e-02
6.276404932141303739e-02
5.543305644765496309e-02
5.635102863113085336e-02
5.478856478507319883e-02
5.633890952294071802e-02
5.415612635513146478e-02
5.534855895365278083e-02
5.585603720198074884e-02
5.772664679835239759e-02
5.678280714278419877e-02
5.537059050674239535e-02
5.712293565894166480e-02
5.418666347240408410e-02
5.620900802314281186e-02
5.589471457526087872e-02
5.240354654379188876e-02
5.349504271522164539e-02
5.861857486267884471e-02
5.500489028791586549e-02
5.480674517030516973e-02
5.741221403703093695e-02
5.611530189712842648e-02
5.422100671877463918e-02
5.417264227444926888e-02
5.786876543425023556e-02
5.601144960460563427e-02
5.515272071585058944e-02
5.307478861262401176e-02
5.914469317222634942e-02
5.295464989418784824e-02
5.475619981996714819e-02
5.573341251971820898e-02
5.746140295639633883e-02
6.241465434121588884e-02
5.741168476020296757e-02
5.411912218978007921e-02
5.647557630514105087e-02
5.724968317896127895e-02
5.728047063263753957e-02
6.136598428090413171e-02
5.489761034647623605e-02
5.466294927522540037e-02
5.548019731417298123e-02
5.432133284707864329e-02
5.793149836982289941e-02
5.819915645445386532e-02
5.803308100129167535e-02
5.654607782761256196e-02
5.669114438816905133e-02
5.715102223058541459e-02
5.616669656087954626e-02
5.537532567357023733e-02
5.345770699903368978e-02
5.423830786719918001e-02
5.736783919235070861e-02
5.656576206907629883e-02
5.363250584031144935e-02
5.480848986034592141e-02
5.544197974105675997e-02
5.691881041352947479e-02
5.641050513212879369e-02
5.429965146506825907e-02
5.345471367239951893e-02
5.365434914206464873e-02
5.890126145755251313e-02
5.521652959597607435e-02
5.537561384961008776e-02
5.515277542173862430e-02
5.905795240774750626e-02
5.676218663342297299e-02
5.362215929664671671e-02
5.617438728610674864e-02
5.479446822466949724e-02
5.772320710122585269e-02
5.589547082781791409e-02
6.005421110118428635e-02
5.573741706088185255e-02
5.739488939444224030e-02
5.577041607970992937e-02
5.817527694627642326e-02
5.599633758266767125e-02
5.585025277609626665e-02
5.420983198409279336e-02
6.271034752950072066e-02
5.867125065997243205e-02
5.526890360439817157e-02
5.286215274284283144e-02
5.794524490212400736e-02
6.492805188521742765e-02
5.391754409298300799e-02
5.546226491841177442e-02
5.550682256929576064e-02
6.218971922993660195e-02
5.562786616384982757e-02
5.343091842097540817e-02
6.294515009969472996e-02
5.386528219096362730e-02
5.272803053880731339e-02
5.716036872938275171e-02
5.680173285305500225e-02
5.668695822979013393e-02
5.553415597726901048e-02
5.538719416285554226e-02
5.653778261815508438e-02
5.526682119195659715e-02
5.397772874062260057e-02
5.495829259976744985e-02
5.529452263998488326e-02
5.478897166127959933e-02
5.783421107878287948e-02
5.876196064054965695e-02
5.291312639911969345e-02
5.379294608409206091e-02
5.341184817564983978e-02
5.585082938273747827e-02
5.434559555413822490e-02
5.490402895957231799e-02
5.416832226018111068e-02
5.352049263194203627e-02
5.478401423121492114e-02
5.431351532538732096e-02
5.406141680354873552e-02
5.413079793875415907e-02
5.751869111632307296e-02
6.128335474679867667e-02
5.580457545196016583e-02
5.498440665503342983e-02
5.914702403669556269e-02
5.394124496107299827e-02
5.431475790217518695e-02
5.503973805345594578e-02
5.764642860740423064e-02
5.535673203567664097e-02
6.168443748727441001e-02
5.590280357437828890e-02
5.477187007665634128e-02
5.686833318322896680e-02
5.742290031785766274e-02
5.548900287908812429e-02
5.427600352093577690e-02
5.360164466624458418e-02
5.393148167679707311e-02
5.390461438645919451e-02
5.436971542115012768e-02
5.388119873901208584e-02
5.461356677114963254e-02
5.228224442650874354e-02
5.259570771207412038e-02
5.770084107915560145e-02
5.416381180907289122e-02
5.444558451573053987e-02
5.614644307953615965e-02
5.681981083005666761e-02
5.491268680741389491e-02
5.575956795364618579e-02
5.430842918033400996e-02
