9.814780259297953280e-02
8.142407128794325322e-02
7.523063299142651594e-02
7.777348611917760113e-02
7.760477446847491301e-02
7.706039071910911198e-02
7.572691751023133411e-02
7.487695475833283654e-02
7.210053714613119669e-02
7.506180740892887115e-02
7.300023328926828758e-02
7.109132502228021622e-02
7.120471404244502200e-02
7.087982530809111559e-02
7.078674336274465295e-02
7.026627738442685345e-02
7.053946349769830981e-02
6.855050106015470046e-02
7.038925995843278716e-02
7.071875660783714934e-02
6.739694022883971347e-02
6.961540832287735348e-02
7.086182704402341215e-02
6.884531846476925343e-02
6.706026283403238031e-02
6.343980812364154176e-02
6.749390338857969018e-02
6.942255078918403710e-02
6.644512589813934833e-02
6.765423094232876633e-02
6.749276075926091689e-02
6.565766607721647274e-02
6.554802757584386741e-02
6.612319981472360164e-02
6.611675479345852091e-02
6.318717616506748513e-02
6.629414250039392109e-02
6.322809271514415186e-02
6.529953316267993191e-02
6.517178880878621294e-02
6.397984635291828481e-02
6.582920464376608438e-02
6.526935369604164316e-02
6.471531260758638104e-02
6.372826446054710714e-02
6.477784326093063982e-02
6.458379103698663748e-02
6.558365492771069116e-02
6.467074909143977202e-02
6.342305303033855812e-02
6.282403101730678341e-02
6.476867843626274435e-02
6.360437566828396061e-02
6.344881740709146234e-02
6.191348271030518852e-02
6.165480640613370256e-02
6.344032558716006243e-02
6.293969047773215197e-02
6.314585328929954444e-02
6.195729609785808473e-02
5.904737789597776232e-02
6.292374943279557820e-02
6.215230986062023066e-02
6.201221452405055595e-02
6.204309467640187897e-02
6.180201467747489796e-02
6.082484869079457512e-02
6.291246240337690365e-02
6.077934583235117955e-02
6.247684331610799113e-02
5.950001157406303864e-02
5.804520404587189264e-02
6.187509281767739067e-02
6.189866530605488137e-02
6.079968904248542194e-02
6.189842128919230413e-02
5.767315619935591692e-02
6.151056763612561956e-02
6.001986288982960605e-02
6.205925082580910496e-02
6.089931265968415164e-02
6.094771925773885546e-02
6.177933751088049430e-02
6.134496193586124607e-02
6.045486479997634610e-02
6.191054149013426600e-02
5.961904803084002585e-02
6.060396346987949323e-02
5.897675516704718041e-02
5.898246724779407368e-02
5.982518238532874566e-02
6.057779587184389247e-02
5.740590873691770596e-02
6.006522581188215165e-02
5.866487467040618076e-02
5.961710193918810796e-02
5.657407511025667329e-02
5.904590000088016238e-02
5.765356481489208179e-02
5.973927326914336977e-02
6.043062249405516811e-02
5.548814393372999282e-02
5.926875434815883498e-02
6.030206654427779783e-02
5.852886745706200461e-02
5.842766252656777376e-02
5.851567216838399893e-02
5.610753419912523771e-02
6.079640763087405114e-02
5.988158888907896271e-02
5.844518448122673626e-02
5.964327001323302402e-02
5.931090353470709620e-02
5.938713198734654058e-02
5.923747117113736110e-02
5.925049770416485062e-02
5.949523365125060359e-02
5.758777984107533998e-02
5.883114020236664132e-02
5.810512028013666702e-02
5.864076269790530205e-02
4.745820556870765372e-02
5.999821485537621540e-02
5.784312508379419598e-02
5.872096005413267317e-02
5.546126169049077348e-02
5.807811558867494173e-02
5.852213238055507111e-02
5.660341636588175906e-02
5.634036002059777254e-02
5.304030531810389332e-02
5.592753394610351647e-02
5.930849750422768907e-02
5.771388565707537971e-02
5.609461399209168114e-02
5.922098984527918858e-02
5.930492928665545560e-02
5.863651783309049154e-02
5.730033704183167681e-02
5.718179465168052311e-02
5.893784811099370136e-02
5.825918387207720123e-02
5.848244332397977557e-02
5.537371471938160039e-02
5.170369830189480015e-02
5.613780741890271597e-02
5.765930225865708442e-02
5.586889515527420497e-02
5.668624295956558451e-02
5.894394987780186834e-02
5.847909383268819900e-02
5.530126559444599466e-02
5.515164777429567428e-02
5.792709936698278023e-02
5.504106027591559869e-02
5.818218141794204851e-02
5.863937491344081016e-02
5.695688607585099039e-02
5.462997819607456201e-02
5.670215358129805650e-02
5.700819248126613031e-02
5.722989116070999194e-02
5.854638209566474100e-02
5.586193722362319675e-02
5.666380049660801888e-02
5.522893136367201805e-02
5.110580620045463568e-02
5.779242332403858318e-02
5.822895143388046035e-02
5.717141919044984449e-02
5.807206255073348727e-02
5.580059316837125694e-02
5.621364778942532225e-02
5.775520353474550977e-02
5.680718685810764307e-02
5.514058141658703671e-02
5.698639020944635397e-02
5.447869331886370792e-02
5.621742511995964781e-02
5.444627351438005580e-02
5.624769396252102260e-02
5.430374125846558486e-02
5.778076632155312170e-02
5.389565859610835619e-02
5.696344493577877588e-02
5.584832506461275686e-02
5.679350943408078417e-02
5.328212143439385595e-02
5.268490480052100133e-02
5.575654021360808288e-02
5.585461763872040519e-02
5.631812286252776967e-02
5.687774504638380690e-02
5.363817590599258972e-02
5.506796786147687139e-02
5.382023778640561418e-02
5.730881921740042101e-02
5.742432358157303907e-02
5.583934246872861856e-02
5.571336813478006134e-02
5.655279839411377768e-02
5.626902805848254391e-02
5.688861109730269927e-02
5.658359452047281857e-02
5.583603596314788003e-02
5.327711839021907758e-02
5.642770552593801003e-02
5.532795356379614782e-02
5.551472953003314115e-02
5.540349659406476612e-02
5.435235109180212160e-02
5.641378103238012948e-02
5.583727292509542417e-02
5.530106532904836836e-02
5.540532376617193083e-02
5.312801391507188803e-02
5.495701483968231521e-02
5.709136671697100096e-02
5.373279513377282601e-02
5.675159090509017401e-02
5.663758382822076803e-02
5.593989274154106961e-02
5.602689835553367748e-02
5.437353681772947450e-02
5.624784759970175019e-02
5.361402203432387437e-02
5.476531483646895904e-02
5.624087790234221645e-02
5.726877203625109491e-02
5.508108555028835840e-02
5.273985130091508183e-02
5.178562179207801819e-02
5.537596776460607800e-02
5.550414471783571974e-02
5.636148560378286682e-02
5.309028133956922302e-02
5.377264955184525574e-02
5.478148382777969089e-02
5.611791409966018773e-02
5.498776569341620041e-02
5.551854479644033336e-02
5.034426479703850432e-02
5.666456657151381499e-02
5.579548863073190146e-02
5.551310650383432799e-02
5.686540297336048488e-02
5.363676122700174881e-02
5.406722153226534849e-02
5.649073098061813125e-02
5.433572501771979923e-02
5.528825855710440412e-02
5.404895545086926822e-02
5.590396437587009243e-02
5.366692801730500034e-02
5.550282042887475648e-02
5.301413171821170445e-02
5.464902375307348348e-02
5.556114250794053078e-02
5.393962362367245994e-02
5.552912163030770260e-02
5.386089524254202704e-02
5.520989892797337900e-02
5.501536257151100340e-02
5.419831242826250034e-02
5.467807460162374400e-02
5.393340174729625153e-02
5.454661716810531302e-02
5.301811136305332323e-02
5.487617881347735954e-02
5.431448392983939666e-02
5.371806630864739418e-02
5.503827916044327917e-02
5.476982359670930223e-02
5.383249341199795174e-02
5.249760223345623783e-02
5.518598276086979226e-02
5.428198668070965266e-02
5.426826970651745657e-02
5.412659106983078866e-02
5.520611567836668926e-02
5.521847885102033893e-02
5.533320845829115681e-02
5.008129239496257601e-02
5.100373260469900222e-02
5.186563917539185886e-02
5.332942954781982881e-02
5.401216817812787285e-02
5.431152622525890761e-02
5.544448927458789367e-02
5.441327866994672552e-02
5.325604054248995328e-02
5.477993309290872526e-02
5.525483491106165934e-02
5.492744435452752427e-02
5.454900190234183988e-02
5.206681113276216688e-02
5.482092960220244504e-02
5.527233672845694584e-02
5.515504201046294436e-02
5.258267253844274569e-02
5.377944851708080926e-02
5.229101531828442978e-02
5.409317390165395423e-02
5.516477043016089488e-02
5.389506136998534203e-02
5.399846205901768365e-02
5.516950038986073723e-02
5.220644733765059109e-02
5.351046673539611859e-02
5.460411009068290300e-02
5.479330022094978242e-02
5.570935879109634170e-02
5.202980263986521636e-02
5.453075750006569633e-02
5.478034261614084244e-02
5.230408929702308474e-02
5.296706367904941565e-02
5.481613406704531621e-02
5.133638072551952730e-02
5.382533424223463064e-02
5.312391732715898013e-02
5.414244008974896522e-02
5.489480703448255949e-02
5.253794775861832939e-02
5.259956389458642773e-02
5.149126248434186121e-02
4.918780740764405746e-02
5.359678135977850866e-02
5.049462558494673819e-02
5.267927471755279312e-02
5.392368449312117534e-02
5.441621074246035666e-02
5.265986510655946279e-02
5.148049966535634542e-02
5.158783961087465286e-02
5.486521353531215173e-02
5.322801584584845730e-02
5.336745970158113250e-02
5.411330610513687134e-02
5.451419307953781629e-02
5.449186243737737245e-02
5.167649598378273867e-02
5.486843003374006905e-02
5.433169421222475148e-02
5.113518041455083346e-02
5.392087657625476566e-02
5.446769896273811334e-02
5.494819271067778038e-02
5.221039843228128530e-02
5.184805855775873051e-02
5.425331967158449759e-02
5.347120869490835232e-02
5.468720494666033660e-02
5.312422002769178614e-02
5.328198413675030304e-02
5.357916610729362983e-02
5.415149293839931210e-02
5.081557116160790449e-02
5.327470054229100499e-02
5.128329007161987890e-02
5.360028484008378530e-02
5.397097049281000813e-02
5.298781175580289521e-02
5.411636849037475272e-02
5.280108601889676317e-02
5.315212821587920328e-02
5.301461135968565941e-02
5.327707118251257673e-02
5.294969114992353898e-02
4.793378005011213888e-02
5.289540608516997422e-02
5.421414063829514685e-02
5.180625911388132138e-02
5.433708585591779522e-02
5.210059410375025846e-02
5.309809974084298001e-02
5.190685120307737127e-02
5.067143260190884457e-02
5.381035646423697194e-02
5.222558784816000443e-02
5.407706719512740678e-02
5.191196603700518747e-02
5.349896596744656285e-02
5.175850055077009515e-02
5.186096507435043745e-02
5.079118758440017561e-02
5.500327644662724585e-02
5.249897299541367302e-02
5.144933851228820215e-02
5.168839209816521868e-02
5.197383377494083773e-02
5.379996306987272492e-02
5.289359554234478178e-02
5.432322958691252618e-02
5.408540553309851284e-02
5.338581431036194119e-02
5.333895343873235745e-02
5.393623048439621925e-02
5.329390653512543902e-02
5.161445355042815208e-02
5.248854300007223944e-02
5.411607578603757490e-02
5.301566051526201973e-02
5.026179059512085601e-02
5.330998662652240705e-02
5.326599634976850878e-02
5.336451731208297772e-02
5.413685458608799572e-02
5.188076714467670936e-02
5.180858614751034097e-02
5.101688762919770470e-02
5.318875222777327133e-02
5.266464867939551348e-02
5.228868753959735327e-02
4.999856972653005105e-02
5.330808486582504224e-02
5.132962355597151666e-02
5.257225382245249434e-02
5.432473789486619992e-02
5.136095509967870260e-02
5.238632111706667538e-02
5.269683707091543656e-02
5.383947736894090924e-02
5.372645144040386067e-02
5.286131001388032907e-02
5.150372108651531805e-02
5.344553363199035234e-02
5.008313679653737110e-02
5.217950598647196764e-02
5.327481559167305397e-02
5.309630902484059611e-02
5.076820775866508484e-02
4.879489305118719922e-02
5.346826050016614817e-02
5.305187095784479057e-02
5.062590464949608127e-02
5.372908302686280752e-02
5.248275842103693190e-02
5.443147299811244150e-02
4.941041937304867931e-02
5.213383105066087680e-02
5.333844853772057304e-02
4.946963114456998101e-02
5.315375267010596233e-02
5.242340183920330549e-02
5.359704482058683800e-02
5.340848524744312015e-02
4.955971388974123731e-02
5.267226879174510823e-02
5.344425825816061931e-02
5.198106695380475678e-02
5.135072715994384862e-02
5.379891204130318738e-02
5.174456009020408226e-02
4.793365248996350747e-02
5.335417439540227069e-02
5.274099500642882160e-02
5.274217092535561646e-02
5.209802566096186777e-02
5.234430947651465965e-02
5.256904744439654803e-02
5.307644187576240902e-02
5.375274087612827434e-02
5.349289104342460494e-02
5.242461917094058677e-02
5.342310597706172171e-02
5.262113083153963089e-02
5.423196409311559218e-02
4.968083781293696627e-02
5.191129906516936399e-02
5.427934542919198718e-02
5.146293688772453356e-02
5.268000280484556874e-02
5.159314324458440237e-02
5.182990155493219508e-02
5.286824847054150123e-02
5.331417504284116649e-02
5.386594903344909396e-02
5.163726930816968375e-02
5.044414806697103404e-02
5.106251538834637865e-02
5.347021534625026606e-02
5.389335741185479617e-02
5.089565125397509798e-02
5.328760453396373664e-02
5.253147640162043885e-02
5.186335243698623337e-02
5.269571228159798670e-02
5.236631431099441486e-02
5.106429867446422854e-02
5.195380568297373186e-02
5.297394406257404514e-02
5.014737390188707400e-02
5.258860838496022538e-02
5.388638667969240098e-02
5.075060389935970306e-02
5.325869041391544795e-02
5.259827474753062115e-02
5.269390641608172332e-02
5.237183920625183148e-02
