1.948131895562013050e+00
2.913939310237765312e-01
1.341228155419230406e-01
1.041756065376102935e-01
7.920876176406939362e-02
7.676362876469890184e-02
7.350223169351617625e-02
6.803903544942538351e-02
6.698185675467054068e-02
7.079271919404467317e-02
6.727750802412629794e-02
6.447018405422567933e-02
6.442639700447519435e-02
6.388391839961210517e-02
6.697255630667010851e-02
6.387668741246065041e-02
7.052961237107714665e-02
6.617787409573792912e-02
6.771684625496467158e-02
6.308669401332736570e-02
6.024449167773127806e-02
6.566208455711602943e-02
6.380967772255341508e-02
6.106241923446456554e-02
6.429169758533438694e-02
6.305892971033850991e-02
6.428827359651526074e-02
6.165621309230724656e-02
7.211246318494279883e-02
6.241679276650150682e-02
6.185910231744249504e-02
6.109277533367276497e-02
6.331483042488494917e-02
6.515794059261680038e-02
6.699570588767528312e-02
6.590635238215326874e-02
6.787744717051585885e-02
6.496479317545890420e-02
6.369124148041009625e-02
6.453114949787656929e-02
6.055819342533747679e-02
6.471337039023637716e-02
6.064547554279366842e-02
6.147658183549841587e-02
6.249300874148806112e-02
6.038143334910273802e-02
6.198624805857737979e-02
5.889116336901982496e-02
6.156739911685387562e-02
6.165678747619191685e-02
6.547878290837010062e-02
6.139040115599830871e-02
6.138438832014798952e-02
6.123025866225361574e-02
6.195870466219881995e-02
5.941938893248637638e-02
6.397466039905945479e-02
6.598354865175982964e-02
6.136895846575498442e-02
5.908544324959318084e-02
5.965590124639372216e-02
5.978176687533656719e-02
6.069156263023614550e-02
5.978444694230954093e-02
5.820208241231739771e-02
5.820565295095245228e-02
6.251952270666757960e-02
5.951559570307533159e-02
6.042692929506301991e-02
5.897574370106061642e-02
6.042012484744191392e-02
7.282189915577570727e-02
5.729134959479172812e-02
6.216707322125633595e-02
6.625495890465875337e-02
5.915708230808377349e-02
6.617226528003811170e-02
5.801988537733753643e-02
6.466783324256539234e-02
6.790262743209798946e-02
5.673035411785046223e-02
5.951607484060029291e-02
5.784475026652216578e-02
6.342321159938971165e-02
6.049266122902433040e-02
6.517266562208533232e-02
6.900063082575798312e-02
5.939836649224162352e-02
6.501885294293363593e-02
6.044227175414561976e-02
5.879786691628396261e-02
6.048615577630698376e-02
6.242733320221304644e-02
5.799345101229846228e-02
6.199583325535058809e-02
6.335321461160978163e-02
6.399111806415021253e-02
5.912025903662045806e-02
6.072570147613684521e-02
5.769511572395762122e-02
6.014528241008520321e-02
6.272421711434920943e-02
5.862471212322513392e-02
5.934399686132867807e-02
5.872810610259572572e-02
6.378457184260090396e-02
6.065830094739795009e-02
5.872060397018988992e-02
5.886036470532417242e-02
6.571583459153770845e-02
5.923246728256344878e-02
6.361640794202685911e-02
5.700400096053878651e-02
5.839534486954411213e-02
6.157139924044410101e-02
6.109154059862097197e-02
5.711318640038370864e-02
6.012820621331532722e-02
5.904886403121054061e-02
6.480942683294416140e-02
6.030358297129471967e-02
6.464735285689433841e-02
6.603520124529799196e-02
5.809003389130035916e-02
5.822557485351959744e-02
5.881942202026645139e-02
5.759119702503084914e-02
6.352238109956184764e-02
6.320950563997029814e-02
6.026202058419585089e-02
5.822126967211564696e-02
5.793142235527436179e-02
5.599430638986329506e-02
5.668044041221340784e-02
6.055350176369150156e-02
5.839753844154377954e-02
6.162819662441809676e-02
5.564102346388002246e-02
5.649155270308256482e-02
6.033244765053192432e-02
6.376667674941320640e-02
5.714547380184133857e-02
6.016265398512284091e-02
5.899068521956602612e-02
6.548412998827794762e-02
6.347965599969029871e-02
6.229598380625248066e-02
5.610452399278680752e-02
6.262974938998619456e-02
5.633739509309331622e-02
6.036478901281952525e-02
6.381517807642618501e-02
5.924505088478326797e-02
5.843260095144311300e-02
6.655064423878988278e-02
5.744859784220655852e-02
5.667815741151571024e-02
6.270805709684888762e-02
5.659892940893769542e-02
5.613582172431051676e-02
6.122727002948522707e-02
5.615100656946499930e-02
5.634723710517088729e-02
5.985401668585836610e-02
5.779906753761072935e-02
6.443662446613113159e-02
6.724041013667980682e-02
5.612971374144156561e-02
5.696927542487779939e-02
5.530924849833051410e-02
6.063091941798726819e-02
5.822414383292198042e-02
5.711971033985416279e-02
5.608605037753780498e-02
6.399957001209259644e-02
7.672923985247810663e-02
5.713153469686706870e-02
5.735153299445907432e-02
5.863593404181301899e-02
5.782314190641045515e-02
5.979132412001490759e-02
6.256900040432811227e-02
6.151861935233076534e-02
6.155543848251303352e-02
5.850467020645737370e-02
6.123664114003379844e-02
5.637891820321480618e-02
6.342452257871628030e-02
5.779929275314012876e-02
5.827235183368126292e-02
6.221633883193135317e-02
5.852890718107422313e-02
5.825766039080917946e-02
6.037652239203453175e-02
5.605674751723806193e-02
6.414146877204378316e-02
5.778952660039067546e-02
5.800210646664102909e-02
5.627895420417189376e-02
5.582340788717071040e-02
5.746440305685003580e-02
5.702068209337691346e-02
5.701353480108082433e-02
6.031721001490950723e-02
6.213284853845834482e-02
5.846838319674134421e-02
5.532727621495723419e-02
6.026480148235956874e-02
5.862638534978031890e-02
6.573584555337826096e-02
5.653022412521143542e-02
5.794055107049644188e-02
5.850433344021439830e-02
5.813623667384187205e-02
5.896281332708894901e-02
5.691960122436284797e-02
6.265210170919696675e-02
5.780080815156300733e-02
5.608389295016726062e-02
5.906267384688059646e-02
6.179025618980327900e-02
6.033276825522383008e-02
5.587536379074056758e-02
6.118552283383905943e-02
5.707764968896905655e-02
6.113283010199666023e-02
5.609410450172921253e-02
5.859711460769176372e-02
6.180422585457563678e-02
5.786562182940542531e-02
5.611527506882945521e-02
5.595831101449827427e-02
5.562898319214582693e-02
6.150993420432011166e-02
5.810869890575607460e-02
5.752789568776885826e-02
6.052765778576334188e-02
5.590794736519456160e-02
5.713849354535341374e-02
5.920544888824224444e-02
6.688045096273223522e-02
5.653306685388088254e-02
6.139309280241529027e-02
5.783541759786506309e-02
5.582280477508902439e-02
5.518561649446686312e-02
5.759258671974142735e-02
5.503216242417693221e-02
5.624406414727369657e-02
6.154820110648870357e-02
5.778834302599231143e-02
5.816440780026217033e-02
5.882507751385370603e-02
5.844721935999890039e-02
5.767556420837839648e-02
5.686513933353126021e-02
5.711130154629548428e-02
5.833171020572384263e-02
5.764094323540727011e-02
5.463664233684539795e-02
5.522033937896291683e-02
5.897452386096119908e-02
6.157139539718627791e-02
6.436944050093491854e-02
5.628713313490152359e-02
5.522711237892508757e-02
5.494227946115037148e-02
5.594234434887766783e-02
5.860260194788376176e-02
5.693492256725828093e-02
5.479157008851567867e-02
5.584235477571686257e-02
5.632779084146023046e-02
5.860784353067477470e-02
5.908179619039098662e-02
5.565383659054835841e-02
5.494104954724510215e-02
5.923605609685182738e-02
6.492873902122180130e-02
6.078406818211078838e-02
5.923916658386588208e-02
5.562038233503699414e-02
5.937322967375318478e-02
5.752796713883678165e-02
5.454634084676703021e-02
5.998828237876296238e-02
5.697704765324791004e-02
6.118971212456623954e-02
5.864738933742046079e-02
5.675682680681348041e-02
5.746058139329155573e-02
5.457627952719728420e-02
5.699940928568442838e-02
6.023557760442296849e-02
5.624223077048857988e-02
6.004079365481933273e-02
5.729386583901941582e-02
5.518781367068489180e-02
5.862140788696706267e-02
5.928616524363557183e-02
5.773342305794357948e-02
5.473344360167781836e-02
5.751396176094809853e-02
5.530507480725645880e-02
5.697105061883727534e-02
5.837820754076043783e-02
5.439797746638456999e-02
6.443498250097036417e-02
5.426381310448050166e-02
5.687867982313037085e-02
5.906746922060847338e-02
5.818302939956387226e-02
5.930855574086308507e-02
5.698933937276402795e-02
5.781380825365583370e-02
6.248685445015628864e-02
5.670403984064856934e-02
5.532861647196114091e-02
5.814785393575827577e-02
5.687861288587252317e-02
5.673924327207108265e-02
5.885496351247032631e-02
5.455330595994989373e-02
5.561485965425769229e-02
5.486176530520121136e-02
5.686282686889171378e-02
5.615142719509701175e-02
5.516856540615359961e-02
5.895918639687200424e-02
6.551164273793498583e-02
5.496839181830485976e-02
5.842574288447698050e-02
6.077761339644591199e-02
5.497150185207525658e-02
5.532320979361732977e-02
6.049657470857103952e-02
5.935868106161554941e-02
5.923675480609139066e-02
5.808776057014862493e-02
6.157252676164110677e-02
6.191232354690631018e-02
5.941101362307866368e-02
6.141813535864154572e-02
7.966898892695704892e-02
5.655631154775619257e-02
5.749816564222176574e-02
5.938004115596413890e-02
5.815902898088097517e-02
5.745649035399158500e-02
5.395280224271118558e-02
5.739723565367360614e-02
5.558354904875159597e-02
5.462418520202239058e-02
5.549165325239300423e-02
6.020782103141148617e-02
5.831097929117580458e-02
6.015425778304537424e-02
5.823656297599275750e-02
5.870807762878636760e-02
5.564747311174869648e-02
5.898961971203486171e-02
6.074176203459501211e-02
5.870621682765583133e-02
5.642912699530522325e-02
5.564213514948884720e-02
6.391237794732053390e-02
5.809322454656163509e-02
5.588016163247327278e-02
6.113314870124061939e-02
5.693233478193481661e-02
5.516266138603290181e-02
6.348853240410487486e-02
5.619307717308402034e-02
5.505188385955989139e-02
5.775458121051391114e-02
5.963782493335505197e-02
5.956496499478816653e-02
6.081225024536252022e-02
5.697980407625436589e-02
5.559125388662020106e-02
5.539986476302147245e-02
5.736177850204209755e-02
6.380774734541773408e-02
5.354419653924803041e-02
5.775653524634738467e-02
6.054237567198773179e-02
5.735976361359158837e-02
5.774784665554762164e-02
5.625511515264709772e-02
6.114927761256695044e-02
5.630419206495086010e-02
5.643915000682075966e-02
5.683415138783554088e-02
5.732485920190811407e-02
5.493417638664443992e-02
5.756007961928844702e-02
5.449984542404611582e-02
5.864300063500801907e-02
6.323228442420561479e-02
5.815353857353329492e-02
6.241389169047276142e-02
5.425495618643860068e-02
5.658636247739196046e-02
6.129192686329285045e-02
6.106681286667783870e-02
5.479046733429034782e-02
5.480381924969454643e-02
5.394849789018432012e-02
5.705840309460957771e-02
5.756806874647736605e-02
5.578656621587773506e-02
5.625871197010080121e-02
5.487341265504559057e-02
6.095694103278219422e-02
5.819032692350447483e-02
5.781067068067689829e-02
5.542805369012057670e-02
6.151820127541820366e-02
5.467716966755688246e-02
5.938155457066993104e-02
5.652481849615772352e-02
5.753285186986128313e-02
5.870989930505553928e-02
5.654542764027913754e-02
5.452107347548008215e-02
5.859253903850913242e-02
5.473715210643907703e-02
5.999398056417703379e-02
6.111715863769252854e-02
5.391579210447768056e-02
6.487054937829574153e-02
5.526971106417476881e-02
5.655044041574001229e-02
5.414143434415261136e-02
5.765524990856647769e-02
5.707504341378807911e-02
5.635794331630070847e-02
5.494828525930642998e-02
5.560366146266460669e-02
5.733453072297076125e-02
5.472434845132132658e-02
5.562657559911410310e-02
5.510612622834742264e-02
5.965265115102132143e-02
5.704434656538068943e-02
5.422650665665666031e-02
5.574618918200333756e-02
5.981925787093738539e-02
5.775024883449077912e-02
5.411394540841380635e-02
5.539089126512408007e-02
5.786097905288140053e-02
5.548830075810352869e-02
5.634875689943631694e-02
5.541025229729711760e-02
5.750929390390713963e-02
5.900920905483265921e-02
5.488913610577583063e-02
5.512032441794872256e-02
5.547930290301640588e-02
5.461393084066609727e-02
5.499657563865184562e-02
5.528639896462361064e-02
5.697252862155437192e-02
5.613145132859547609e-02
5.595731595531105995e-02
5.585440792143345212e-02
5.559737197433908817e-02
5.650801089902719038e-02
5.886232120295365605e-02
6.078046335528294181e-02
6.325338650494813364e-02
5.666644693352282380e-02
5.875766573473811122e-02
5.507801385906835323e-02
6.057854804520805547e-02
5.733021408940355140e-02
5.710706673872967265e-02
6.196144772693514685e-02
5.404893688236673405e-02
6.205872698997457609e-02
5.674535002559423502e-02
5.711363695561885723e-02
5.395791479696829956e-02
5.392780051877101022e-02
5.499687171230713267e-02
6.001988307262460381e-02
7.121085124090313634e-02
5.426385070507724895e-02
5.425888323535521529e-02
5.821853439634044891e-02
5.475870873779058179e-02
5.928899173314372550e-02
6.081291187554598021e-02
5.646769640346368385e-02
5.880288152955472775e-02
5.369113173956672341e-02
5.691355338941017639e-02
5.650060581974684915e-02
5.817450189962983242e-02
