9.763902820646762348e-02
7.675745556751886745e-02
7.924291643003622543e-02
7.162803473571936752e-02
7.518980724116165748e-02
7.115533443788688017e-02
7.269358955323695914e-02
7.179096917311350579e-02
6.997372490664323375e-02
7.037092320621013419e-02
6.937780807415644402e-02
6.860398924599091230e-02
7.022261723875999895e-02
6.908217492202917143e-02
6.813648658494154964e-02
6.844304941594600566e-02
6.786447823047637995e-02
6.535050744811693457e-02
6.494256958365440813e-02
6.793593004345893638e-02
6.683383439977963469e-02
6.516249572237332865e-02
6.636134664217631374e-02
6.578923322260379902e-02
6.605501594642798624e-02
6.480800218880176933e-02
6.453407343477010616e-02
6.556029039124647295e-02
6.220720390478769873e-02
6.490639713903267882e-02
6.423773828893900029e-02
6.384683833767970662e-02
6.230739186207453345e-02
6.243167902032534244e-02
6.446665621052186101e-02
6.020803396900494681e-02
5.966486899803082056e-02
5.978619083762169023e-02
6.156557958573102840e-02
5.978777447094520137e-02
6.339709461977084681e-02
6.084535648425420246e-02
6.232095024238030329e-02
6.200027707964182039e-02
6.081659771502018197e-02
6.070200912654399872e-02
6.212719097733497564e-02
6.156983373065789272e-02
6.146905660629272544e-02
6.169664176801840233e-02
6.006800959507624382e-02
6.039718911051750183e-02
6.117046392212311529e-02
6.051423471421003147e-02
6.023632736255725428e-02
6.273456280430157739e-02
6.037694038202365276e-02
5.345377636452516151e-02
6.200394803037245772e-02
6.040417342136303325e-02
6.118159484118223385e-02
5.945152878761291587e-02
5.905435850222905819e-02
6.015848925958076909e-02
5.736489561696847539e-02
5.987561588486035868e-02
5.915836299459139441e-02
6.030628826469183051e-02
5.965274804582198359e-02
5.877099998295307048e-02
5.954502530395984483e-02
5.562405388802289796e-02
5.990706324577331487e-02
5.892737797151009066e-02
5.931763764470815437e-02
5.892973743379115864e-02
5.680879625181357168e-02
5.824691773702701109e-02
5.793579297761122099e-02
5.957766704261303198e-02
5.821798053880532925e-02
5.584192052483558794e-02
5.698475319892168378e-02
5.860428467392921753e-02
5.680779940138260681e-02
5.692981710036595921e-02
5.449092457691828706e-02
5.988385635117689926e-02
5.599319692701101164e-02
5.614443862189848894e-02
5.935873133440812410e-02
5.664969075471162907e-02
5.860747908552487589e-02
5.837000993390877718e-02
5.689311397572358736e-02
5.619807543853918425e-02
5.726386086394389535e-02
5.777522193888823265e-02
5.684430319815873822e-02
5.826761372387409543e-02
5.824266857157150978e-02
5.749879426012436540e-02
5.951447945088148006e-02
5.740468141933282448e-02
5.846511573841174647e-02
5.534949159870545393e-02
5.715130911519129830e-02
5.651962600648403195e-02
5.619912842909494805e-02
5.664352402091026029e-02
5.839748419821262637e-02
5.876237876713275715e-02
5.840181152025858413e-02
5.632142838090658382e-02
5.606671787798404860e-02
5.712352967510620633e-02
5.788012888282537127e-02
5.448010098189115524e-02
5.631759827335675733e-02
5.616166782875856023e-02
5.636765339722236284e-02
5.620268993079662045e-02
5.307310090710719297e-02
5.699556474884351354e-02
5.465570186575254008e-02
5.637512451658645979e-02
5.442172459016243746e-02
5.563746285935242814e-02
5.705765639742215595e-02
5.828147501995166457e-02
5.637485573689143131e-02
5.643557820469140979e-02
5.578788456817467684e-02
5.698747289677461025e-02
5.579449041436115864e-02
5.454193944732348143e-02
5.494668277601400669e-02
5.656241603195667073e-02
5.678257630517085514e-02
5.625799233714739306e-02
5.226611196994781355e-02
5.539883206288019613e-02
5.622452981770038882e-02
5.262199329833189970e-02
5.633370971928040177e-02
5.463530190289020427e-02
5.672495889166991045e-02
5.421263041595617699e-02
5.411811605095863398e-02
5.426512560496727505e-02
5.652787891527016884e-02
5.383386379728714866e-02
5.668182066331307195e-02
5.573386006057262643e-02
5.552156676848729600e-02
5.540469621618588497e-02
5.518915669371684402e-02
5.318368659665187459e-02
5.459923355529705535e-02
5.725323117027680125e-02
5.644779216498136548e-02
5.651914078742265729e-02
5.594849899411201422e-02
5.569937280068795044e-02
5.300307794163624381e-02
5.365537421156962861e-02
5.339615910003582544e-02
5.598130131761232947e-02
5.663526872793833711e-02
5.606141784538825473e-02
5.538068811098734862e-02
5.522653547426064485e-02
5.513443236549695620e-02
5.583897319932778353e-02
5.526315264403820066e-02
5.207963963349659942e-02
5.351621640225251442e-02
5.540992180506388448e-02
5.011504365752140339e-02
5.509150765836239028e-02
5.330349665135145076e-02
5.315497254331906507e-02
5.414770333717267015e-02
5.511074418822924093e-02
5.496321378896634052e-02
5.543959873418013301e-02
5.523357367763916809e-02
5.238934888194004408e-02
5.488113402078548947e-02
5.389120830843845827e-02
5.438291579484939853e-02
5.271385430047909743e-02
5.415483076125383183e-02
5.168816262235244319e-02
5.641703287760416879e-02
5.239045636107524107e-02
5.317723266780376157e-02
5.318203231940666492e-02
5.596654872099558753e-02
5.362816964586576002e-02
5.424108460545539606e-02
5.110817504425843594e-02
5.554217431694269402e-02
5.408966146409511372e-02
5.354078957190116367e-02
5.244835233936707281e-02
5.501238814244667485e-02
5.455452355245749008e-02
5.115615828583637559e-02
5.422454076508680804e-02
5.454623284439245878e-02
5.412721556921799848e-02
5.480571700880924879e-02
5.365028792371352717e-02
5.232983127236365967e-02
5.400744931151469502e-02
4.805141853789488687e-02
5.230364362398783051e-02
5.236792744447787279e-02
5.363510811080535179e-02
5.284997568776210464e-02
5.115288125971952787e-02
5.290803009023269110e-02
5.198768143852551538e-02
5.391319389144579727e-02
4.998244257022937259e-02
5.380049417416254975e-02
5.324138057728608486e-02
5.120148689796526903e-02
5.350336436182260430e-02
5.301959287375211660e-02
5.413623490681251232e-02
5.385457760343948658e-02
5.287987735122442329e-02
5.376801556597153586e-02
5.356498517096042883e-02
5.274685705701510213e-02
5.432266111175219209e-02
5.163164003441730876e-02
5.470117510606845035e-02
4.915008050700028774e-02
5.405188474804163007e-02
5.120035773764054082e-02
4.989164167394240929e-02
5.332533966749906235e-02
5.456857265283664160e-02
5.395306415855884857e-02
5.376011909296115471e-02
5.222045045346021541e-02
5.348804755757252671e-02
5.253927875310182571e-02
5.217751531551281796e-02
5.393761149297157664e-02
4.968454185873270174e-02
5.299075342714786724e-02
5.343323195974031964e-02
5.169817816466092814e-02
5.095974786827961456e-02
5.386326376348733735e-02
5.419691585004329792e-02
5.247938724855581716e-02
5.103291566173235455e-02
5.237930091718832892e-02
5.030652873218059706e-02
5.413192899276812742e-02
5.339996738980213459e-02
5.265436921268701331e-02
5.310950967172781839e-02
5.205261174589395634e-02
5.410182497153679521e-02
5.314019364615281404e-02
5.182903404037157713e-02
5.245422936975956130e-02
5.162821559856334980e-02
5.139431713769833376e-02
5.321193495144446728e-02
5.324876065055528934e-02
4.813022736459970224e-02
4.760835068921247942e-02
5.150498700638612287e-02
5.300385984281699020e-02
5.183894322564204515e-02
5.336282188693682038e-02
5.245148852467537010e-02
5.293509172896544018e-02
4.891109883785247497e-02
5.291936195145050675e-02
5.110989180703957857e-02
5.325654470672210039e-02
5.060789803663889863e-02
5.160468270381291661e-02
5.056326281279325402e-02
5.149951369812091201e-02
5.088560696691274421e-02
5.349722694605588830e-02
5.116489970435698920e-02
5.193611972033977675e-02
5.261596534401178499e-02
5.364906662454207997e-02
5.026685886085033306e-02
5.220074050128459958e-02
5.148577727377414565e-02
5.015519166986147359e-02
5.398503462473551451e-02
5.152576376994450619e-02
5.253523410608371136e-02
5.393833300719658858e-02
5.179329001655181425e-02
5.179554463674624493e-02
5.155362032353878049e-02
5.316370375454426006e-02
5.226208916554848233e-02
5.094554442912339887e-02
5.262663918236891447e-02
5.319003893683354328e-02
4.664517706880966924e-02
5.248632933944463730e-02
5.366694377114375469e-02
5.166906569153070783e-02
5.347413411984840853e-02
4.972212823728720116e-02
5.003905671338240019e-02
5.128524048874775337e-02
4.863038019587596211e-02
5.242367705951134216e-02
4.803032850225766315e-02
4.919084231058756806e-02
5.286835723867019249e-02
5.086558103561401173e-02
4.908345088362693620e-02
5.204790530105431884e-02
5.033794970562060350e-02
4.813105070342620084e-02
5.149543357392152160e-02
5.148829670002063458e-02
4.925203621387481967e-02
5.080602484444777384e-02
5.178849541892607822e-02
5.326525967568158937e-02
5.305750835686921796e-02
5.125636522968610165e-02
5.110960509628057619e-02
4.925402190536260633e-02
5.213471156855424560e-02
5.302437804639339308e-02
4.973496897766987307e-02
5.078310883293549183e-02
5.213580061992009740e-02
5.029322696228821776e-02
5.295757189393043851e-02
5.196175412585338216e-02
5.238668623069921843e-02
5.354990494747956936e-02
5.133231300860643248e-02
5.052652986099322868e-02
5.206542439758777424e-02
4.969645692656437380e-02
5.284754604101180725e-02
4.663931287825107824e-02
5.294362389792998946e-02
5.059711887190738999e-02
4.823500963548819215e-02
4.897902070234218946e-02
5.150347174455722349e-02
4.999437118570009692e-02
5.105427257716655537e-02
4.810207556933164541e-02
5.207480670263369554e-02
4.777479641139507210e-02
5.027266672501961436e-02
5.150635737925767649e-02
5.086034003645181767e-02
5.244784001260995726e-02
5.241575116912523813e-02
5.229408025741576899e-02
4.721083367864290642e-02
5.093559112399816818e-02
5.040933781613906456e-02
5.258849542587995529e-02
5.143037732690572406e-02
5.189436470468838936e-02
5.019198627521594125e-02
5.090961610277493915e-02
5.222748936464389341e-02
5.192376529177029909e-02
4.921712543815374291e-02
4.859485725561777519e-02
5.153241877754529549e-02
5.250764707724253633e-02
4.957475796341895974e-02
5.140156362205743762e-02
4.948922687520583563e-02
4.971071776002645298e-02
5.033203482627868902e-02
5.094706129282713242e-02
4.926565607388814355e-02
5.134049336115519002e-02
4.882613115012645472e-02
5.002042053888241385e-02
5.200236623485882809e-02
5.070333017657200486e-02
5.039464374383290785e-02
5.142388263096411838e-02
4.816927969455719188e-02
4.856827000776926806e-02
5.252458491673072521e-02
4.457706790417433063e-02
5.185173717637856644e-02
5.090546026825904652e-02
5.142751147349675783e-02
5.025609632333119525e-02
5.207256546864907215e-02
4.999746343741814231e-02
4.513658399383226744e-02
5.043007988482713783e-02
5.053377350171407018e-02
4.939283148696025499e-02
5.122481985638539098e-02
5.109057113528251565e-02
4.784030941625436184e-02
4.971472459534804350e-02
5.056699169178803521e-02
4.999501264343659407e-02
5.122780072192351097e-02
5.212527410437663156e-02
4.513813203821579606e-02
5.177101233353217230e-02
5.042061461756626450e-02
5.253881992151340080e-02
5.149929631501436178e-02
4.669759415090084242e-02
5.002363654474417665e-02
5.074978562692800815e-02
4.956891854604085490e-02
5.063621595501899969e-02
4.917722521970669530e-02
5.059895142912864546e-02
5.116395431260267745e-02
5.180681859453518945e-02
5.059917632490396749e-02
5.135007557769616371e-02
4.999334805955489569e-02
5.060636132955551036e-02
4.950303857525189394e-02
5.004547746231158278e-02
5.110741861164570105e-02
5.031596589833498001e-02
4.987418667723735044e-02
5.073734614998102327e-02
5.053670149296522057e-02
4.875862677892048996e-02
4.821060458819071554e-02
5.072374160091082385e-02
4.815048733105262158e-02
5.139590561389922874e-02
4.929742983231941850e-02
5.028394378721714325e-02
5.181776698678731974e-02
5.131484835098187175e-02
4.911421475311120166e-02
5.129816830158233365e-02
5.164898616572221463e-02
5.070268590003251807e-02
5.014845679203669415e-02
4.989325724542140877e-02
5.060024458914995360e-02
5.076652590185403574e-02
4.894577516863743427e-02
5.162913490086793594e-02
4.876072285075982310e-02
4.893498875200748277e-02
4.915806632488965711e-02
5.041034272561470408e-02
5.034101037929455263e-02
4.815388126919666750e-02
4.775248331328232898e-02
4.778337075064579414e-02
4.829043368498484035e-02
4.815447655816872813e-02
5.072511234631141286e-02
4.908458609133958817e-02
4.908568877726793289e-02
4.963176188369591846e-02
4.991795233140389199e-02
4.889105680088202260e-02
4.974311520655949614e-02
5.165643536796172414e-02
4.324573090920845464e-02
5.181264121085405600e-02
5.113331440836191288e-02
4.968393639971812464e-02
4.928176380693912589e-02
4.697674931337435938e-02
4.650306629637877137e-02
5.008599724620580590e-02
4.862896165500084356e-02
5.021942382057507925e-02
5.081731616208950975e-02
4.788538228720426448e-02
5.092102736234664639e-02
