2.350794823840260395e-01
1.124509772844612537e-01
9.716160999611020421e-02
9.167334748432040548e-02
8.561179159209132694e-02
8.365211160853505690e-02
8.092850150540470411e-02
7.802506038919090892e-02
7.870659463107586296e-02
7.645587434992194564e-02
7.510498289018868734e-02
7.535393122583627923e-02
7.107203289866446949e-02
7.314591644331812359e-02
7.041583074256778374e-02
7.135525792837142667e-02
6.936710171401500036e-02
7.202513474971056207e-02
6.773592662066221792e-02
7.279051382094621492e-02
7.061634346842765586e-02
6.881909144110977261e-02
6.957754770293832214e-02
6.764231448993086870e-02
6.783976808190345098e-02
6.836565675213933380e-02
6.810966158285737537e-02
6.710608284920453748e-02
6.604367399588227661e-02
6.674655879847705975e-02
6.492987776175140890e-02
6.814322451129556368e-02
6.735809009522199242e-02
6.704685369506478698e-02
6.670751369558275412e-02
6.552620840258896462e-02
6.628027988597751108e-02
6.696819169446825704e-02
6.421966665424407028e-02
6.543054569512606056e-02
6.540725604631006385e-02
6.664531718008220862e-02
6.640323606319725736e-02
6.550212505273521335e-02
6.307999659329652231e-02
6.536416781134903042e-02
6.368207233957946800e-02
6.437233949080109485e-02
6.532954004593193031e-02
6.395308059640228415e-02
6.475476580671965521e-02
6.472715096548199709e-02
6.427872447296976988e-02
6.367430727928877210e-02
6.510196639224886950e-02
6.391397753730415632e-02
6.317514379508792910e-02
6.503715669736266636e-02
6.358656452037393658e-02
6.439330860972404535e-02
6.225319732911884646e-02
6.321411377750336957e-02
6.317745324224233183e-02
6.310015848837792485e-02
6.227303152903914535e-02
6.255225080996751341e-02
6.298594165593385252e-02
6.203279986977577182e-02
6.215215006843208961e-02
6.199215338565409322e-02
6.272447376511991468e-02
6.387065749615430943e-02
6.252341111190616585e-02
6.112998827360570375e-02
6.338475508615375176e-02
6.241274057887494231e-02
6.401992897503078206e-02
6.044926904141902785e-02
6.368537469767034109e-02
6.188059205189347378e-02
6.143919821828603550e-02
6.260373149067163800e-02
6.289770274423062135e-02
6.243048654869198799e-02
6.217432706616819044e-02
6.262415049597620798e-02
6.136410320177674432e-02
6.131852455437183241e-02
6.157675951719283891e-02
6.213055180385709114e-02
6.181231796741485512e-02
6.027898277156054641e-02
6.133701995015144320e-02
6.189172295853495598e-02
6.207562742754817176e-02
6.137687960639595652e-02
6.033487894572317489e-02
6.185180213302374219e-02
6.216712956316769456e-02
6.206217837519943659e-02
