9.021305200606584140e-01
8.381582459062337787e-01
5.443610121831298221e-01
3.901463560238480621e-01
2.829066154286265511e-01
2.144396685287356386e-01
1.671661239974200630e-01
1.383691688887774829e-01
1.196396369077265265e-01
1.071321319416165402e-01
9.857996827736496825e-02
9.623804970271884751e-02
9.246927368640898981e-02
8.508099289983510338e-02
8.620257798954844564e-02
8.665898203849792258e-02
8.755700446851551189e-02
8.256439612433313924e-02
8.454961806721984774e-02
8.215688307210802788e-02
8.010748904570937079e-02
8.254738214425742793e-02
8.050768867321311806e-02
7.873214048147202104e-02
7.999427840486168784e-02
7.997078042291104472e-02
7.875343534909189092e-02
7.832271735370159582e-02
7.837702442146837756e-02
8.025275087729095980e-02
7.992682543583214116e-02
7.801725352741778474e-02
7.801380168274045512e-02
7.779937172308563909e-02
7.667130708694458452e-02
7.689434850588440507e-02
7.652486877515912722e-02
7.612174855917691607e-02
8.246567570976913453e-02
7.491198432631790416e-02
8.163918174989522047e-02
7.542275541275739181e-02
7.614610280469059911e-02
7.714086667448281920e-02
7.830843121744691937e-02
7.513140285760164239e-02
7.567873729020356544e-02
7.798791380971670240e-02
7.587162575311959256e-02
7.655396671779453321e-02
7.720481134951114044e-02
7.640430035255849073e-02
7.667886173352599088e-02
7.441552684269844842e-02
7.704604099504649972e-02
7.611632812768220901e-02
7.713731646351516813e-02
7.804742205515503850e-02
7.815142141282557797e-02
7.447798005305231173e-02
7.465693934634327900e-02
7.288710177876055185e-02
7.320332249626516907e-02
7.442390465550124956e-02
7.657467239163816275e-02
7.511723934300243433e-02
7.727912683784961267e-02
7.332840167731047298e-02
7.696238557621837284e-02
7.508571328967809932e-02
7.359889580495655725e-02
7.255555498786270263e-02
7.544209106639027107e-02
7.398108086548745022e-02
7.412573765218258282e-02
7.953837937675416192e-02
7.503030525147914853e-02
7.659294333681464229e-02
7.238053592853248286e-02
7.265209189057350581e-02
7.285379560664295706e-02
7.476862346008419924e-02
7.704996960982680998e-02
7.471624451875687190e-02
7.179318214394152242e-02
7.210184124670922234e-02
7.112762415781617720e-02
7.192205070331693373e-02
7.428376043215394187e-02
7.203684101626277314e-02
7.105770519189535950e-02
7.426499881595373387e-02
7.211784673668443502e-02
7.135630374401807918e-02
7.198479314334690904e-02
7.166978626511991135e-02
7.197662629559635483e-02
7.489049922674893833e-02
7.634025765024125831e-02
7.240741600096226027e-02
