3.180149794866641288e-01
9.849486562112967636e-02
9.202829537292321616e-02
8.447059635072946826e-02
7.773012140144903992e-02
7.673487514257430753e-02
7.094610786686340875e-02
7.055856982866923199e-02
7.212289099891980304e-02
7.452126592397689819e-02
7.415241524577140253e-02
7.176159011820952560e-02
7.298611911634604599e-02
7.213562432055671547e-02
7.648943023135264252e-02
7.380406856536865512e-02
6.688551350186268396e-02
7.434144398818413879e-02
6.965643763542175848e-02
7.211569733917713720e-02
