7.846176762898763002e+01
8.800065533320109878e+00
3.383078139424323894e+00
3.290932829380035507e+00
2.037364871501922803e+00
1.151673369010289605e+00
5.746108153959115228e-01
3.934143355240424245e-01
2.032350360850493087e-01
1.917260191837946437e-01
1.618498359868923708e-01
1.070466141092280554e-01
1.226660252486665992e-01
1.272665833060939999e-01
9.255757498865326005e-02
1.054586609825491905e-01
1.087279019442697336e-01
8.364008155961831503e-02
8.464264937366049180e-02
8.735671446348229618e-02
