1.142746052760630904e-01
7.679038081690668649e-02
7.056110603921116053e-02
6.703036078065634229e-02
6.699436469003558492e-02
6.460694437660276235e-02
6.633247923105954624e-02
6.481548175588250360e-02
6.455946793593465849e-02
6.307293110527098512e-02
6.242989625222981204e-02
6.445924313180148579e-02
6.226531352289021298e-02
6.231006395071744808e-02
6.130964911542832740e-02
6.093925023823976855e-02
6.161289413087069761e-02
6.322117191180587348e-02
6.146820425987243458e-02
6.136830451525748104e-02
6.185167500562965825e-02
6.045384567975997658e-02
6.040093106031417525e-02
6.100573723204433946e-02
6.004536070954054339e-02
5.955778296664357430e-02
5.996538466401397927e-02
5.969932973757386546e-02
6.026466603763401542e-02
5.995399275515228554e-02
5.910226751863956185e-02
5.916451795585453421e-02
6.136009018495679201e-02
5.925729200243949613e-02
5.932890848256647254e-02
5.879291064292192781e-02
5.833033794257790061e-02
6.020862592570483396e-02
5.884598550759256169e-02
5.866910547483712712e-02
5.964399518165737490e-02
5.842206620797514571e-02
5.755021135322749282e-02
5.864995170570910105e-02
5.954716622456908415e-02
5.853170371986925885e-02
5.909524400718510484e-02
5.861214884556829874e-02
5.924012891575693857e-02
5.890156812779605289e-02
5.698487570974975630e-02
5.790153869986534169e-02
5.841980203986167630e-02
5.868872743006795650e-02
5.793240733258426395e-02
5.856674076616764230e-02
5.712884435709565667e-02
5.965850476548075626e-02
5.775146107934415324e-02
5.711981212347745640e-02
5.723831572383641930e-02
5.835090012103319457e-02
5.697079833596944975e-02
5.713840460311621350e-02
5.668700846750289457e-02
5.675723674148321074e-02
5.697803203389048554e-02
5.846632019430399174e-02
5.799550071358680614e-02
5.739171074889599933e-02
5.650047391653061080e-02
5.667407898046076392e-02
5.613975136261433602e-02
5.680278862919658361e-02
5.618752460461109988e-02
5.692806358356029134e-02
5.767211353965103621e-02
5.697792960889637437e-02
5.655535581707954451e-02
5.779603255912661719e-02
5.725023779459297718e-02
5.748015109077096035e-02
5.549034725129604190e-02
5.637404127232730627e-02
5.614520482532679713e-02
5.628181853052229011e-02
5.675422144494950832e-02
5.641759381256997857e-02
5.593661053851246845e-02
5.576139429491012989e-02
5.591526657529174993e-02
5.608054372295737111e-02
5.657127523235976757e-02
5.586965230852365683e-02
5.601504102535545537e-02
5.554841242823749942e-02
5.629614674393087353e-02
5.781234619021415749e-02
5.567560698743909825e-02
5.610131954029202311e-02
5.558440938405692644e-02
5.603123608976602610e-02
5.661485203169286384e-02
5.506079286709427562e-02
5.542575983330607498e-02
5.549975188449025182e-02
5.554148471448570185e-02
5.566179279051720885e-02
5.481586000602692299e-02
5.612504606600850904e-02
5.632244624383747622e-02
5.631634255684912077e-02
5.503555694688111455e-02
5.557875669561326837e-02
5.537882763054222113e-02
5.559306864999234710e-02
5.603640910238027323e-02
5.449409399181604635e-02
5.486111220065504473e-02
5.506511956825852622e-02
5.533277193829417434e-02
5.507754861190915230e-02
5.537124968878924525e-02
5.546565561089664836e-02
5.532171668671071602e-02
5.534711217321455767e-02
5.520452544465660749e-02
5.493629574310034819e-02
5.505712599400430785e-02
5.596102040819823931e-02
5.541610424034297544e-02
5.662856305297463838e-02
5.512127787247299987e-02
5.406159086339175357e-02
5.467118035349995131e-02
5.519150320533663251e-02
5.457604827173054285e-02
5.556346462480724058e-02
5.463150304183363865e-02
5.491665800102055184e-02
5.407647745124995881e-02
5.464227289706468510e-02
5.437705458328127850e-02
5.422839886508881713e-02
5.443006734549999531e-02
5.437770764902234016e-02
5.466162936110049303e-02
5.469294918607920525e-02
5.410031737107783706e-02
5.477613996434956695e-02
5.455717234127223370e-02
5.448109666164964449e-02
5.505767431668937006e-02
5.465081545524299450e-02
5.373841963522136417e-02
5.412321285158396000e-02
5.410935892630368282e-02
5.428779342770576749e-02
5.446305494476109954e-02
5.520432570017873991e-02
5.467607021983712789e-02
5.562071660067886142e-02
5.435899242013692706e-02
5.483142413850873587e-02
5.381026549357920824e-02
5.475007747299968919e-02
5.555930379778147021e-02
5.428657903894781867e-02
5.469011043198406669e-02
5.301294314209371861e-02
5.438809592928737363e-02
5.458255904633552147e-02
5.643290492240339573e-02
5.420070167817175183e-02
5.371663340274244330e-02
5.430120455473661650e-02
5.366487650014459959e-02
5.412208635173738208e-02
5.403582888562231956e-02
5.367625250853597790e-02
5.391216528229415134e-02
5.406731626391411000e-02
5.385354761406779128e-02
5.403922271728515969e-02
5.397185322456062029e-02
5.445232921652495839e-02
5.458942538872361278e-02
5.411126194614917367e-02
5.423040533624589460e-02
5.379325870703905582e-02
5.442018396779894907e-02
5.438056427612900784e-02
5.416058271285146414e-02
5.357637220062315409e-02
5.355177359841763879e-02
5.336249939072876952e-02
5.480833983607590054e-02
5.387933911383151891e-02
5.345641050208359973e-02
5.452920552436262697e-02
5.434450149908661570e-02
5.366020323801785896e-02
5.679841086827218388e-02
5.496188919711857829e-02
5.351846596319228405e-02
5.342395797371864152e-02
5.363525312393904038e-02
5.352482925076037373e-02
5.298738293908536456e-02
5.328393943980336278e-02
5.363409362453967072e-02
5.442651284020393748e-02
5.337987653911113739e-02
5.463847380597144227e-02
5.360858970973640669e-02
5.324787595495581588e-02
5.431739259045571117e-02
5.343657218571752632e-02
5.349600340519100605e-02
5.361733821220696083e-02
5.361941067595035054e-02
5.422048387955874515e-02
5.357722706533968315e-02
5.502282730676234107e-02
5.414306084439158423e-02
5.311645900830626321e-02
5.464424606505781379e-02
5.542178598418831537e-02
5.351572232600301793e-02
5.408331912849098644e-02
5.325925545953213991e-02
5.361845572758466155e-02
5.326990540418773817e-02
5.329979178309440790e-02
5.290465279482305105e-02
5.346572463959455707e-02
5.329040698893368344e-02
5.624615281075238948e-02
5.374884341564029749e-02
5.424310078937560203e-02
5.338732740469277066e-02
5.384159807674587100e-02
5.265138172451406390e-02
5.250896619446575320e-02
5.339138975646346569e-02
5.450481384433805698e-02
5.356646601762622695e-02
5.291702702641486872e-02
5.291775550786406018e-02
5.306628572102636138e-02
5.303203382715582920e-02
5.416389615740627161e-02
5.221564793121069581e-02
5.330031269788742393e-02
5.478677369840442846e-02
5.454377052746713084e-02
5.425612444709986687e-02
5.308257108088582782e-02
5.295191128272563191e-02
5.293295214697718576e-02
5.384358945582062156e-02
5.340994150098413162e-02
5.281586470734327826e-02
5.348194490093737680e-02
5.320596378482878031e-02
5.427716363500803554e-02
5.365233175363391671e-02
5.277374771237373224e-02
5.280510441400110971e-02
5.415046023856848190e-02
5.249894888419658068e-02
5.340378440730273596e-02
5.340367947146296840e-02
5.306093658600002233e-02
5.290410771127790346e-02
5.211551371403038563e-02
5.264201904181391167e-02
5.348744762875139863e-02
5.336613733880221644e-02
5.262834825646132281e-02
5.344161477684974959e-02
5.377113016322255384e-02
5.324715890362858445e-02
5.286529914662242008e-02
5.295236083306371910e-02
5.288101422041654315e-02
5.284460927173495470e-02
5.309984981827437639e-02
5.315525791607797479e-02
5.335089063271879900e-02
5.322921066358685810e-02
5.253373023867607267e-02
5.341857760306447517e-02
5.287242504768073503e-02
5.312496648542582717e-02
5.341308362130075399e-02
5.387717298325150894e-02
5.294443443045020181e-02
5.336137682944536165e-02
5.299285257421433581e-02
5.323583569563924978e-02
5.370970142912119549e-02
5.264217710401862538e-02
5.315693807601928889e-02
5.270773778390139275e-02
5.268995440378785450e-02
5.279426108580082683e-02
5.339048616867512337e-02
5.298227850347757284e-02
5.295619518961757616e-02
5.290162563975900345e-02
5.311397221684455855e-02
5.356698467768728628e-02
5.261339463759213964e-02
5.269386374019086050e-02
5.342573159281164413e-02
5.213415785878896397e-02
5.239759854879229989e-02
5.364425696991383802e-02
5.296224016509950422e-02
5.235233432613313476e-02
5.296541888173669776e-02
5.207215085346252048e-02
5.295349757187068490e-02
5.263272937107831007e-02
5.355777043476700472e-02
5.275129259470850290e-02
5.258083304576575967e-02
5.260774539317935455e-02
5.249279934726655550e-02
5.274676699563860677e-02
5.248583587817847590e-02
5.242853898927569284e-02
5.292189609725028027e-02
5.156031112466007149e-02
5.247065779566764676e-02
5.267841255478560719e-02
5.232611748855561101e-02
5.345186520274728542e-02
5.246187341026961604e-02
5.264789604581892463e-02
5.221194753609597478e-02
5.221269378904253022e-02
5.281802059058100102e-02
5.239247849676757773e-02
5.239158921223133897e-02
5.201987132150679566e-02
5.243200143706053251e-02
5.348826209641992929e-02
5.231851348001510110e-02
5.252883160952478980e-02
5.294797821156680545e-02
5.316137569956481262e-02
5.223797278199344973e-02
5.168863148614764175e-02
5.187858402915299094e-02
5.251501369196921731e-02
5.241526949033141480e-02
5.268893975205719143e-02
5.265836856886744327e-02
5.182635552342981095e-02
5.302681471128016522e-02
5.188648150954395383e-02
5.333357691392302813e-02
5.262051049992442359e-02
5.227421581279486501e-02
5.229943967610597294e-02
5.257848400808870504e-02
5.243465972132980990e-02
5.326393843442201598e-02
5.260101222805679128e-02
5.247703738603740758e-02
5.266641184780746637e-02
5.205237641744315386e-02
5.222079881187528111e-02
5.164864314906299214e-02
5.238697107508778761e-02
5.294703554734587342e-02
5.343196551874279665e-02
5.248587169498205446e-02
5.273971044644713141e-02
5.215128760971128596e-02
5.258878849074244410e-02
5.243857386615127097e-02
5.303332502767443835e-02
5.287002832349389780e-02
5.362632720638066397e-02
5.256526101566851017e-02
5.242096388991922262e-02
5.230706403497606405e-02
5.352274495922029057e-02
5.218768697790801547e-02
5.266229207441210786e-02
5.269930377975106522e-02
5.255606684461235772e-02
5.195517020951956333e-02
5.304265599884092769e-02
5.261397226713597497e-02
5.221804578416049808e-02
5.258280885592103021e-02
5.228670536633581167e-02
5.268342233169823891e-02
5.399556360952555839e-02
5.264738902729004799e-02
5.220388876553624935e-02
5.224930268246680276e-02
5.395121854729950650e-02
5.313322594668716536e-02
5.192527679540216712e-02
5.237646467145532642e-02
5.339609666168689678e-02
5.216611353866756201e-02
5.265674733184277923e-02
5.298695303965359621e-02
5.286207188107073379e-02
5.192545213829725947e-02
5.183614052552729806e-02
5.218403367046266922e-02
5.262953290622681551e-02
5.278235964383930223e-02
5.209825055673718286e-02
5.213436309248208750e-02
5.210049326345324305e-02
5.338154380861669795e-02
5.080029904749244762e-02
5.123934852238744286e-02
5.176896131597459594e-02
5.133757836464792473e-02
5.270145359355956488e-02
5.217726247757673019e-02
5.186315522994846411e-02
5.297324779350310459e-02
5.280196973308921154e-02
5.227843946497887084e-02
5.288414158299565432e-02
5.170436050090938818e-02
5.118425277899951026e-02
5.296308974549174264e-02
5.223149374686181234e-02
5.213646755553782292e-02
5.192813950963318104e-02
5.186987439263612137e-02
5.157714175432920323e-02
5.150468034110963073e-02
5.229039624333381431e-02
5.158838905766606475e-02
5.228511831443756475e-02
5.182288022059947097e-02
5.311268321610987386e-02
5.228916087374091415e-02
5.238041744101792907e-02
5.172191907092928836e-02
5.201010251510888166e-02
5.183771866001189027e-02
5.160255354736000000e-02
5.166202866751700568e-02
5.162415193207561814e-02
5.168995088338852045e-02
5.175132552534341540e-02
5.194227109197527281e-02
5.214225039817392549e-02
5.245722513552755067e-02
5.185487936902791195e-02
5.228170542139559673e-02
5.227097865007817451e-02
5.196745895966887324e-02
5.139685449190437710e-02
5.280850256234407430e-02
5.300982941687107375e-02
5.241224790643900927e-02
5.202914993558079015e-02
5.205260988883674000e-02
5.190589343104511783e-02
5.229422309063375129e-02
5.185081674158573128e-02
5.200687145814299889e-02
5.180119485687464248e-02
5.156139944773167200e-02
5.171254521328955828e-02
5.236119707673787815e-02
5.171572437509894260e-02
5.235660201776772688e-02
5.246013110503554289e-02
5.155517875310033221e-02
5.157671751454472736e-02
5.224031150620430525e-02
5.245597665384411912e-02
5.197552379313856441e-02
5.177207086887210263e-02
5.220456455554813024e-02
5.152605273108929601e-02
5.171872629784047409e-02
5.208431458286941207e-02
5.212953636795282508e-02
5.164888781961053665e-02
5.199066763836890370e-02
5.151510541420430134e-02
5.140386207029223192e-02
5.159101273491978334e-02
5.156500348169356512e-02
5.181323458440601631e-02
5.213888210710138083e-02
5.167114933580160135e-02
5.200642368290573497e-02
5.269177911896258393e-02
5.078261116705835160e-02
5.254546089563518624e-02
5.184876674227416327e-02
5.152740086428821142e-02
5.249241003952920259e-02
5.343795244768261704e-02
5.147300099022686370e-02
5.171361929271370284e-02
5.155442844517529183e-02
5.190274499636143152e-02
5.249725907016545429e-02
5.147112403903156275e-02
5.181285589933395247e-02
5.232893652096391041e-02
5.204383301828056918e-02
5.272505489457398470e-02
5.167336279433220464e-02
5.165639007370918800e-02
5.147752367705106524e-02
5.245660088211297895e-02
5.208789194747805856e-02
5.144168511033057889e-02
5.217843088228255738e-02
5.227631803881376688e-02
5.164830320142209386e-02
5.141126389149576481e-02
5.132942163851111905e-02
5.206950001884251555e-02
5.152941306866705429e-02
5.159092688467353804e-02
5.125180257484316521e-02
5.122964444104582266e-02
5.193301652371883070e-02
5.183019456081092158e-02
5.246072381734848133e-02
5.191711558680981581e-02
5.211802814155817171e-02
5.220028941705823211e-02
5.206972478795796749e-02
5.185843035206198770e-02
5.161133566033095088e-02
5.279020812083035780e-02
5.155742961540818459e-02
5.237938821408897466e-02
5.200605586450546963e-02
5.176194092072546743e-02
5.190285416040569394e-02
5.121355815976857961e-02
5.143066975008696307e-02
5.182331824582070423e-02
5.206021780148148426e-02
5.130759422667324765e-02
5.217739719711243784e-02
5.141349184885621315e-02
5.147210802976041888e-02
5.188039267342537536e-02
5.190383612643927058e-02
5.250848829187453048e-02
5.180025537870824176e-02
5.195387621317058835e-02
5.188657410349696575e-02
5.210139045584946671e-02
5.127574926707893777e-02
5.134672218468040034e-02
5.183202038425951952e-02
5.211480728257447681e-02
5.158598696254193539e-02
5.175707901921123427e-02
5.173932464793324498e-02
5.137652130983769855e-02
5.206896718498319615e-02
5.280486919637769616e-02
5.147816847730427720e-02
5.162489530630409718e-02
5.180941742379218534e-02
5.172912652604282069e-02
5.189292334206402346e-02
5.153790338430553480e-02
5.101815283484757019e-02
5.083480354212224772e-02
5.197152745351195369e-02
5.170178376510739526e-02
5.251956818625330703e-02
5.185110979061573894e-02
5.141878266911953377e-02
5.282381347008049260e-02
5.187359105143696247e-02
5.233504306059330591e-02
5.137940618861466802e-02
5.237054134346545015e-02
5.154960927926004188e-02
5.129479627683758425e-02
5.295700051542371473e-02
5.206598707474768134e-02
5.179796628095209576e-02
5.100257496815174818e-02
5.141043101903051277e-02
5.151620301697402982e-02
5.182034588698297695e-02
5.171190207917242959e-02
5.227043099422008093e-02
5.134114746563136350e-02
5.196752797067165364e-02
5.153557136282324591e-02
5.084979280550033093e-02
5.146626556385308637e-02
5.176752537116408037e-02
5.159212854038924129e-02
5.126262811385095403e-02
5.162551114521920365e-02
5.257521715387702271e-02
5.181154204066842905e-02
5.208073086570948196e-02
5.158374384324997813e-02
5.149809750635176570e-02
5.135522186849266618e-02
5.141312059666961615e-02
5.089480862393975374e-02
5.208557623717934015e-02
5.277613002527505037e-02
5.183681793417781875e-02
5.123179693985730615e-02
5.155164087470620604e-02
5.189911356288939848e-02
5.185145723912865101e-02
5.141257122904062393e-02
5.108576443977654036e-02
5.112980884592980418e-02
5.181493352353572918e-02
5.259767002519220164e-02
5.145714286342262939e-02
5.101687982026487794e-02
5.017702671047299945e-02
5.143369920738041084e-02
5.144957550149410752e-02
5.331910311244428269e-02
5.174476258642971699e-02
5.160617508552968469e-02
5.177018273435533141e-02
5.128576677571981823e-02
5.212953753769397625e-02
5.070971085689961882e-02
5.161496399808675195e-02
5.064105187263339553e-02
5.219396630208939653e-02
5.179738542623817804e-02
5.143406241573393600e-02
5.119287179410457467e-02
5.133658177871257278e-02
5.137410127092152667e-02
5.104856155067682283e-02
5.209309754334390252e-02
5.147609938122332113e-02
5.125256009865552381e-02
5.203202818334102392e-02
5.138616933114826396e-02
5.106460713129490347e-02
5.128910362813621920e-02
5.117748523503541647e-02
5.118566982820629829e-02
5.108638454508036136e-02
5.226992116123437698e-02
5.134247289877384712e-02
5.126813412737101644e-02
5.092070381250232702e-02
5.156456490419805000e-02
5.205609965045004950e-02
5.147246958687901747e-02
5.183023341279476698e-02
5.131357883382588886e-02
5.127266556583345153e-02
5.169229024928063271e-02
5.127054919116198761e-02
5.118325591739267266e-02
5.152434667665511253e-02
5.147651660628616704e-02
5.095628184638917313e-02
5.228313271515071248e-02
5.094475066475569885e-02
5.131709143798798139e-02
5.093269349448382999e-02
5.115295692719518811e-02
5.094870322477072777e-02
5.126045670919120167e-02
5.136478073708713316e-02
5.091265420615673221e-02
5.104609276074915936e-02
5.132413750328123497e-02
5.093161529023200462e-02
5.232833764143288158e-02
5.140756665822118765e-02
5.172638576850294850e-02
5.130377327371388879e-02
5.372275559697300279e-02
5.109563212655484493e-02
5.162222039885819291e-02
5.106313985679298423e-02
5.168346561305224574e-02
5.111158362403511735e-02
5.079506920650601193e-02
5.205654048640281223e-02
5.151204653643071812e-02
5.122442849539220189e-02
5.140321404114365361e-02
5.098813563864677822e-02
5.059991398081183089e-02
5.103413854353129608e-02
5.111419012863188671e-02
5.089443711657076763e-02
5.108673890028148784e-02
5.106508016213774648e-02
5.146161376032978158e-02
5.184613330196589237e-02
5.162535178661346175e-02
5.112309729773550915e-02
5.159983667731284779e-02
5.110799645259976598e-02
5.192268211487680724e-02
5.075022780988365512e-02
5.146426931396126669e-02
5.142077905684709627e-02
5.104122135229408747e-02
5.158786176797002659e-02
5.152612478379160060e-02
5.336994515545666340e-02
5.141177411098032946e-02
5.151332714781164945e-02
5.113551639486104555e-02
5.146976934373378998e-02
5.110014608222990945e-02
5.135460398718715014e-02
5.121517756022513079e-02
5.121106322761625335e-02
5.069420066475868042e-02
5.131207001302390963e-02
5.114509507454931964e-02
5.186583876051008984e-02
5.044920105300843699e-02
5.111872541904449729e-02
5.091554975975304959e-02
5.143292795866728079e-02
5.134921040758490263e-02
5.095318121742457157e-02
5.162054752372205457e-02
5.153720684815198128e-02
5.149449517019093203e-02
5.154152969177812349e-02
5.107472728565335546e-02
5.099013836495578517e-02
5.162268222402781326e-02
5.105269261635839856e-02
5.310724496841430498e-02
5.125843187235296083e-02
5.129431408364325956e-02
5.120646232739090725e-02
5.153493973705917941e-02
5.184226426482200362e-02
5.107835683319717629e-02
5.098012694809585937e-02
5.055153560917824418e-02
5.134961965680122364e-02
5.230983846820890654e-02
5.142465205490589358e-02
5.088091322313994386e-02
5.098630359489470659e-02
5.109659353457391556e-02
5.089521610736846835e-02
5.126800475269555762e-02
5.066320461872965419e-02
5.119667057879269401e-02
5.084583637584001031e-02
5.132696125190704811e-02
5.106404694356024565e-02
5.131749662943184409e-02
5.085195494536310507e-02
5.092726331297308534e-02
5.203015095088631137e-02
5.124916888121515413e-02
5.105007981043308690e-02
5.166990373190492175e-02
5.146643229108303907e-02
5.113970312569290216e-02
5.258506171591580125e-02
5.166855182684958192e-02
5.092365667317062805e-02
5.114581028930843126e-02
5.135375095531344303e-02
5.151784793194383316e-02
5.172048741299659080e-02
5.102147482708096343e-02
5.144695364125072973e-02
5.171885994076728943e-02
5.070801238622516666e-02
5.084581342246383140e-02
5.098466957453638010e-02
5.147274336684495161e-02
5.188450050912797595e-02
5.139890741650015443e-02
5.213664143346249946e-02
5.106304080132394868e-02
5.122427172027528564e-02
5.169212292321026525e-02
5.094141777325421339e-02
5.191282080672681570e-02
5.250038489606231179e-02
5.113192493654787618e-02
5.082329189684241938e-02
5.108275424409657733e-02
5.100943219102919285e-02
5.193085313681512771e-02
5.098636168334633179e-02
5.101520478818565713e-02
5.142012815270573245e-02
5.067762268707156487e-02
5.197512025386095275e-02
5.130348493251949554e-02
5.123173641692847086e-02
5.189818463940173293e-02
5.057582700811326382e-02
5.138934444636106269e-02
5.089874578174203440e-02
5.187701330706476904e-02
5.086801784764975048e-02
5.148204736877232818e-02
5.074704486783594010e-02
5.198141149524599519e-02
5.048136306460946493e-02
5.152579158544540183e-02
5.117714666854589894e-02
5.131036708876490771e-02
5.113836199976504182e-02
5.105142247304320091e-02
5.137761982809752048e-02
5.131371199712157077e-02
5.158974954579025746e-02
5.054716994799673263e-02
5.101111996732652504e-02
5.135192316304892229e-02
5.082490208186209169e-02
5.192064963188022103e-02
5.130735425744206019e-02
5.136169714201242048e-02
5.049774121865630017e-02
5.150024104304611744e-02
5.104173086211085536e-02
5.111069098487496659e-02
5.129919143300503553e-02
5.115438416134566318e-02
5.200297062844037865e-02
5.100477812718599846e-02
5.088466008007526409e-02
5.090684106480330290e-02
5.050890050083398780e-02
5.105972401425242641e-02
5.155220668110996329e-02
5.096052499674260522e-02
5.056304653547704503e-02
5.057794908527284833e-02
5.087211957760155029e-02
5.052393953129648979e-02
5.084828433673829057e-02
5.125151570979506049e-02
5.086060766410082506e-02
5.112252485007047487e-02
5.102935986500233695e-02
5.096882580872624802e-02
5.065461551211774410e-02
5.160741580463945599e-02
5.112980324123055087e-02
5.102538612484931735e-02
5.166207225620746829e-02
5.108159733656793960e-02
5.158392974734306302e-02
5.100612389296293320e-02
5.221796823106706481e-02
5.189929072372615609e-02
5.084716985374689024e-02
5.075848280545323943e-02
5.121232847683131889e-02
5.109100353159010122e-02
5.079789209272712186e-02
5.092704485170543305e-02
5.077270467486232758e-02
5.108688370510935939e-02
5.109302313625812414e-02
5.066574077121913100e-02
5.052737948205322099e-02
5.113787699956447164e-02
5.126465700007975385e-02
5.123128758650272868e-02
5.129155984241515198e-02
5.059052200987935316e-02
5.131419908348471004e-02
5.068984715174883887e-02
5.201123105734586916e-02
5.180502395238727187e-02
5.184610106982290995e-02
5.092506033368408846e-02
5.126026999205350598e-02
5.101425507012754407e-02
5.134358831308782206e-02
5.094969236385077371e-02
5.191102378442883497e-02
5.207631129957735611e-02
5.150807818677276273e-02
5.192540063336491263e-02
5.088773995637893566e-02
5.059702795743942216e-02
5.099889156874268942e-02
5.071007747855037218e-02
5.096475421544164469e-02
5.098781773820519614e-02
5.138588027376681661e-02
5.103480788227170856e-02
5.080576355103403469e-02
5.093333864677697387e-02
5.139886961784213837e-02
5.049995915684848957e-02
5.148223472014069879e-02
5.027042023278772975e-02
4.976657450478524231e-02
5.064629178680479793e-02
5.152717269770801245e-02
5.109139541629701547e-02
5.070669345092028435e-02
5.067924109101295399e-02
5.034356257226318271e-02
5.119226085953414163e-02
5.103590171132237063e-02
5.132548709399998438e-02
5.175215376075357337e-02
5.192028823029250229e-02
5.108938526548445491e-02
5.113305955007672182e-02
5.137545631546527186e-02
5.086462557595223394e-02
5.062885313108563684e-02
5.113811818510293622e-02
5.052280510962009474e-02
5.073075092677026970e-02
5.095754830725490736e-02
5.095667459256947307e-02
5.068522095493972063e-02
5.101680152863263817e-02
5.040333905257284725e-02
5.090441043488681122e-02
5.196985045168548562e-02
5.094067157991230554e-02
5.090075316000729905e-02
5.067560719326138358e-02
5.151827256008982558e-02
5.020755973365157582e-02
5.101642366405576695e-02
5.152051122020930018e-02
5.102156174182891774e-02
5.027715755160897665e-02
5.070454797521233709e-02
5.086249219998717486e-02
5.105715500470250912e-02
5.058568778075277911e-02
5.075394436530768910e-02
5.077631866000592575e-02
5.091494116093963490e-02
5.111638856865465680e-02
5.119604371674359167e-02
5.158267641346901689e-02
5.113050043303519338e-02
5.139517966099083762e-02
5.043395045213401595e-02
5.170085657294839349e-02
5.138799645937978944e-02
5.153861483745277028e-02
5.101882087439298802e-02
5.206155368406325396e-02
5.067740903701633409e-02
5.034015454724431043e-02
5.175783214252441949e-02
5.128220206033438228e-02
5.060866316314786839e-02
5.054077762458473316e-02
5.186087246704846471e-02
5.171107969433069024e-02
5.075120904389768955e-02
5.106940430589020086e-02
5.088747654482722593e-02
5.208935222588479547e-02
5.041311056446284161e-02
5.012293684575706842e-02
5.066832354292273577e-02
5.080870262626558526e-02
5.062412569858133760e-02
5.200379735324531932e-02
5.087405550107360064e-02
5.107273058965802054e-02
5.085450824815779952e-02
