8.672106154076754392e-02
6.452970787137746189e-02
6.226770888641476598e-02
6.163253368996083476e-02
6.063919553160667525e-02
5.944123197346926069e-02
5.893834156729280821e-02
5.890036311373114675e-02
5.770816709846258302e-02
5.775539580732583916e-02
5.705735462531447144e-02
5.669856860861182540e-02
5.656199527159333496e-02
5.654812507703900482e-02
5.610714056901634078e-02
5.503593377023935362e-02
5.521703641861677031e-02
5.524095705337822571e-02
5.499254443496465888e-02
5.449770965985954035e-02
5.482475749589502817e-02
5.444930461421609164e-02
5.454178387112915832e-02
5.401855265721678540e-02
5.421489218808710903e-02
5.386086332239210794e-02
5.392644955590367162e-02
5.323278231546282879e-02
5.357935195416212160e-02
5.379230377264320601e-02
5.270423352718353605e-02
5.337386642023921046e-02
5.327681676857173171e-02
5.283849172107875358e-02
5.233054209128022022e-02
5.288904659263789915e-02
5.297629009559750440e-02
5.249096968956291909e-02
5.280043921247124655e-02
5.250280849449336790e-02
5.247217713855206744e-02
5.277075021155178819e-02
5.204124124161899068e-02
5.185190135054290606e-02
5.250993437506258632e-02
5.219950395449995950e-02
5.155126180313527456e-02
5.182885700836777770e-02
5.188903784379363116e-02
5.213679732382297399e-02
5.165849066153168495e-02
5.194972432032227833e-02
5.139824826456606405e-02
5.158580497652292401e-02
5.099092167988419216e-02
5.163394857384264597e-02
5.116597602888942053e-02
5.064848005771636907e-02
5.115609806962310990e-02
5.109667338430881611e-02
5.116451391205191490e-02
5.122280341386795111e-02
5.127589858323335775e-02
5.083463664352894096e-02
5.131961739249527726e-02
5.154894856922328378e-02
5.076614088378846729e-02
5.053155251778661955e-02
5.116761930286884558e-02
5.056868929602205409e-02
5.036618918739259321e-02
5.120111971907317927e-02
5.041983592882752496e-02
5.049537416547536517e-02
5.027570837549865529e-02
4.990227004513144576e-02
4.963856468722224052e-02
5.017066274583339980e-02
5.036162099987268742e-02
4.915168051235378061e-02
5.044786713831126562e-02
4.958191044628620231e-02
5.016007913649082189e-02
5.034871587716042984e-02
5.011034432426095253e-02
5.026310999691486342e-02
4.968041793070733514e-02
5.001685076579451272e-02
5.020024605654180294e-02
4.980540074221789792e-02
4.981572558544575952e-02
4.965806224197149427e-02
4.990014424175023833e-02
5.005199208110570896e-02
4.967743778415024264e-02
4.997258043102920100e-02
4.931902717240154582e-02
4.930987040512263553e-02
4.922382366843521678e-02
4.960388817638158865e-02
4.954929072409867963e-02
4.966509781405329532e-02
4.954250675998628228e-02
4.947450440749526224e-02
4.970403894968331016e-02
4.958605836518108906e-02
4.961762180551886753e-02
4.951837167888879787e-02
4.990266934596002124e-02
4.919863488711416488e-02
4.955797422863542773e-02
4.915409655869006772e-02
4.933421037159860245e-02
4.906842811033129692e-02
4.939236549474299021e-02
4.918839904107153577e-02
4.902058146148920159e-02
4.910010313056409337e-02
4.918808440864086418e-02
4.893342742882669100e-02
4.910774284787475935e-02
4.856074688769877051e-02
4.889058883860707139e-02
4.863662399724125868e-02
4.893472528085112544e-02
4.910392587818205451e-02
4.902978623658418855e-02
4.883659699000417881e-02
4.915798795782029551e-02
4.875768619962036338e-02
4.886952992714941463e-02
4.835982385836541664e-02
4.885927600786089953e-02
4.897548250854015517e-02
4.887063407525420178e-02
4.874695836007594818e-02
4.896009319461882420e-02
4.813422941789031323e-02
4.830406730994582509e-02
4.859431391023099484e-02
4.879160467162728387e-02
4.905450171604752718e-02
4.877970619499683719e-02
4.898961501941084817e-02
4.867781302705407459e-02
4.790221273899078480e-02
4.846465379372238980e-02
4.830357219837606159e-02
4.859453723393380303e-02
4.847699127532541924e-02
4.884101117588579566e-02
4.865827388130128384e-02
4.877833097055554734e-02
4.893606533296405992e-02
4.835771219991147341e-02
4.824488591216504613e-02
4.871968608349561830e-02
4.804944121651351374e-02
4.825434496067464163e-02
4.836324052326380907e-02
4.819712627865373883e-02
4.841212926059961646e-02
4.841135166026652031e-02
4.824916028976440618e-02
4.813231855258345848e-02
4.826798342913389550e-02
4.777346876636147377e-02
4.832863279059529393e-02
4.791656284406781152e-02
4.790474348329007426e-02
4.810414053127169687e-02
4.743902713246643532e-02
4.789458783529698671e-02
4.809976621903479244e-02
4.759278137609362913e-02
4.799169320613146106e-02
4.769627717137336909e-02
4.792719416506588392e-02
4.782354565337300356e-02
4.794458206556737739e-02
4.809744577109813929e-02
4.816579408384859262e-02
4.767952017299830619e-02
4.837177985347807657e-02
4.785527080856263882e-02
4.829878935031593074e-02
4.785916813835501549e-02
4.812937158904969509e-02
4.804124997369944861e-02
4.750716142728924479e-02
4.773548054881394248e-02
4.757658149488270399e-02
4.773409278504550657e-02
4.751021384447812884e-02
4.762449024058878350e-02
4.799992714822292478e-02
4.707040676660835532e-02
4.781044891662895868e-02
4.787947408482432637e-02
4.689822813495993920e-02
4.801149068027734529e-02
4.802513942122459134e-02
4.727125608921051159e-02
4.755805910006165316e-02
4.828078606911003628e-02
4.810986462607979436e-02
4.777063239552080398e-02
4.816796797513962086e-02
4.766730051115155437e-02
4.755676789395511112e-02
4.725624789111316365e-02
4.735916890576481741e-02
4.765267143771052122e-02
4.734940453246235664e-02
4.731747992150485416e-02
4.743413482047617591e-02
4.746332495845854288e-02
4.737339593283831918e-02
4.807794309593737409e-02
4.749753173626959646e-02
4.757078492641449163e-02
4.744970546290278729e-02
4.723927137255668623e-02
4.753435651399195300e-02
4.708901604451239120e-02
4.634321333840489554e-02
4.715275235474109677e-02
4.691875515691935894e-02
4.764336321316659656e-02
4.744925298914313277e-02
4.744773408025503014e-02
4.728819917328655476e-02
4.804732550866901847e-02
4.720043891668319891e-02
4.733090916834771511e-02
4.740861813537776415e-02
4.720732991769909653e-02
4.685444278828800047e-02
4.733764049969613891e-02
4.714587688446045255e-02
4.734683655947447001e-02
4.741049395315349163e-02
4.745986735820770241e-02
4.728644176945090427e-02
4.738867719285189822e-02
4.708971130847931091e-02
4.730488173477351982e-02
4.731627636030316664e-02
4.698475410602986901e-02
4.732814416848123151e-02
4.758059108257294001e-02
4.658897565864026508e-02
4.705116668343543862e-02
4.756571991182863973e-02
4.746164160035550722e-02
4.710146404057741210e-02
4.685277677141130165e-02
4.706933712400496184e-02
4.676813713088631697e-02
4.729399220272898635e-02
4.686851714365184579e-02
4.718355348892509793e-02
4.706190329976379927e-02
4.653252291120588829e-02
4.729677786305546555e-02
4.683815874904394272e-02
4.681085832975805106e-02
4.674071286804973996e-02
4.633656018041074076e-02
4.720676591806113875e-02
4.711704128049314100e-02
4.728238062188029611e-02
4.703102695755660700e-02
4.731160424277186527e-02
4.715968538075685640e-02
4.679393533617257767e-02
4.683755772002041323e-02
4.666991383023560286e-02
4.680240348167717668e-02
4.673133656196296060e-02
4.704980633221566427e-02
4.729609441384673152e-02
4.702663004957139542e-02
4.704040007293224662e-02
4.678309326432645437e-02
4.696195096336305136e-02
4.712595462799071960e-02
4.687409663759171952e-02
4.735537039488554173e-02
4.684195538051426355e-02
4.725155662558972597e-02
4.640410439856350322e-02
4.656441012397408152e-02
4.673832370527088859e-02
4.718966966867446655e-02
4.671442666649818637e-02
4.662293859757483255e-02
4.698882703110575376e-02
4.695643075741827432e-02
4.660853732377290976e-02
4.644130523875355382e-02
4.690916998684406536e-02
4.680375098064541717e-02
4.658577303960919486e-02
4.673905146308243025e-02
4.665825169719755444e-02
4.643324450589716296e-02
4.601663041487336070e-02
4.692765655368566491e-02
4.708939515613019128e-02
4.656484835408628009e-02
4.657719279825687370e-02
4.643722118064760873e-02
4.616983609646558434e-02
4.691167032159864608e-02
4.595140710286796382e-02
4.660354819521307645e-02
4.626049558632075454e-02
4.668188851140439577e-02
4.619573129713535481e-02
4.695755166560411364e-02
4.668752160109579386e-02
4.657411048933863401e-02
4.621227517910301424e-02
4.684704151935875638e-02
4.601148035377264356e-02
4.626393143832683436e-02
4.677757212705910272e-02
4.659812865778803492e-02
4.635451335646212367e-02
4.641879940405488347e-02
4.702659619972109767e-02
4.636947920359671405e-02
4.652087287604808608e-02
4.669911097362637598e-02
4.660051440261304273e-02
4.676478830538689790e-02
4.630672537535428929e-02
4.604559991881251174e-02
4.669086273387074160e-02
4.637408303655683739e-02
4.672087547183036843e-02
4.641245912015438263e-02
4.639145885407924830e-02
4.669905841723084178e-02
4.651793749071657380e-02
4.658927226439118358e-02
4.652022538147866648e-02
4.654568335227668441e-02
4.604760580323636471e-02
4.630436726659536290e-02
4.674663055688142721e-02
4.641130462847650046e-02
4.646356416679918444e-02
4.601620019041002124e-02
4.682070211134851251e-02
4.646545685827731947e-02
4.656075374223291735e-02
4.645578981190919693e-02
4.676622910611331202e-02
4.683775832504034203e-02
4.642236839793622422e-02
4.635877039842307284e-02
4.661005185171961801e-02
4.647734569758176643e-02
4.648709863051771890e-02
4.641490976139903135e-02
4.585017129220068238e-02
4.632505424320697979e-02
4.589148329012095878e-02
4.587232029810547895e-02
4.638274038024246815e-02
4.635433230921626180e-02
4.655401111021637700e-02
4.649208027310669511e-02
4.645113636925816275e-02
4.634620393253862519e-02
4.673481106758117787e-02
4.577184887789189499e-02
4.637523674592376050e-02
4.617032409831881706e-02
4.663758384063840245e-02
4.617113428376615203e-02
4.627817602828145083e-02
4.649894727021455787e-02
4.638519666343927234e-02
4.615997463278472684e-02
4.621682163886725592e-02
4.668797666206955799e-02
4.632797643728554099e-02
4.579905609600246064e-02
4.624237173236906556e-02
4.551500381715595928e-02
4.638699568808078710e-02
4.635942667908966863e-02
4.636920817568897929e-02
4.639351772330701368e-02
4.629153916426002879e-02
4.657536594197154295e-02
4.609361552633345349e-02
4.627623713947832257e-02
4.634445741586386974e-02
4.583850874193012848e-02
4.636844600178301190e-02
4.665996760129928478e-02
4.614160547405481150e-02
4.570678981952368963e-02
4.569304603338241594e-02
4.630696742422878848e-02
4.644474898837507026e-02
4.648092776536941195e-02
4.588425242528319098e-02
4.626931936107575583e-02
4.593587879836559529e-02
4.638306503556668958e-02
4.648535586707294026e-02
4.639696476981043649e-02
4.624973600916564703e-02
4.579697419516742113e-02
4.600887770578265118e-02
4.571534160338341923e-02
4.625859438069164498e-02
4.585683618113398780e-02
4.623049953766167341e-02
4.610282235965132425e-02
4.622700096108019185e-02
4.593483463674783579e-02
4.645944608002901266e-02
4.575919108837842725e-02
4.609010536782443684e-02
4.595277070254087659e-02
4.579170678928494442e-02
4.617655171267688596e-02
4.616472551971673860e-02
4.600141017511487351e-02
4.616471756808459420e-02
4.617622145079076229e-02
4.581153804063797103e-02
4.537059487961232762e-02
4.605834831856191192e-02
4.630031823739409746e-02
4.622245133109390697e-02
4.537422800622880475e-02
4.630266140960156984e-02
4.623925069533288412e-02
4.607184682041406965e-02
4.595464114099741260e-02
4.618651169538497830e-02
4.536857793480157663e-02
4.609929819591343514e-02
4.597980205714702340e-02
4.605449351482093084e-02
4.589445147290825699e-02
4.578147121518850310e-02
4.609303719364106489e-02
4.625164972059428448e-02
4.635313694924116101e-02
4.597263390757143353e-02
4.623706260882318175e-02
4.616048577241599338e-02
4.631530262529850311e-02
4.561979084461927070e-02
4.614591499045490874e-02
4.593395019508898086e-02
4.594866502285003401e-02
4.615421419031918299e-02
4.596251221559941730e-02
4.608258493430912595e-02
4.612276115827262241e-02
4.573796411231160347e-02
4.640321107767522019e-02
4.583204927295446429e-02
4.619100141525268877e-02
4.588091034442186300e-02
4.589941214211284981e-02
4.608654772862792043e-02
4.635145324282348434e-02
4.607005103491246950e-02
4.594237036816775643e-02
4.554789521358907495e-02
4.593366025574505129e-02
4.530508684180677148e-02
4.601272022910415926e-02
4.580968656390905364e-02
4.574443032965064271e-02
4.618877526558935742e-02
4.572631732188164877e-02
4.607232299633324396e-02
4.538651285134255586e-02
4.606529381871223711e-02
4.604831547662615460e-02
4.606640760228037507e-02
4.634032690711319125e-02
4.573422507382929325e-02
4.533398239314555961e-02
4.593469942361116248e-02
4.555837550386786228e-02
4.560791049897670868e-02
4.588691113702952906e-02
4.585161905735730958e-02
4.620763842202722793e-02
4.576220738887786660e-02
4.595406573079526685e-02
4.534145964495837899e-02
4.595754611864685812e-02
4.567154781706631028e-02
4.585187247209250583e-02
4.575670111924409755e-02
4.597918594069778930e-02
4.589930104278028278e-02
4.595391291566192776e-02
4.589261764287948936e-02
4.577837297134101230e-02
4.553667926974594438e-02
4.592561203427612815e-02
4.558307163789868111e-02
4.559553055278956629e-02
4.567473362013697857e-02
4.591542656719684729e-02
4.557459595240652417e-02
4.617815062031149775e-02
4.618663052469491881e-02
4.575496380962431470e-02
4.559741507470607691e-02
4.552498045936227006e-02
4.599568841978907835e-02
4.568514868803322249e-02
4.597579462639987680e-02
4.512874421663582575e-02
4.569834955036640445e-02
4.573433550074696569e-02
4.609751201979815638e-02
4.606727447547018239e-02
4.594415966793894551e-02
4.597883984446525518e-02
4.565047614835202744e-02
4.570706581510603633e-02
4.561223770305514180e-02
4.556359945051371985e-02
4.557087806053459339e-02
4.564238281361758520e-02
4.593127494491636847e-02
4.579618082754313702e-02
4.569367551617324608e-02
4.606555881723761736e-02
4.595748475193977417e-02
4.506658093072474225e-02
4.587421106360852624e-02
4.557069361582398448e-02
4.533535013720393220e-02
4.568839684873819695e-02
4.561693271249532555e-02
4.615357092767953529e-02
4.571664865128696048e-02
4.575202485360205240e-02
4.533197128400206360e-02
4.585068942978978018e-02
4.561547373048960990e-02
4.545696674473583693e-02
4.470995773002505586e-02
4.592957564815879079e-02
4.544810346141457680e-02
4.581079509854316806e-02
4.545332165807485642e-02
4.579642048850655900e-02
4.566179038770496607e-02
4.540860934741795113e-02
4.555495597794651658e-02
4.576040482334792908e-02
4.583084177598357317e-02
4.542386114224791771e-02
4.569326775334775492e-02
4.579979978874326035e-02
4.569829004816711171e-02
4.571696934476494889e-02
4.566760023310780653e-02
4.546792706847190696e-02
4.571394055522978034e-02
4.588028116337954793e-02
4.569993492215871506e-02
4.461081861890852512e-02
4.541625545360147842e-02
4.586306356079876412e-02
4.584384044446051382e-02
4.569255883060395484e-02
4.519107211381197253e-02
4.582164119184017198e-02
4.522188039124012265e-02
4.519876071065664219e-02
4.578088449500501006e-02
4.581858764588832983e-02
4.549245061539113760e-02
4.471687496080994917e-02
4.540482136420905673e-02
4.530691253766417487e-02
4.471337203681469141e-02
4.549604633450508168e-02
4.568049370124935976e-02
4.509841851517558398e-02
4.597964956052601193e-02
4.556959062628448270e-02
4.547961157746613359e-02
4.519725298881530767e-02
4.508371106348931651e-02
4.572881127893924785e-02
4.542116739042103418e-02
4.568354431726038417e-02
4.562661696039140014e-02
4.587576990388333997e-02
4.563232439756393505e-02
4.553367173857986866e-02
4.518057715892791898e-02
4.588703469187021405e-02
4.548882013745605968e-02
4.591500595025718029e-02
4.505567007698118437e-02
4.565823759511113134e-02
4.529647530242800896e-02
4.550123615376651387e-02
4.518065411970019485e-02
4.576596045307815275e-02
4.553354546427726413e-02
4.545909577421843734e-02
4.532368863746524118e-02
4.484374503046274080e-02
4.561828242801129613e-02
4.572059780545532914e-02
4.532871143892407140e-02
4.523432695120573055e-02
4.540010127052664796e-02
4.551171640120446615e-02
4.528901688940822901e-02
4.560054344683885791e-02
4.543059988878667133e-02
4.507599096558988216e-02
4.546046286448836293e-02
4.485330887511372600e-02
4.484174047224223636e-02
4.565128559619188037e-02
4.543418604880571088e-02
4.512906244583427678e-02
4.592863890901208168e-02
4.534234058484434837e-02
4.537971330247819735e-02
4.509957421571016145e-02
4.543741136230528693e-02
4.559284799359739071e-02
4.548625885322690049e-02
4.474129518121480742e-02
4.531676917895674506e-02
4.539130844734608899e-02
4.531183979660272781e-02
4.551119996048510336e-02
4.544022922217846178e-02
4.566436084732413553e-02
4.529008628055453123e-02
4.463970490358769999e-02
4.573904385976493292e-02
4.538723583333194311e-02
4.537866375222802257e-02
4.553265598602593278e-02
4.541497086919844134e-02
4.493078394234180373e-02
4.500262824445962900e-02
4.549392151460051464e-02
4.527522808872163490e-02
4.520901751704513999e-02
4.534597922675311782e-02
4.579306710697710753e-02
4.544861307926476024e-02
4.525139784626662498e-02
4.522276950441300736e-02
4.487748359329998826e-02
4.524985455907881010e-02
4.566885218396782992e-02
4.514826268516480834e-02
4.546981675364077102e-02
4.548533447086811066e-02
4.525817253254354328e-02
4.522034594044089389e-02
4.479827989824116535e-02
4.513700032979250237e-02
4.516713304631411741e-02
4.548755519650876655e-02
4.556007371656596583e-02
4.536944399401545563e-02
4.520051319897174652e-02
4.549578529223799461e-02
4.554341248422861393e-02
4.533683236688375306e-02
4.526257321238517928e-02
4.523482084833085198e-02
4.497299260832369333e-02
4.546478627622127511e-02
4.551674750074743980e-02
4.526353011652826941e-02
4.516014515049755762e-02
4.533541440404951356e-02
4.473734975606202813e-02
4.521716126054525081e-02
4.520481061935424649e-02
4.536998366005718514e-02
4.565230171196162784e-02
4.516704826988279797e-02
4.560571928136050723e-02
4.532959346286952185e-02
4.526046790555119520e-02
4.519360042735934280e-02
4.537528359144925999e-02
4.575646433979272537e-02
4.581562437489628686e-02
4.502239045687019686e-02
4.512255070172250387e-02
4.516264982707798165e-02
4.548861453868448951e-02
4.518153504095971662e-02
4.546441929601132553e-02
4.516405436396599138e-02
4.525161430053412787e-02
4.475008002854883454e-02
4.461318969726562472e-02
4.582902575097978076e-02
4.475532105751335588e-02
4.494178400561213427e-02
4.532322813570499598e-02
4.535774301737546810e-02
4.519957384467124945e-02
4.536566474474966471e-02
4.548638744466006884e-02
4.462671913020312825e-02
4.522870489396155214e-02
4.495059858821332660e-02
4.498416322283446678e-02
4.542593802325427255e-02
4.529604252614080617e-02
4.536718897335231121e-02
4.529744243994355407e-02
4.522812823951244399e-02
4.526117346063256164e-02
4.516535403206944216e-02
4.525067460723221358e-02
4.467448064126074148e-02
4.519656040705740535e-02
4.541468602232635182e-02
4.491639455407858000e-02
4.542491713352501265e-02
4.522901560552418376e-02
4.529919336549937531e-02
4.487583593651651992e-02
4.486473225615918853e-02
4.568607694655656831e-02
4.517700628936290735e-02
4.532840742729603994e-02
4.537932107783854141e-02
4.514957820624113105e-02
4.583647375181316985e-02
4.483877457864582361e-02
4.559244905225932898e-02
4.525326082296669827e-02
4.535329222306608982e-02
4.547919352725147968e-02
4.479184340685606058e-02
4.491928285174071750e-02
4.506155632808804545e-02
4.504358483292162513e-02
4.550716619193553858e-02
4.488964991085231393e-02
4.504143294319510465e-02
4.502961162663995931e-02
4.503532677516341315e-02
4.498144103772937913e-02
4.531009676866233626e-02
4.531215643323958236e-02
4.541541335731744816e-02
4.529303695075213854e-02
4.502608766593039352e-02
4.466677839122712435e-02
4.522379723563790116e-02
4.507693248428404353e-02
4.500804551318288160e-02
4.524615466035902811e-02
4.442075291462242725e-02
4.497765770927071582e-02
4.499553138948977210e-02
4.487914865650236701e-02
4.488249873369932336e-02
4.516660682298243024e-02
4.457480802573263873e-02
4.466391068696975997e-02
4.534533408470451527e-02
4.526150386035442119e-02
4.523013149760663626e-02
4.519817828387021758e-02
4.483331977389752587e-02
4.549565020762384032e-02
4.496027231030166188e-02
4.523479493893683284e-02
4.529637846350669655e-02
4.537113115750253389e-02
4.482685240171849911e-02
4.516570404358208335e-02
4.476994009315967554e-02
4.548753040283918386e-02
4.453378059528768224e-02
4.529918497800827087e-02
4.472814368456601991e-02
4.493029460869729652e-02
4.525711464881897184e-02
4.483394379355013643e-02
4.482311532646417879e-02
4.530150719545781440e-02
4.509117766097187757e-02
4.493106692656874401e-02
4.544800793752074020e-02
4.468891049735248394e-02
4.483101190999150276e-02
4.518931990675627980e-02
4.461632913537323664e-02
4.516275414079427841e-02
4.487472826242446672e-02
4.510852671414613407e-02
4.507121490314602852e-02
4.496993268840014657e-02
4.505535575002431875e-02
4.509292179159819780e-02
4.512213214300572761e-02
4.487252249009907046e-02
4.464656090922653614e-02
4.504313365183770790e-02
4.550364426337182716e-02
4.485251512564718962e-02
4.490302560664713449e-02
4.519328475371003212e-02
4.472463451512157656e-02
4.513970982469618642e-02
4.529036837629973888e-02
4.516966447234153914e-02
4.472944356128573384e-02
4.516533387452364295e-02
4.512251863069832031e-02
4.506900155171751632e-02
4.484812357462942406e-02
4.417188616655767092e-02
4.510053284838795584e-02
4.518856060318648948e-02
4.506499653495848329e-02
4.489710693247616485e-02
4.528327027335762867e-02
4.487785448133945615e-02
4.514226096495985857e-02
4.491366352327168243e-02
4.479252050071954455e-02
4.474086590297519928e-02
4.484498279355466493e-02
4.493446961417794233e-02
4.510158792324363980e-02
4.518920993059873797e-02
4.511256035417318677e-02
4.512369155883789312e-02
4.494560310058295927e-02
4.509119273722171639e-02
4.520719736069440942e-02
4.478481195867061587e-02
4.552256382070481860e-02
4.540639694966375900e-02
4.522763051278889251e-02
4.507830326445400743e-02
4.525823692232370382e-02
4.545715767890214781e-02
4.505858006142079986e-02
4.507246460393071058e-02
4.495917778834700868e-02
4.466415419988334357e-02
4.498105152323841893e-02
4.475075922906399106e-02
4.475971249118447515e-02
4.511599184572696875e-02
4.503556720726192147e-02
4.514266759902239162e-02
4.473253490962088297e-02
4.470105864666402279e-02
4.472130175679921854e-02
4.484457610175013320e-02
4.514547189325094495e-02
4.521807247772812594e-02
4.500090271234512274e-02
4.517634559236467090e-02
4.513819402456283741e-02
4.490780812501907193e-02
4.492607137560844510e-02
4.495021015591919161e-02
4.519634544290602324e-02
4.488208092562854384e-02
4.478746201656758769e-02
4.498420510254800414e-02
4.490502081811428153e-02
4.568801772408187523e-02
4.492715148627757921e-02
4.516700886189937286e-02
4.454830626398324778e-02
4.424439362064003928e-02
4.486852579750120334e-02
4.472585412487387752e-02
4.502011776715517111e-02
4.492059869132936090e-02
4.489313974604010327e-02
4.489617739245295447e-02
4.451716288737952998e-02
4.471724696643650243e-02
4.508141836710274214e-02
4.498541097529232258e-02
4.470566866919398197e-02
4.463520009443163600e-02
4.488839892484247640e-02
4.507957212440669853e-02
4.467505616694688458e-02
4.477444111742079347e-02
4.480872451327741479e-02
4.463806341402232897e-02
4.512258729338645968e-02
4.502401705086231387e-02
4.419143544882535996e-02
4.491222863830626050e-02
4.515174499899148736e-02
4.452641938626766133e-02
4.504302491620183063e-02
4.479058353230357115e-02
4.473605868406593800e-02
4.496026020683348279e-02
4.503321490436792279e-02
4.472306841053068360e-02
4.496666357293725019e-02
4.509321261942386694e-02
4.484192444197833416e-02
4.474665834940969728e-02
4.499731542356312508e-02
4.492689736746251911e-02
4.514394462108611839e-02
4.431084065698086966e-02
4.502588101290166261e-02
4.445474463701248186e-02
4.485729083418846241e-02
4.492624824866652683e-02
4.512571598216891244e-02
4.488475158065557274e-02
4.471582204475998967e-02
4.503505237214266987e-02
4.514750528708100230e-02
4.506546844728290951e-02
4.469028990343212882e-02
4.488430453836917550e-02
4.449762892723083813e-02
4.459522455371916355e-02
4.507178865373134835e-02
4.443122285977006009e-02
4.490205950848757954e-02
4.465579299256205309e-02
4.485356164723634798e-02
4.449360871873796197e-02
4.509180303663015699e-02
4.481108997762203033e-02
4.479322331957519276e-02
4.474298251606523974e-02
4.459742227755487259e-02
4.491409781016409558e-02
4.505392920598387529e-02
4.509923311695456655e-02
4.488991722278296709e-02
4.490110342018305972e-02
4.427879650332033901e-02
4.456878018751740667e-02
4.457784515246748791e-02
4.500995331630110868e-02
4.491179023124277497e-02
4.422339327447116081e-02
4.476956086233258025e-02
4.472172323055565585e-02
4.459276408888399740e-02
4.427268830500542818e-02
4.522346020676195483e-02
4.494164595566690207e-02
4.453911134973168040e-02
4.483391848579049155e-02
4.494985939189791863e-02
4.476413069106638387e-02
4.425611011497676550e-02
4.488071578368544451e-02
4.450690985657274751e-02
4.512756360508501235e-02
4.488251413963734865e-02
4.450262326374650190e-02
4.492419055104255460e-02
4.453907080553472231e-02
4.499710543826222764e-02
4.491446878761053141e-02
4.488402840681374184e-02
4.476062172465026384e-02
4.491461956873536027e-02
4.474210662208497752e-02
4.471819248422980592e-02
