7.207199558615684509e-02
5.554823329051335884e-02
1.710163069268067770e-01
1.645813348392645425e-01
1.377537148073315620e-01
1.370487992341319627e-01
1.207741843536496162e-01
8.910636060560743477e-02
6.312135343129436638e-02
5.852339199433723854e-02
4.551540904988845421e-02
4.104453984958430363e-02
3.214791386077801155e-02
2.795075780401627338e-02
2.366877347230911255e-02
2.109603956341743469e-02
1.701448314512769497e-02
1.608925211864213264e-02
1.530113047920167446e-02
1.413089630659669638e-02
1.342410155727217537e-02
1.367842021863907576e-02
1.244875132882346767e-02
1.254559075459837914e-02
1.146239725251992601e-02
1.099728882157554287e-02
1.104165085901816744e-02
1.140125460612277132e-02
