2.126818665170243927e-01
6.640151828261357803e-02
2.684741001576185226e-02
1.794756474971239205e-02
1.479370497898863969e-02
1.334202775199498474e-02
1.229800769527043640e-02
1.163553676035787403e-02
1.182012000520314514e-02
1.137280229678643527e-02
1.135326996778271078e-02
1.061598670535853980e-02
1.012295075426144185e-02
1.024150655471852897e-02
9.320500290154345654e-03
1.005804219416209580e-02
9.681407212545829408e-03
1.003486032797289672e-02
9.195750562607176923e-03
8.839813626504369401e-03
9.128853279565061346e-03
9.077058107193027719e-03
8.101561231472129837e-03
8.070836051566792138e-03
8.668232592754065990e-03
8.820639008523098804e-03
8.429083382777338013e-03
8.470104774460196495e-03
