1.592363692492246630e+00
4.548460437729954786e-01
3.914007874727248870e-01
3.502932538315653987e-01
2.182492553703486993e-01
1.831627668663859398e-01
2.090129646696150256e-01
1.633441312070935958e-01
1.251951775904744935e-01
1.224527718480676458e-01
1.109141846634447565e-01
1.152562286891043175e-01
1.213257110882550449e-01
1.016039465144276677e-01
9.816519804112612546e-02
9.475407908298075221e-02
9.264453743770718896e-02
9.894070490077137847e-02
8.925787230208516443e-02
8.580842661671340965e-02
9.369683021679520163e-02
8.563019000180065177e-02
8.582689227722585523e-02
8.220975189283490081e-02
8.404548174701631513e-02
8.275522658601403014e-02
8.216902800835669540e-02
1.034777315724641072e-01
8.156633107177913011e-02
7.534653471969067484e-02
7.936442419700324991e-02
8.552899981662631657e-02
8.195184043236077021e-02
7.761517612822353696e-02
7.721785220503807334e-02
7.206300824321806853e-02
7.568614843301474382e-02
7.482086374983192012e-02
7.704417034983634949e-02
7.963023637421429157e-02
8.797150828503072506e-02
7.495270522497594901e-02
7.864105783402919325e-02
7.100773120671510785e-02
8.306122373417020033e-02
7.719628825411201101e-02
7.602261321805417471e-02
8.489735182374716360e-02
7.014334701001644079e-02
7.475220525637268909e-02
7.207865881547331766e-02
8.189723556675017335e-02
7.910843112040311098e-02
7.909767069295048358e-02
7.283853125572205267e-02
7.564077249728143326e-02
7.072525572404265992e-02
6.978186602890491808e-02
6.769498953036963418e-02
6.872848808392882647e-02
7.056183821149170088e-02
6.878112765215337043e-02
6.799464359320700479e-02
6.980432826839387539e-02
7.302495329082012154e-02
6.929536675661802925e-02
7.070306398533285352e-02
6.877282468974590945e-02
7.188211868517101200e-02
6.850996595248580456e-02
7.421781793236732760e-02
7.499724842794239232e-02
7.373725612834096388e-02
6.977745323069393935e-02
7.020765595510601587e-02
7.313748081959783875e-02
6.800923096574842952e-02
7.083755641430616867e-02
7.514121055696160179e-02
7.207123913429677731e-02
7.677383149508386351e-02
6.958522383589298144e-02
7.461236711498349383e-02
7.487926971353590921e-02
7.975366605073214155e-02
6.562610061466693512e-02
6.819002613611518937e-02
7.130915643088520106e-02
7.265136504359542835e-02
6.942892793193460033e-02
7.410206550359725586e-02
6.947889403812587683e-02
8.071296567469835037e-02
6.811369966529309816e-02
6.683396554738282869e-02
7.138764529302715767e-02
6.901557847112417543e-02
7.302758442610501888e-02
6.853169637732207942e-02
6.798431120067835454e-02
