1.560196353122592083e-01
9.395660303533076574e-02
8.219216763973236084e-02
7.669208902865648492e-02
7.633181285113095627e-02
7.532462392002343965e-02
7.080264922231435665e-02
7.247233975678682438e-02
6.621433008462190850e-02
7.061650168150662710e-02
6.837837882339954654e-02
6.592414077371358538e-02
6.887315846979617795e-02
6.494599150493740591e-02
6.846922397613525169e-02
6.561092138290405829e-02
6.634633854031563027e-02
6.764003649353980685e-02
6.519320249557494784e-02
6.577093526721000671e-02
6.300626968964934127e-02
6.587575295940041598e-02
5.543478235602378873e-02
6.480825262144207510e-02
6.261477343738079682e-02
6.118026297539472247e-02
6.543874545022845823e-02
6.549463659524917825e-02
6.286022391170263679e-02
6.284495266154407900e-02
6.293323693796992746e-02
6.280493615195155421e-02
5.860104463994503243e-02
6.124967055395245247e-02
6.376344567164778099e-02
6.250761754810810200e-02
6.375396285206079428e-02
6.263116724789143108e-02
6.310824016109109480e-02
6.090825898572802682e-02
6.283009309321642422e-02
6.182521484792232597e-02
5.299900237470864944e-02
6.098101917654275700e-02
5.429008480161428424e-02
6.069465214386582375e-02
6.034278037026524766e-02
5.970446251332759552e-02
6.206630650907754565e-02
5.899687889963388387e-02
6.168001968413591718e-02
6.060222323983907589e-02
5.753307957202195844e-02
6.213465088978410017e-02
5.904061632230878098e-02
6.084813535213470792e-02
6.135029092431068531e-02
6.186586316674947544e-02
5.938490480184555054e-02
5.963277174159884592e-02
5.955608377233147926e-02
6.140394344925880626e-02
5.989985780790448022e-02
6.024289559572935243e-02
6.015541028231382453e-02
5.840453946962952808e-02
5.824586918577551869e-02
6.317094832658767811e-02
5.962279135361314014e-02
6.113435098901390946e-02
6.115192627534270231e-02
6.043308785185217552e-02
5.953100299462676243e-02
5.873857872560619975e-02
5.642466628924012323e-02
5.958192242309451325e-02
5.651011347770690946e-02
5.729713182896375989e-02
5.732899552211165317e-02
5.941090269014239617e-02
5.303070288151502665e-02
6.164941869676113240e-02
5.702673444524407331e-02
5.928426314145326947e-02
5.797545148059726067e-02
5.997446564957499560e-02
5.628237590193748557e-02
5.883752940222621020e-02
5.780611867085098943e-02
5.720092607662081996e-02
5.721624437719583650e-02
5.988206703215837728e-02
5.795092178508639419e-02
5.810379268601537084e-02
5.744334088638424624e-02
5.726890327408909465e-02
5.905270230025053135e-02
5.749636629596352466e-02
5.738647615537047220e-02
5.878694871440529740e-02
