4.923836956620216476e+00
4.201153564751148650e+00
3.421297229588031730e+00
2.824863222479820468e+00
2.121913573533296571e+00
1.240859690129756832e+00
1.007470286309719132e+00
7.312239389568567782e-01
6.252633720263838235e-01
4.884284782335162056e-01
3.500623463764786503e-01
3.384906677119433605e-01
2.938600595146417804e-01
2.394754055626690525e-01
2.107700074762106079e-01
2.166240464858710801e-01
1.529192981198430057e-01
1.773011576198041395e-01
1.672061227075755663e-01
1.406656188704073496e-01
1.476520648840814742e-01
1.411210809536278254e-01
1.220052622519433444e-01
1.238331489786505674e-01
1.262266538366675350e-01
1.289794788341969145e-01
1.050608766656368903e-01
1.036179616618901483e-01
1.025070890132337847e-01
1.069317024424672191e-01
8.391833580099046508e-02
1.050218093637377004e-01
8.876166158169508658e-02
1.049250552300363820e-01
9.244943119026720335e-02
9.240231795981526663e-02
9.933236400596796856e-02
1.182001199182122902e-01
8.952974320203066494e-02
1.215061372332274930e-01
1.416681691482663263e-01
1.017104575373232317e-01
8.651483730971813724e-02
8.586096244864166449e-02
7.585090297460556075e-02
7.818072442896664698e-02
8.066018249280751395e-02
7.858050068467856142e-02
8.075902935303747032e-02
8.225847643613815041e-02
7.762981936894357282e-02
7.501245237328112159e-02
7.570606572180986482e-02
8.166089334897697061e-02
7.857525599747895717e-02
1.009589208923280246e-01
7.417647897079586439e-02
7.397612341679632442e-02
7.935916496254503960e-02
7.418319011479615477e-02
7.297985194809734899e-02
9.543530707433819926e-02
7.291496306657790916e-02
8.286752174794674575e-02
7.678611858002841462e-02
7.309060802683234326e-02
7.562899132817983705e-02
7.960877531394362772e-02
7.550799468345939514e-02
7.321798191405833045e-02
8.535938538145274035e-02
8.000560841336847029e-02
7.024420728906989597e-02
7.066013367287814206e-02
7.329221869818866586e-02
7.874278799816966656e-02
7.235418639704585542e-02
1.028128074407577558e-01
7.431298230588435916e-02
6.966853115893900661e-02
7.558062066975980431e-02
6.973486196994781172e-02
7.109870527032763343e-02
6.887711820937693352e-02
6.927931458316743951e-02
7.075068823434411958e-02
6.903797746077179609e-02
7.789406249299644924e-02
8.883441362529992391e-02
7.066799892671406236e-02
6.897938235104084104e-02
7.979258494637907206e-02
7.216548991203308727e-02
7.069561790116131450e-02
6.896070578880608704e-02
7.424494628980755906e-02
6.930405447073280378e-02
7.366877608373760544e-02
7.993201267253607911e-02
7.093893154896795117e-02
