2.751440967619419031e-01
1.058504001051187582e-01
7.999328613281249389e-02
8.111196406185626484e-02
7.619335494935512709e-02
6.547751236706972344e-02
7.850607164204120858e-02
6.886608578264713509e-02
7.724094286561011824e-02
7.242037851363419820e-02
6.446239408105611246e-02
7.099260143935680334e-02
6.839108362793921980e-02
6.731474876403809038e-02
7.465558417141437975e-02
6.297941789031029358e-02
7.193324804306029663e-02
7.000819556415080469e-02
6.907714139670133313e-02
7.260920517146587927e-02
6.534073159098624517e-02
5.274784304201603213e-02
7.775718409568072031e-02
7.015845067799091062e-02
6.456507198512553836e-02
6.454370744526385928e-02
6.367128532379866257e-02
6.515998721122741311e-02
6.221461176872253307e-02
5.982136949896812300e-02
6.847909972071647422e-02
5.157180543988942878e-02
6.507793672382831962e-02
6.171173270791768806e-02
6.086655724793672839e-02
6.502743124961853083e-02
6.238734874874353464e-02
6.578270178288221637e-02
8.516498267650604581e-02
6.539545536041259377e-02
6.205536898225545717e-02
6.847307749092579332e-02
6.206870589405297928e-02
5.626295544207095961e-02
6.783863238990306410e-02
6.443609356880188044e-02
6.414571069180965979e-02
6.448602225631475116e-02
6.286151595413684567e-02
6.245099898427725060e-02
6.418422512710093841e-02
6.407875891774893196e-02
6.117968015372753088e-02
6.082094404846429686e-02
6.715915583074093254e-02
5.688969079405069296e-02
8.069332767277956342e-02
6.759925454854964766e-02
6.247480768710374915e-02
6.427879843860864750e-02
5.856217633932828820e-02
5.635704729706048771e-02
7.420262292027474116e-02
5.855823315680026842e-02
6.632754538208246453e-02
6.093851052224635856e-02
5.920473329722881345e-02
5.831646248698234281e-02
6.638587426394224056e-02
6.889261059463024084e-02
5.691077824681997632e-02
6.671583816409111523e-02
6.050614736974239266e-02
6.083342496305704089e-02
5.904713727533817541e-02
5.904599726200103482e-02
6.718652077019214575e-02
5.632280446588992795e-02
7.070616208016872184e-02
6.011593099683523039e-02
5.716762240976094867e-02
6.508278369903564009e-02
5.735723968595266009e-02
6.134147562086582350e-02
6.002717040479182975e-02
5.681319795548915585e-02
6.192044775933027573e-02
5.914901301264762629e-02
5.529200971126556341e-02
6.479321945458650645e-02
6.001266960054636029e-02
5.776846859604120588e-02
6.767695993185043890e-02
5.952168259769678033e-02
6.100731305778026720e-02
5.452889051288366262e-02
6.687582403421402089e-02
5.877603977918624545e-02
5.823752757161855531e-02
6.368072375655174644e-02
