3.706953856445312704e+04
3.708610549438476301e+04
3.715689893066406512e+04
3.715411613281250175e+04
3.703265581665038917e+04
3.697500867065429338e+04
3.685947997314453096e+04
3.717817506347656308e+04
3.685889421020507871e+04
3.689739871337890509e+04
3.687870086425781483e+04
3.704175478027344070e+04
3.718912164672851213e+04
3.694263760620116955e+04
3.726028200195312820e+04
3.711830765136718401e+04
3.694299180419922050e+04
3.736761483398437849e+04
3.724386070190429746e+04
3.669745869628906075e+04
3.703989772216796700e+04
3.685268089843750204e+04
