8.175390478808593471e+05
3.345131494140625000e+04
3.345164691406249767e+04
3.337371076171875029e+04
3.345190439453125146e+04
3.337341362304687209e+04
3.334926734374999796e+04
3.340009304687500116e+04
3.357322435546875204e+04
3.330303945312499854e+04
3.349811928710937354e+04
3.362177562500000204e+04
3.331472293945312413e+04
3.348282166015625262e+04
3.336715282226562704e+04
3.362618620117187675e+04
3.351414621093749884e+04
3.341887738281249767e+04
3.345412893554687616e+04
3.356976506835937471e+04
3.333006482421875262e+04
3.362212877929687238e+04
