6.881249306723474790e-02
5.208843748085200537e-02
4.984293282032013078e-02
4.872303257696330298e-02
4.748941373080015071e-02
4.670892412774264868e-02
4.609279936179518783e-02
4.552325130440294798e-02
4.498754902742803374e-02
4.502086904831230363e-02
4.480372115969658009e-02
4.446990822441875685e-02
4.434001643210649241e-02
4.397086241282522484e-02
4.378587147220969200e-02
4.344834989868104347e-02
4.340383639559149825e-02
4.365381285548210200e-02
4.325033881701528804e-02
4.320218911394477224e-02
4.306178332306444950e-02
4.271351530216634107e-02
4.289442124776542131e-02
4.260184750892222205e-02
4.261678384616970905e-02
4.228669568896293446e-02
4.221092623658478232e-02
4.225571481510996541e-02
4.202625046484172178e-02
4.195983828976750096e-02
4.186725269071758099e-02
4.176530797034502113e-02
4.179355239495635005e-02
4.144584780558943637e-02
4.174739958718418770e-02
4.132818832993507413e-02
4.147498695179820116e-02
4.136491009965539284e-02
4.130595934577286493e-02
4.123181364499032414e-02
4.107509109191596203e-02
4.086124948225915154e-02
4.103385007008910484e-02
4.099017485044896547e-02
4.081688961014151573e-02
4.083943137899041093e-02
4.088162930682301410e-02
4.071519037708640210e-02
4.072267114184796588e-02
4.061644558794796217e-02
4.062816344201564817e-02
4.050282035954296672e-02
4.036459596827626090e-02
4.037553120404482193e-02
4.032036302611231859e-02
4.025880946777760788e-02
4.021885784342885128e-02
4.017035788856446882e-02
4.021324209868908095e-02
4.003847581334411820e-02
4.004700219258666011e-02
3.993128113448619898e-02
3.997198367491364146e-02
3.986777339130639919e-02
3.991093372926116101e-02
3.968732900917529977e-02
3.981005323119461703e-02
3.969757047481834583e-02
3.973627463914453789e-02
3.958145931363105802e-02
3.953370559029281001e-02
3.968594517558812762e-02
3.976332325488329128e-02
3.951894900761544760e-02
3.925495968200266167e-02
3.950620748102665059e-02
3.927648275159299068e-02
3.927554342895746287e-02
3.916194783523678502e-02
3.917241591960191754e-02
3.924752074293792053e-02
3.905673648230731376e-02
3.910217462107538899e-02
3.927154689095914419e-02
3.909497843123972693e-02
3.895805682055652336e-02
3.896091203205287457e-02
3.905408251099288380e-02
3.897653899155557183e-02
3.898501365445554423e-02
3.877998626790940540e-02
3.895012413151562047e-02
3.878514475189149407e-02
3.889623492956161693e-02
3.886757982894778474e-02
3.889434523880481998e-02
3.872694067656994033e-02
3.860227766446769349e-02
3.861283535137772366e-02
3.853375694714486488e-02
3.837393737398087784e-02
3.862381549552083154e-02
3.874033925123512856e-02
3.865801990032195767e-02
3.850930218584835280e-02
3.848900470882653940e-02
3.834802133962512266e-02
3.837527893483638763e-02
3.839806269854307424e-02
3.843017650768160848e-02
3.823531352914869702e-02
3.829608206637203499e-02
3.825502524152397943e-02
3.817462539300322394e-02
3.814672281034290485e-02
3.828163534402847373e-02
3.822741077281534977e-02
3.802581278607249093e-02
3.829721364192664734e-02
3.828217242844402651e-02
3.803818212822079881e-02
3.803336300887167482e-02
3.824933911673724513e-02
3.808754750527441196e-02
3.814100376330316344e-02
3.809069498442113622e-02
3.812990173697471813e-02
3.809759515337646230e-02
3.778461616486310931e-02
3.807174204848706722e-02
3.793849646113812979e-02
3.794843921437859868e-02
3.807484212331473800e-02
3.783320317976177072e-02
3.784128460101783553e-02
3.794338596053421775e-02
3.793193563818931385e-02
3.770100138150155739e-02
3.785203552804887461e-02
3.778974513523280371e-02
3.778899255208671010e-02
3.789032226428389744e-02
3.786120883654803260e-02
3.790452999062836337e-02
3.772420690394937687e-02
3.770843531005084459e-02
3.767784834839403574e-02
3.772189078852534322e-02
3.751568660140037342e-02
3.767467929050326292e-02
3.772902684286236902e-02
3.777085538022219996e-02
3.759784551337361225e-02
3.756361400708556342e-02
3.747782533057034127e-02
3.751625268720090722e-02
3.761488369666039777e-02
3.745722117833793358e-02
3.763966508209705408e-02
3.744500094093382303e-02
3.757487890310585305e-02
3.742839330807327947e-02
3.746779011562466344e-02
3.731633666902780394e-02
3.725576010532677396e-02
3.731360389851033632e-02
3.749029989354312614e-02
3.739161406643688734e-02
3.725229931995272664e-02
3.746964290738105663e-02
3.738808005116880245e-02
3.743136824108660166e-02
3.732277290895581051e-02
3.724346402101218895e-02
3.748244766145944484e-02
3.729594998992979277e-02
3.724455468356609178e-02
3.730752657167613756e-02
3.715178188867866715e-02
3.740366173908114128e-02
3.728657559491693751e-02
3.709191517904400492e-02
3.726014388725161497e-02
3.721408254466950644e-02
3.706471155397594169e-02
3.707621445879340227e-02
3.732514991424977502e-02
3.691968685016035895e-02
3.721809623762965119e-02
3.697660198435187562e-02
3.705955923534929447e-02
3.715031454339623451e-02
3.710014673881232433e-02
3.704952736385166978e-02
3.693039967212825847e-02
3.715088160242885351e-02
3.704774490557610767e-02
3.707148706540465410e-02
3.716650228016078750e-02
3.699042534455657116e-02
3.701715889386832797e-02
3.687995439395308495e-02
3.695365411229431518e-02
3.697524117305874686e-02
3.678983960300683670e-02
3.675568004604429229e-02
3.689092799089849217e-02
3.680300566367804976e-02
3.692203585058450449e-02
3.678951960988342818e-02
3.684772808104753300e-02
3.690269617363810262e-02
3.700034170877188749e-02
3.679277933202684120e-02
3.693238187581300569e-02
3.671375971287488965e-02
3.677143764682114235e-02
3.694781994447111917e-02
3.682636305689811901e-02
3.680278566665947521e-02
3.690962054766714490e-02
3.693018750287592467e-02
3.679588153026998321e-02
3.669773741159588348e-02
3.675830348394810987e-02
3.694847291335463801e-02
3.673828006722033163e-02
3.667523892596363799e-02
3.673382990062237091e-02
3.672740782611071814e-02
3.685158949811011275e-02
3.677186415530741409e-02
3.652118900790810724e-02
3.659254986792803005e-02
3.665689343120902971e-02
3.679855660535395062e-02
3.661475323606282195e-02
3.659500846639275606e-02
3.671638046391308141e-02
3.658654393628239798e-02
3.678318016696721648e-02
3.651170785538852132e-02
3.658817772753536479e-02
3.658523011952638515e-02
3.658261572942137635e-02
3.680891630239784690e-02
3.651594929397106171e-02
3.663599232211708911e-02
3.648483389988541742e-02
3.655326589476317473e-02
3.656107785645872077e-02
3.658486868720501467e-02
3.647095661610364609e-02
3.665550066158175524e-02
3.638022306375205545e-02
3.649802347645163259e-02
3.654111666604876324e-02
3.650134925730526281e-02
3.651566778309642963e-02
3.636517483741044665e-02
3.651635693386197368e-02
3.647510204464197298e-02
3.633171223104000175e-02
3.638258124701678614e-02
3.657524242997169800e-02
3.655407259706407869e-02
3.633830178529023902e-02
3.629851579666137917e-02
3.628049547784030493e-02
3.639635789208114230e-02
3.649051259737461778e-02
3.628439633175730566e-02
3.629700405523181295e-02
3.636977980379015041e-02
3.638650686945766460e-02
3.634968369267881083e-02
3.633080775849521077e-02
3.640340546611696426e-02
3.624333033803850412e-02
3.617263151332736348e-02
3.632959761191159598e-02
3.632583046797663306e-02
3.629790444858372461e-02
3.622504264581948713e-02
3.635659337509423300e-02
3.634841668885201160e-02
3.642372082918882148e-02
3.625676656141876841e-02
3.628208027686923715e-02
3.637187671847641468e-02
3.601016693282872716e-02
3.616642901208251548e-02
3.627465615514666175e-02
3.625205429270863394e-02
3.623683814890682475e-02
3.611626700032502524e-02
3.616356973070651570e-02
3.633747117593884302e-02
3.624442900065332623e-02
3.639081285335123844e-02
3.623495327774435559e-02
3.625570964533835622e-02
3.603241080883890640e-02
3.627432304434478200e-02
3.606371899135410453e-02
3.605094503145665069e-02
3.625160892028361781e-02
3.620440159924328410e-02
3.605520620476454496e-02
3.608584998175502073e-02
3.616626685485244130e-02
3.610081911087036077e-02
3.617873534094542126e-02
3.615713106468319837e-02
3.612688266206532522e-02
3.620315825566649409e-02
3.621794676873833080e-02
3.605997508857398948e-02
3.613123555202037152e-02
3.615554856602102435e-02
3.603696160018444311e-02
3.604330401401966560e-02
3.602239617146551359e-02
3.610269414260983134e-02
3.601219912059604872e-02
3.606372087728232367e-02
3.604503707494586401e-02
3.602812885772437024e-02
3.589970149565488433e-02
3.602645068895071745e-02
3.607158106286078442e-02
3.595378015656024162e-02
3.602674563415348558e-02
3.595518141984939409e-02
3.591441383585333713e-02
3.589012600015848570e-02
3.586053725332021686e-02
3.590003193821757893e-02
3.596336095593869603e-02
3.602951712906360404e-02
3.584491680376231809e-02
3.603580352384597174e-02
3.603449784219264762e-02
3.575628762133419708e-02
3.584879931062459613e-02
3.596697612199932503e-02
3.586534794420003641e-02
3.582832728978246201e-02
3.578290104400366767e-02
3.595868923701345948e-02
3.589567984454333782e-02
3.594070760067552550e-02
3.585551830474287271e-02
3.589374615345150565e-02
3.593425005208700923e-02
3.579264643136412238e-02
3.580952644813805569e-02
3.578121726866811264e-02
3.575478946324437551e-02
3.583789441734552134e-02
3.597430549561977248e-02
3.593648351728916113e-02
3.576166475657373972e-02
3.579655900597572549e-02
3.593839632812887569e-02
3.583542604465037723e-02
3.581602278631180331e-02
3.576503651216626084e-02
3.575858760625123811e-02
3.582398031372577285e-02
3.589871095493436109e-02
3.585816238075494738e-02
3.581967241596430845e-02
3.585998279973864888e-02
3.586026173084974622e-02
3.583016472402959784e-02
3.576414429116994004e-02
3.566591952927410797e-02
3.578696043696254214e-02
3.574153759051114376e-02
3.578823679126798968e-02
3.559035030659288279e-02
3.573207683395594053e-02
3.569496041629463545e-02
3.558688228484243460e-02
3.564193182159215018e-02
3.578354549128562323e-02
3.564749252516776629e-02
3.556256229989230438e-02
3.572905556764453816e-02
3.559890892356634001e-02
3.555560888256877744e-02
3.561846108175813902e-02
3.565355498809367335e-02
3.570803073700517388e-02
3.564471034333109578e-02
3.562701686751097718e-02
3.552078020758926702e-02
3.554382052738219722e-02
3.570177061483263692e-02
3.565102115739136879e-02
3.566420140676200556e-02
3.559443336911499722e-02
3.568677538540214467e-02
3.561442272271961307e-02
3.544720250647515059e-02
3.561167435254901370e-02
3.562703791540115794e-02
3.569563370663672575e-02
3.552214032039046482e-02
3.563761487137526163e-02
3.550843309611081966e-02
3.558862206991762062e-02
3.563789957202970898e-02
3.544491298496723480e-02
3.565594523679464778e-02
3.560892219189554231e-02
3.554951286874711430e-02
3.553627840708941527e-02
3.563534892164170464e-02
3.545275808777659937e-02
3.563509179279208267e-02
3.543498286511748835e-02
3.562337028793990945e-02
3.560169499367475676e-02
3.559239775408059442e-02
3.536282447632402293e-02
3.539364055730402636e-02
3.555211216676980313e-02
3.531038303393870675e-02
3.543115793727338175e-02
3.541215033736080237e-02
3.559909057803452292e-02
3.559001666493713523e-02
3.546217278577387666e-02
3.556864070240408487e-02
3.546436477918177982e-02
3.549089989624917840e-02
3.540487982332706646e-02
3.545004057697951488e-02
3.550912989303469519e-02
3.549022912513464384e-02
3.531930506229400551e-02
3.542159795761108676e-02
3.546605887822806835e-02
3.535411837045103478e-02
3.541690581943839761e-02
3.542438718490302507e-02
3.538978245109319909e-02
3.532168236095458574e-02
3.554625363089144313e-02
3.537033622618764722e-02
3.544056004844606256e-02
3.539796723518520705e-02
3.551342518068850013e-02
3.524454036261886331e-02
3.543410523794591344e-02
3.532538182567804969e-02
3.538780391216277826e-02
3.539492867887020222e-02
3.523796903435141153e-02
3.539138198364526200e-02
3.531158281955867895e-02
3.536515342537313589e-02
3.530440623871981820e-02
3.531246950849890875e-02
3.523092352319508874e-02
3.536051650531590179e-02
3.537784731015562734e-02
3.530658651608973436e-02
3.533104249741882141e-02
3.542590911965817074e-02
3.539164805784821705e-02
3.521092909853905384e-02
3.531908658333123008e-02
3.537333772517740893e-02
3.533118207473307654e-02
3.503605177160352274e-02
3.518239069730043356e-02
3.554334346670657424e-02
3.532440960407257080e-02
3.513428290374576851e-02
3.525899981148541279e-02
3.516056464985013036e-02
3.531151881441473711e-02
3.536330656148493207e-02
3.520107718650251905e-02
3.537536559160799066e-02
3.528118807822466091e-02
3.527759152930230041e-02
3.513713687658309714e-02
3.522196743637323602e-02
3.523747590370476107e-02
3.520490723662078603e-02
3.525948212482035021e-02
3.512717947363853260e-02
3.535849564243107729e-02
3.540752188768237635e-02
3.514237259514629841e-02
3.516993038356304446e-02
