7.681937488168477657e-02
4.949478064477443734e-02
4.699609817564487368e-02
4.534996584057807839e-02
4.410417930781840995e-02
4.341484824568032919e-02
4.307022956013679266e-02
4.270138626545667837e-02
4.227033854275941832e-02
4.144988583773374230e-02
4.142456344515085126e-02
4.095623591542243980e-02
4.064500346034765482e-02
4.056808884441852336e-02
4.023592232167720606e-02
4.000779033452272343e-02
3.962184860557317612e-02
3.934810693562031114e-02
3.918471988290548463e-02
3.892218624055385906e-02
3.881167328357696539e-02
3.846150273829698762e-02
3.831015025824308085e-02
3.812967837601900084e-02
3.798019341006875216e-02
3.759608837589621666e-02
3.783504383638500862e-02
3.736622199416160528e-02
3.725436668843030985e-02
3.741357930749654448e-02
3.692399874329566761e-02
3.687295979633927606e-02
3.675741098448634392e-02
3.669220357015728906e-02
3.645492037385702350e-02
3.635955889895558374e-02
3.638700841739773983e-02
3.620464937016367596e-02
3.620227917656302502e-02
3.603789680451154748e-02
3.586672295257448823e-02
3.576445985585451071e-02
3.580197843164205362e-02
3.565557173267006746e-02
3.559719855710864050e-02
3.534392434731125493e-02
3.549459770694374933e-02
3.525529674440622263e-02
3.519894513860345048e-02
3.515268562361598126e-02
3.493835232034325777e-02
3.497868611291050922e-02
3.493342635780572608e-02
3.490799511224031149e-02
3.476495411247015194e-02
3.462251698598265565e-02
3.463001480698585377e-02
3.451015960425138362e-02
3.465411755815148154e-02
3.428646194562316035e-02
3.427303468436002781e-02
3.428052677586674452e-02
3.422180068865418590e-02
3.437310256808995962e-02
3.435111486539244724e-02
3.421017686277628284e-02
3.410532286018132936e-02
3.393489591404795502e-02
3.396536099538206843e-02
3.395772296562790671e-02
3.388595985248685216e-02
3.386863555014133637e-02
3.383261426538228950e-02
3.377747083827853380e-02
3.363873301073908723e-02
3.370129010081291537e-02
3.346579706296324425e-02
3.366494873538613403e-02
3.365583644807338543e-02
3.342821049690246349e-02
3.344612708687782349e-02
3.341646802797913762e-02
3.344440387934446285e-02
3.328661775961518077e-02
3.336734884232282761e-02
3.325430052354931554e-02
3.322769468277692734e-02
3.313968335837125939e-02
3.305235666036605846e-02
3.315345585346221591e-02
3.323583067953586601e-02
3.305628010258078453e-02
3.296818531677126601e-02
3.294776915758847874e-02
3.304238560795783736e-02
3.307358376309275927e-02
3.309308579191565236e-02
3.277861743420362739e-02
3.284799698740244189e-02
3.294623987376690127e-02
3.299120103940367948e-02
3.286163090914488022e-02
3.291492775827646600e-02
3.262910141050815588e-02
3.258429876342415488e-02
3.267901068553328431e-02
3.264257252216339056e-02
3.261138882860541155e-02
3.272765864804386832e-02
3.258727173879742700e-02
3.245959307998418780e-02
3.243328486755490264e-02
3.258274094760418155e-02
3.256382574886083903e-02
3.255326664075255255e-02
3.257109942287206988e-02
3.244590642303228634e-02
3.258593317121267346e-02
3.254918132722377927e-02
3.261117773503065254e-02
3.249400114640593751e-02
3.258971329778433124e-02
3.236606480181217216e-02
3.223373646661639030e-02
3.237729312479496052e-02
3.231834310665726573e-02
3.222706855833530615e-02
3.227669260278344388e-02
3.226480370014905841e-02
3.231195696070790491e-02
3.221140371263027380e-02
3.227328525483608157e-02
3.230014707893133497e-02
3.229392700269818200e-02
3.223412408307194804e-02
3.214610949158668712e-02
3.203517905995249826e-02
3.212259261682629680e-02
3.223438316211104521e-02
3.207918750867247426e-02
3.198461715877055911e-02
3.185958565399051035e-02
3.195792174711823558e-02
3.203199835121631894e-02
3.198696716874838142e-02
3.197791342809796350e-02
3.208267578855156926e-02
3.213983178138733049e-02
3.195892737060785499e-02
3.202848403155803686e-02
3.188100546225905441e-02
3.188082473725080412e-02
3.179906021431088553e-02
3.180439925193786349e-02
3.188025800883770300e-02
3.170520222187041964e-02
3.180548850819468754e-02
3.182225220650434366e-02
3.161757998168468475e-02
3.173860108852386702e-02
3.179597343504429047e-02
3.175583725795149553e-02
3.170703269541263331e-02
3.172796339169144803e-02
3.174100214242935036e-02
3.164062518626451631e-02
3.164436579868197541e-02
3.156385591998696338e-02
3.154819710925221149e-02
3.173892245814204094e-02
3.162212465330958150e-02
3.166761046275496511e-02
3.162103393673897089e-02
3.170861788094044009e-02
3.167589099332690505e-02
3.151407643407583281e-02
3.150823006406426596e-02
3.145265689119696589e-02
3.149987414851784795e-02
3.138169017061591404e-02
3.147551931440830536e-02
3.147052298113704044e-02
3.162635536119341728e-02
3.148980176821351146e-02
3.148005383834243109e-02
3.151738720014691381e-02
3.147788658738136236e-02
3.145873383432627041e-02
3.128707955777645239e-02
3.141043121740221683e-02
3.147029846534132869e-02
3.137211418524384759e-02
3.124353084340691575e-02
3.146932793408632051e-02
3.154044383764267184e-02
3.143173753470182574e-02
3.129996620118617734e-02
3.126619132980704152e-02
3.121604561805725250e-02
3.137888825312256519e-02
3.127200832590460583e-02
3.139913647994398843e-02
3.126383598893880955e-02
3.141151424497366090e-02
3.126738995686173528e-02
3.130976409092545848e-02
3.131895984336734162e-02
3.131318687275051749e-02
3.132009001448750329e-02
3.124358369782567063e-02
3.119746946543455052e-02
3.101322123780846443e-02
3.128145312145352158e-02
3.133470223844051633e-02
3.124940785393118953e-02
3.104031443968415307e-02
3.121194665879011010e-02
3.112400878593325759e-02
3.104074010998010558e-02
3.115746732801199029e-02
3.113413074240088327e-02
3.111959977075457601e-02
3.131218241900205618e-02
3.107276710122823873e-02
3.109876670315861805e-02
3.111866126582026396e-02
3.110290924459695877e-02
3.094239769130945061e-02
3.107689541950822004e-02
3.099158919602632359e-02
3.101674486696720176e-02
3.105858196318149467e-02
3.101291520893573878e-02
3.110221270844340177e-02
3.093666023015976055e-02
3.111650001630187137e-02
3.098493549600243521e-02
3.090024321898817913e-02
3.106599255651235417e-02
3.118223433196544783e-02
3.106505081057548551e-02
3.112508897110819947e-02
3.101538792997598701e-02
3.116907682269811491e-02
3.088717117533087628e-02
3.110010870173573333e-02
3.102885000035166679e-02
3.095604129880666702e-02
3.097822648286819441e-02
3.100506442785263064e-02
3.103046655654907379e-02
3.088987440615892366e-02
3.098957307636737712e-02
3.084135868027806232e-02
3.085182075574994034e-02
3.091982219740748578e-02
3.095589965209364844e-02
3.094921518862247395e-02
3.059303946048021194e-02
3.091210388764738942e-02
3.075091321393847582e-02
3.082327574491500882e-02
3.079542164877057189e-02
3.073002589866518849e-02
3.091789861023426164e-02
3.076320425793528657e-02
3.077082838863134245e-02
3.073910641297698115e-02
3.072857400774955602e-02
3.071839713305234837e-02
3.074486708268523230e-02
3.078338158130645638e-02
3.087177826464176239e-02
3.080158897861838205e-02
3.061866444349288854e-02
3.098716685920953687e-02
3.096861407160758986e-02
3.075079459324479153e-02
3.079627813398837927e-02
3.073438717424869376e-02
3.081338149681687316e-02
3.076311115175485444e-02
3.080645558610558415e-02
3.072744803875684591e-02
3.074717070534825278e-02
3.065233151987194898e-02
3.077473524957895223e-02
3.065860350802540948e-02
3.073020727559924031e-02
3.060544265434145955e-02
3.076373904570937207e-02
3.076545459032058866e-02
3.055425485968589830e-02
3.052428536117076860e-02
3.066130616515874707e-02
3.075327047333121372e-02
3.056462418287992505e-02
3.057435705140233023e-02
3.068657819926738639e-02
3.069902890175580865e-02
3.068267738819122417e-02
3.058320913463831101e-02
3.057206685096025556e-02
3.052166882902383749e-02
3.063855832070112167e-02
3.071035736054181925e-02
3.058560772612690937e-02
3.079486911371350291e-02
3.054846119880676170e-02
3.055274158343672733e-02
3.053697345405817151e-02
3.061494448781013414e-02
3.057190462201833658e-02
3.050140605121851034e-02
3.062893137708306429e-02
3.057581299915909656e-02
3.053033746778964844e-02
3.059215984120965126e-02
3.058690280467271649e-02
3.048209422454237899e-02
3.050038441643119005e-02
3.063959084078669501e-02
3.052319940924644315e-02
3.057080088183283806e-02
3.069455137848853959e-02
3.048013965785503418e-02
3.053169763833284492e-02
3.063434361666440842e-02
3.049368579313159119e-02
3.035913249477744172e-02
3.049345728009939319e-02
3.043896282091736877e-02
3.055215472728014039e-02
3.042387361451983491e-02
