6.352497117593884635e-02
6.307524739764630572e-02
5.133176873065531387e-02
4.798217609152197888e-02
5.272657607495784965e-02
4.615452810749411799e-02
4.617078304663300298e-02
4.642770828306674868e-02
4.899562507122755262e-02
4.502081267908215195e-02
4.749782422743737548e-02
4.457058635912835437e-02
4.372009896859526540e-02
4.350856658257543780e-02
4.343283985741436259e-02
4.496811537072062381e-02
4.233444200828671150e-02
4.261203269660472637e-02
4.336738973855971957e-02
4.160705090314149868e-02
4.172694234549999270e-02
4.145251396298408469e-02
4.125374563410878076e-02
4.139932896010577873e-02
4.103503836132586097e-02
4.072230883501470194e-02
4.441003378666937007e-02
4.059355584345757800e-02
4.091285477578639890e-02
4.024088519066572334e-02
4.079062230139970935e-02
4.285543794743716661e-02
3.957215611264109506e-02
3.970974321290850900e-02
4.467408229038119516e-02
4.133708074502646934e-02
4.649275320395827166e-02
3.900874170660972862e-02
3.964443705603480639e-02
3.941416548378765677e-02
3.879750587046146282e-02
4.049650610052048932e-02
3.868369429558515815e-02
3.883064777590334443e-02
3.829555349983274765e-02
3.828805629722774329e-02
3.858887448720633995e-02
3.844862855039536675e-02
3.941957083716988303e-02
3.845944409817457499e-02
3.780976224131882280e-02
3.792185684479772861e-02
3.777027647197246651e-02
3.836491188965737709e-02
3.756527945771813426e-02
3.791301488503813488e-02
3.766575277782976960e-02
3.723292457312345205e-02
3.771941942721605129e-02
3.825184123404323788e-02
3.757086994685232550e-02
3.789191298931837010e-02
3.705855276621878441e-02
3.730093825235963195e-02
3.693069715611636827e-02
3.741565419919788693e-02
3.719708267413079916e-02
3.703322295844554968e-02
3.724401022493839530e-02
3.709478834643960277e-02
3.765285897441208313e-02
3.672438473999500158e-02
3.727600919082760950e-02
3.715499170124531014e-02
3.692558647133410005e-02
3.632192729599773712e-02
3.716145803220569782e-02
3.749676758237183161e-02
3.645645661652088115e-02
3.633831306919455689e-02
3.797802729718387227e-02
3.674753386154770707e-02
3.693382946774363684e-02
3.643037036061286954e-02
3.646757516078651118e-02
3.714747913926839951e-02
3.695594941824674462e-02
3.631152487359941283e-02
3.622191268950700899e-02
3.610657077841460810e-02
3.616750835068523878e-02
3.610329633764922802e-02
3.591964268870651705e-02
3.612676349468529197e-02
3.625937560200691301e-02
3.630073729343712141e-02
3.583276505209505303e-02
3.636203306913375621e-02
3.617062266729772352e-02
3.600825575552880908e-02
3.602353907935321176e-02
3.581574482470750720e-02
3.573935365676880055e-02
3.606371658109128187e-02
3.583204086683690337e-02
3.582819745130837175e-02
3.622265768609941178e-02
3.562991195917129816e-02
3.607250598631799032e-02
3.583858455717563868e-02
3.558700983040034849e-02
3.609504175186157432e-02
3.564337990246713161e-02
3.538086872920393616e-02
3.573675233870744761e-02
3.547679076902568451e-02
3.540775996074080334e-02
3.539730770327150638e-02
3.543086365237831797e-02
3.564336706511676139e-02
3.546061721816658879e-02
3.512229738011956454e-02
3.519279955886304295e-02
3.537778375297784966e-02
3.673945789132267159e-02
3.533834494091570716e-02
3.543104082718491477e-02
3.493229094333946683e-02
3.667874995619058859e-02
3.525344371423125289e-02
3.516240250878036044e-02
3.500285307690501058e-02
3.566109047830105100e-02
3.521481375955045484e-02
3.516889602877199678e-02
3.536821526102721519e-02
3.504615827277302725e-02
3.526338457688689421e-02
3.515269047394394691e-02
3.513929521292447761e-02
3.520635675452649799e-02
3.505421434715390305e-02
3.511250187270343465e-02
3.474458303302526557e-02
3.506195016391575048e-02
3.518103586696088442e-02
3.463485573790967692e-02
3.507843590155244190e-02
3.522201227582991145e-02
3.488444030098616921e-02
3.502349498867988326e-02
3.504431543126702159e-02
3.491918476112186587e-02
3.503989019989967035e-02
3.496125380881130729e-02
3.474655208177864635e-02
3.467678393796086445e-02
3.498435857705772117e-02
3.472968997247517092e-02
3.461041402257979127e-02
3.467684226669370817e-02
3.445096592791378753e-02
3.467525238543749111e-02
3.525314678065478990e-02
3.472400117293000105e-02
3.454784799367189435e-02
3.467592283338308268e-02
3.483154724910855066e-02
3.487019330449402099e-02
3.460849246941506696e-02
3.440026569180190674e-02
3.440304415859282011e-02
3.461349013634026223e-02
3.448950589448213783e-02
3.451489533111452845e-02
3.437026352435350318e-02
3.498528958857059779e-02
3.437538335099816350e-02
3.444074885174631950e-02
3.477860146760940879e-02
3.438814878463745256e-02
3.446821946091949834e-02
3.454679718054830956e-02
3.423000559397041537e-02
3.438073619268834646e-02
3.419548509456217522e-02
3.476410169526934768e-02
3.443782368302344965e-02
3.455298511683940754e-02
3.434106261469423854e-02
3.459404201805591633e-02
3.427855407446622760e-02
3.455369072034954886e-02
3.462620261125266830e-02
3.429718311503529571e-02
3.458738023787737148e-02
3.406996668130159167e-02
3.424236153438687397e-02
3.451006931625306279e-02
3.435431742668151878e-02
3.448227023892104504e-02
3.417550813406705634e-02
3.451782243326306093e-02
3.398688026517629468e-02
3.425557017326354842e-02
3.413770301826297981e-02
3.385636414401232974e-02
3.439198881760239385e-02
3.410885266959667178e-02
3.411179408058524071e-02
3.422298791259527351e-02
3.392404849641025150e-02
3.395556827075779660e-02
3.386608703061938508e-02
3.404229446314275404e-02
3.418092373758554320e-02
3.442091048881411319e-02
3.423221148923039775e-02
3.396396332792937789e-02
3.406830016523599430e-02
3.404169092141091923e-02
3.397694364376366294e-02
3.404200269654393540e-02
3.448315802589058815e-02
3.400025462172925200e-02
3.397470941022038421e-02
3.388464013859629476e-02
3.432726744189858181e-02
3.400089169666171279e-02
3.408712607249617804e-02
3.400244510173797835e-02
3.398591211438178883e-02
3.430905378237366493e-02
3.426872091740369719e-02
3.382747912034392290e-02
3.437771825678646864e-02
3.355772605352103782e-02
3.419195434264838546e-02
3.392981041036546158e-02
3.401567446254193799e-02
3.355497942492365743e-02
3.376709800958633406e-02
3.364710627868771481e-02
3.410603172332048183e-02
3.377441092394292688e-02
3.363810984790325392e-02
3.385531465336680257e-02
3.398843401297926836e-02
3.362462700717151060e-02
3.395931757241487520e-02
3.378990231268107908e-02
3.353402003459632352e-02
3.362478261999785750e-02
3.357941157929598963e-02
3.405191309005022038e-02
3.366866963542997776e-02
3.371717421896755496e-02
3.419261495023966091e-02
3.357005386799574026e-02
3.375909782014787502e-02
3.377742818184197027e-02
3.366281921789050086e-02
3.409351739101111611e-02
3.356028208509087563e-02
3.386511411704123259e-02
3.367533053644001378e-02
3.383076478540897325e-02
3.334646717458963211e-02
3.349236579053103957e-02
3.389944595843553260e-02
3.347371857054531885e-02
3.411437581665813928e-02
3.368097525648772878e-02
3.367799155227840097e-02
3.423984310030937089e-02
3.353416507132351426e-02
3.401586317084729499e-02
3.375880643166601774e-02
3.359760237485170248e-02
3.364642078615725368e-02
3.387501372955739609e-02
3.353483737632632217e-02
3.386692833155393462e-02
3.380110155232250724e-02
3.394051990471780300e-02
3.444166109897196099e-02
3.350090167671442021e-02
3.386729154363274374e-02
3.365863397158682518e-02
3.383445194363594172e-02
3.335674815624952577e-02
3.335778892971575510e-02
3.341563684493303182e-02
3.336403188109397788e-02
3.358306484669446729e-02
3.382392069883644742e-02
3.400112506002187646e-02
3.357390270009636551e-02
3.361240003816783756e-02
3.358536944724619527e-02
3.387676461972296410e-02
3.380537202022970006e-02
3.317905600555241113e-02
3.347919163480401333e-02
3.370150747708976213e-02
3.356770832650363134e-02
3.419620300829410292e-02
3.312963397055864595e-02
3.354917983151971955e-02
3.335638710483908309e-02
3.335169115476310092e-02
3.390144976228475632e-02
3.353958123736083818e-02
3.354709199070930736e-02
3.353679937869310373e-02
3.363662304729223007e-02
3.334573610499501350e-02
3.368428385630249655e-02
3.359037300013005545e-02
3.329716508090495991e-02
3.332255453057587219e-02
3.308213523402810108e-02
3.336706940457224990e-02
3.329864083230495153e-02
3.346105272322893315e-02
3.351164251752197787e-02
3.326253001950681132e-02
3.315773964487016279e-02
3.367215636000037149e-02
3.326566848903894646e-02
3.322569989785552347e-02
3.343203077092767039e-02
3.305119851417839816e-02
3.379403321817517347e-02
