4.231836587861180221e-01
4.247852414995431647e-01
4.246012941747903668e-01
4.226475827544927677e-01
4.249361636340618364e-01
4.233178378492593597e-01
4.229351809173822474e-01
4.230594462901353658e-01
4.240137573033571083e-01
4.214238186925649554e-01
4.237857309430837494e-01
4.239477053135633500e-01
4.231465133875608187e-01
4.219200787395238628e-01
4.230153844878077329e-01
4.230170270577073288e-01
4.229942341893911384e-01
4.215957376956939728e-01
4.227775757908820986e-01
4.237936112806200972e-01
4.226977217197418479e-01
4.215612588077783385e-01
4.223543841540813304e-01
4.231801400929689483e-01
4.236475852057337566e-01
4.234712756127119171e-01
4.219549383148550881e-01
4.224941759705543309e-01
4.216970917284488807e-01
4.222643270194530452e-01
4.240445533990859772e-01
4.242180259227752437e-01
4.233092978298664266e-01
4.239211993664502853e-01
4.213706268370151498e-01
4.217929510176181562e-01
4.238094789460301604e-01
4.245755997449159880e-01
4.216368044763803558e-01
4.213267373144626848e-01
4.230940717309713550e-01
4.216846911311149526e-01
4.254638574570417386e-01
4.235315233319997819e-01
4.228840801417827477e-01
4.247187059968710043e-01
4.222392133325338359e-01
4.226671905070543134e-01
4.233613808155060054e-01
4.214239717572927368e-01
4.243391210958361581e-01
4.244495994448661547e-01
4.229237092956900645e-01
4.233207833021879196e-01
4.223873787522315904e-01
4.229723096340894939e-01
4.231075463220477229e-01
4.221033561527728906e-01
4.242270278185605870e-01
4.240202833041548658e-01
4.234692201465368178e-01
4.233023089319467580e-01
4.250252443552017256e-01
4.226634829118847692e-01
4.240873701423406583e-01
4.221843605786562148e-01
4.230654901862144213e-01
4.235323702543973834e-01
4.245550426691770407e-01
4.225181062370538809e-01
4.203269789665937672e-01
4.237672223597764853e-01
4.252100460529327219e-01
4.236336400210857223e-01
4.240125144645571775e-01
4.214639179036021033e-01
4.230831049680709999e-01
4.215734412521123797e-01
4.245434103012085125e-01
4.226764984428882377e-01
4.244796853214502508e-01
4.247625349014997331e-01
4.228986095041036841e-01
4.237122422307729730e-01
4.233822468072175882e-01
4.213758424073457687e-01
4.234048775583505453e-01
4.228569478765130119e-01
4.228362414985895046e-01
4.237890329957008095e-01
4.236020003855228699e-01
4.211040883213281738e-01
4.246423481851815951e-01
4.244027578234672582e-01
4.230491020828485715e-01
4.232741443514824176e-01
4.236775370165705712e-01
4.236371952146291697e-01
4.223474651724100082e-01
4.229789842590689908e-01
