1.421766380686312892e-01
2.648348891176283484e-02
9.842123354319482972e-03
4.640473954495973573e-03
2.653599695768207346e-03
1.673147664114367278e-03
1.163953004579525467e-03
8.820469457714352800e-04
6.975399416114669163e-04
5.509546540270094002e-04
4.415200468793045708e-04
3.858115846378495895e-04
3.425883629097370453e-04
3.046886679658200332e-04
2.660513323644408783e-04
2.360071282964781966e-04
2.139899617395712962e-04
1.992698374306200938e-04
1.896947849309071812e-04
1.775336815990158443e-04
1.608525841584196184e-04
1.504059215585584622e-04
1.409058906392601849e-04
1.322944104504131366e-04
1.251567509279993807e-04
1.191200725952512601e-04
1.156832304513954985e-04
1.131769965104467669e-04
1.042148525993979991e-04
1.052385959337698312e-04
1.021686933927412567e-04
9.823152400713297484e-05
9.208390318235615377e-05
9.180184608339914012e-05
8.875322364474414459e-05
8.563638069972512637e-05
8.729647839572862939e-05
8.272816568933194937e-05
8.088616303211893063e-05
7.733874470432055951e-05
7.918946561403572071e-05
7.516947729527601366e-05
7.442828659804945075e-05
7.394117091280349779e-05
7.270658808920415670e-05
7.152445255997009132e-05
7.325804423089720644e-05
7.099539713635749812e-05
6.795321275603782201e-05
6.783197477489011362e-05
6.765902476217889032e-05
6.725815321260597177e-05
6.686432253445673214e-05
6.551456469424010883e-05
6.381891408636874931e-05
6.196144530804304266e-05
6.277188943386135926e-05
6.317978868537465771e-05
6.213880812538263203e-05
6.213907136952912457e-05
6.002627847919938761e-05
5.973362013719451754e-05
5.992231286654714305e-05
5.895568442610965305e-05
5.894781083952694005e-05
5.704792944925430063e-05
5.834684092405950569e-05
5.728640358029224580e-05
5.784996722468349861e-05
5.674788324540713504e-05
5.513054724360699955e-05
5.525731976376846568e-05
5.714333386094949782e-05
5.495734968462784119e-05
5.339229868695838567e-05
5.488835991855012334e-05
5.438536458314047385e-05
5.467593810863036278e-05
5.312527635396690877e-05
5.466337779580499046e-05
5.204966249038989434e-05
5.368466971049201512e-05
5.270446155918762115e-05
5.312552984833018583e-05
5.232880067524092954e-05
5.152875175554072376e-05
5.227160087088123045e-05
5.153532377335068006e-05
5.153904626240546214e-05
5.099195378534204738e-05
5.125488486555696054e-05
5.034243136833537976e-05
5.071656551990599647e-05
5.096074181892617854e-05
5.013960681935714173e-05
5.027970732044196082e-05
5.112418254611839237e-05
4.952737258463457421e-05
5.010440222577017402e-05
4.970374423464818094e-05
