8.200647830963134211e-02
7.509845122694969177e-02
7.255386412143707831e-02
6.679949425160884580e-02
5.747319199144840240e-02
4.907883666455745836e-02
4.135847352445125302e-02
3.609827458858490268e-02
3.207787144929170886e-02
2.868790049105882783e-02
2.539105936884879927e-02
2.285174727439880440e-02
2.151565682142973085e-02
2.040641698986291747e-02
1.909364555031061242e-02
1.795173091813921998e-02
1.722482116892933707e-02
1.665985984727740357e-02
1.565659409388899664e-02
1.491056093946099316e-02
1.427519395947456429e-02
1.365542933344840969e-02
1.342549277469515766e-02
1.277022473514080082e-02
1.282428558915853570e-02
1.221590563654899667e-02
1.186797721311450005e-02
1.178449764847755432e-02
1.169148217886686360e-02
1.150791775435209240e-02
1.088752979412674869e-02
1.098886011168360641e-02
1.090566581115126610e-02
1.039547212421894004e-02
1.029121167957782780e-02
1.056291423738002846e-02
1.034771278500556946e-02
9.550395980477332722e-03
1.012715324759483337e-02
9.668466355651616356e-03
9.671268891543150295e-03
9.309295844286680915e-03
9.059380088001490333e-03
9.081297460943460811e-03
9.315673029050230980e-03
9.434263641014694474e-03
8.665856253355742195e-03
8.599520241841674545e-03
8.595847757533192635e-03
8.741471357643604626e-03
8.561555389314889561e-03
8.790346188470720898e-03
8.294744556769729008e-03
8.302219491451979377e-03
8.348347852006554604e-03
8.083540620282292713e-03
8.081573061645030975e-03
8.222821913659573295e-03
8.125821780413388512e-03
7.910937815904618003e-03
7.948385784402489662e-03
7.817237591370939515e-03
7.479296205565333713e-03
7.503667613491415977e-03
7.367148157209157597e-03
7.625952083617448980e-03
7.669083680957556118e-03
7.251273142173886299e-03
7.313954876735806465e-03
7.085091620683670217e-03
7.243541674688458790e-03
7.352256588637829174e-03
7.143774256110191519e-03
7.118760515004396786e-03
7.250811625272035772e-03
7.193844858556985508e-03
7.148908451199531555e-03
6.682176887989044016e-03
6.985824694857001652e-03
6.914445199072360992e-03
6.780921155586839069e-03
6.958795059472322291e-03
6.876711919903755361e-03
6.522282818332314144e-03
6.700090831145644188e-03
6.722874799743294369e-03
6.358380150049925024e-03
6.529799895361065865e-03
6.822618702426552599e-03
6.358785182237624775e-03
6.640239479020237576e-03
6.378706404939293514e-03
6.527869123965501438e-03
6.442980328574776823e-03
6.353053590282797466e-03
6.161659397184849132e-03
6.336507573723793203e-03
6.079015182331204067e-03
6.168614747002721180e-03
6.396110262721776615e-03
6.408859137445687901e-03
6.299745244905352766e-03
6.078417273238300930e-03
6.201452855020761316e-03
6.091745290905237371e-03
6.231032358482479876e-03
6.040741270408034151e-03
5.804345989599823778e-03
6.264439783990383148e-03
5.950679490342736418e-03
6.156555749475956310e-03
5.692024901509285147e-03
5.909026460722088467e-03
5.800869176164269100e-03
5.710165435448289091e-03
5.919443909078836441e-03
5.630642687901854342e-03
5.701723787933587854e-03
5.570299690589308739e-03
5.857517337426542889e-03
5.680690845474600445e-03
5.588127765804529190e-03
5.908098537474870682e-03
5.578115023672581066e-03
5.655469698831438671e-03
5.579557223245501692e-03
5.607376154512166803e-03
5.384912807494401585e-03
5.750203458592295820e-03
5.346535798162221562e-03
5.452052829787135471e-03
5.359457246959209789e-03
5.481094541028142149e-03
5.512783629819750439e-03
5.462696077302098274e-03
5.502200918272137642e-03
5.438499990850687374e-03
5.590770440176129168e-03
5.194216873496771206e-03
5.234382674098014485e-03
5.463502695783972393e-03
5.271160788834094828e-03
5.250064935535192316e-03
5.438504647463560451e-03
5.292605888098478144e-03
5.472976434975862677e-03
5.278366897255182093e-03
5.302635347470640789e-03
5.107226781547069550e-03
5.041060177609324802e-03
5.247063143178820957e-03
4.994958033785223614e-03
5.008696322329342018e-03
5.196182383224367748e-03
5.230350606143474752e-03
5.055181868374347860e-03
5.066267610527574843e-03
4.884811909869312893e-03
5.149084795266390020e-03
5.137986084446310824e-03
5.106845917180180376e-03
5.077945510856806885e-03
5.094104679301381111e-03
4.847276955842971802e-03
4.864471266046166420e-03
4.823516262695193638e-03
5.114173237234354193e-03
5.012590158730745489e-03
5.088433460332453424e-03
4.873448889702558864e-03
4.952836083248257637e-03
4.792586923576891769e-03
5.067062354646623482e-03
4.729568120092153202e-03
4.783458961173892195e-03
4.814768163487315351e-03
4.768685717135667627e-03
4.725621361285447901e-03
4.928586748428642403e-03
4.723269073292612856e-03
4.756542434915900057e-03
4.791871691122650927e-03
4.650598345324397261e-03
4.668049630708992481e-03
4.751810547895729195e-03
4.619733523577451359e-03
4.683989798650145531e-03
4.865932581014931375e-03
4.758408106863498514e-03
4.662817390635609453e-03
4.552421090193092650e-03
4.684246680699289019e-03
4.637437523342669010e-03
4.695281735621392727e-03
4.722935659810900515e-03
4.673028364777565002e-03
4.464047541841864412e-03
4.638550570234656334e-03
4.638850013725459923e-03
4.376187804155051708e-03
4.644582583568990404e-03
4.485100228339433844e-03
4.413915774784981857e-03
4.535722848959267313e-03
4.536939319223165512e-03
4.470494017004967083e-03
4.495452716946601521e-03
4.730892414227127855e-03
4.581674141809344639e-03
4.400817491114139383e-03
4.681442957371472965e-03
4.498460376635193651e-03
4.455507523380220283e-03
4.591414052993058985e-03
4.542713402770459652e-03
4.377683461643755609e-03
4.382805083878338337e-03
4.451064602471887718e-03
4.241602960973978043e-03
4.465017002075910568e-03
4.520932002924383034e-03
4.407458333298563610e-03
4.138873703777789896e-03
4.359833779744803905e-03
4.314162069931626320e-03
4.394388408400118351e-03
4.413746413774788380e-03
4.349121311679482633e-03
4.238797514699399298e-03
4.126724321395158768e-03
4.085895558819174940e-03
4.272213601507246321e-03
4.372093523852526968e-03
4.258629609830677162e-03
4.406997654587030584e-03
4.437953094020485531e-03
4.210479604080319231e-03
4.259477462619542729e-03
4.357567173428833485e-03
4.320441535674035896e-03
4.349633958190679897e-03
4.300515749491751194e-03
4.134776699356734579e-03
4.115814203396439205e-03
4.073062073439359318e-03
4.195129522122443069e-03
4.194832523353397846e-03
4.083676915615797216e-03
4.169434099458158363e-03
4.142604535445570946e-03
4.113487154245376760e-03
4.012560122646391392e-03
4.243490728549658905e-03
4.078679368831217289e-03
4.228855320252478296e-03
4.065817035734653299e-03
4.266526433639228344e-03
4.125900496728718107e-03
4.099799133837222880e-03
4.108014260418712746e-03
4.072858928702771317e-03
4.043923318386077534e-03
4.048614110797643488e-03
4.158318205736577337e-03
4.106926219537854368e-03
4.031143290922046055e-03
3.927202103659510959e-03
3.955256892368197441e-03
4.057942819781601256e-03
3.862933209165930921e-03
3.984641795977949923e-03
4.031520220451056957e-03
3.951520030386746103e-03
3.930212021805346359e-03
4.220950184389948845e-03
3.867875295691192237e-03
3.836517315357923594e-03
4.087517224252224142e-03
4.010190791450441057e-03
4.098265152424574072e-03
3.957958100363612522e-03
3.901447122916579420e-03
3.959487541578710079e-03
3.986265114508569414e-03
4.025844950228929173e-03
3.896891139447689056e-03
3.758907248266041105e-03
3.882801719009876338e-03
4.064215393736958330e-03
3.822429431602358905e-03
3.861808264628052538e-03
3.861090005375445063e-03
3.993080370128155102e-03
3.795312484726309776e-03
3.848865721374750224e-03
3.962967614643275911e-03
3.915307670831679951e-03
3.789966204203665343e-03
3.931474196724593986e-03
3.952802321873605078e-03
3.787014796398579901e-03
3.864002646878361702e-03
3.744750842452049342e-03
3.767988807521760290e-03
3.826883807778358633e-03
3.720948030240833673e-03
3.888365882448852236e-03
4.011183069087565292e-03
3.853259817697107879e-03
3.929954348132013928e-03
3.792631253600120371e-03
3.871356532908975905e-03
3.780295443721115763e-03
3.771592676639556711e-03
3.768998151645064527e-03
3.824519715271890077e-03
3.637881553731858904e-03
3.915786836296319615e-03
3.858532523736357689e-03
3.770753229036927397e-03
3.941308334469794880e-03
3.885610168799757871e-03
3.942161332815885544e-03
3.744667978025972843e-03
3.883877932094037359e-03
3.887195955030620098e-03
3.731992770917713729e-03
3.777247667312621897e-03
3.746549272909760388e-03
3.623820724897086620e-03
3.742876905016601172e-03
3.549645957536995584e-03
3.642425197176635179e-03
3.719393420033156785e-03
3.714530682191252882e-03
3.778622276149690064e-03
3.655024454928934574e-03
3.817224013619125063e-03
3.822887991555035201e-03
3.630087687633931724e-03
3.886661003343761054e-03
3.719791583716869181e-03
3.542509535327553662e-03
3.616928379051387223e-03
3.753232513554394332e-03
3.518119174987077886e-03
3.641366865485906514e-03
3.622053959406912500e-03
3.721736138686537743e-03
3.721792111173272220e-03
3.574103978462517088e-03
3.685792372561991041e-03
3.660114086233079607e-03
3.837381396442651662e-03
3.654389409348368645e-03
3.478321409784257238e-03
3.548106458038091486e-03
3.663773206062614831e-03
3.675058460794389335e-03
3.686218778602778825e-03
3.697892185300588608e-03
3.745930758304893884e-03
3.450737753883004362e-03
3.554913681000471115e-03
3.570320666767656803e-03
3.533651237376034260e-03
3.746187640354037372e-03
3.652459103614091960e-03
3.553105634637176991e-03
3.554098820313811129e-03
3.515901206992566412e-03
3.611153713427483949e-03
3.559888899326324550e-03
3.491806588135659608e-03
3.576036356389522379e-03
3.509876178577542392e-03
3.641500091180205519e-03
3.590266476385295304e-03
3.490149672143161123e-03
3.569218632765114481e-03
3.637750493362546054e-03
3.614923008717596444e-03
3.618998057208955461e-03
3.527748957276344386e-03
3.679281659424305049e-03
3.663260769098996943e-03
3.384392545558512384e-03
3.524605790153145703e-03
3.603248461149633104e-03
3.543488914147019386e-03
3.515491634607314977e-03
3.381874738261103717e-03
3.566896007396280592e-03
3.361140890046953981e-03
3.405844885855913249e-03
3.665909171104431152e-03
3.453918825834989634e-03
3.430695156566798687e-03
3.667979268357157707e-03
3.642455791123211384e-03
3.493174700997769746e-03
3.316613892093300646e-03
3.414719784632325346e-03
3.447508602403104132e-03
3.484027273952960795e-03
3.522722073830664071e-03
3.507177368737757119e-03
3.477164474315941160e-03
3.416233533062040979e-03
3.445623721927404230e-03
3.536988631822168827e-03
3.472460852935910398e-03
3.398502478376030922e-03
3.309818170964718038e-03
3.292260947637259873e-03
3.413853445090353576e-03
3.511502314358949575e-03
3.406989993527531537e-03
3.349508903920650309e-03
3.433722956106066877e-03
3.333281143568456173e-03
3.607130516320466909e-03
3.505593654699623498e-03
3.529473743401467974e-03
3.378168540075421420e-03
3.475786698982119387e-03
3.432594891637563879e-03
3.332483186386525804e-03
3.496519057080149651e-03
3.403094597160816193e-03
3.438973776064813224e-03
3.441712213680148211e-03
3.368851356208324519e-03
3.389217797666788014e-03
3.361803642474114721e-03
3.388089546933770353e-03
3.440777282230556098e-03
3.399417502805590630e-03
3.412514110095798969e-03
3.339809179306030100e-03
3.413529880344867533e-03
3.415865078568458731e-03
3.377929143607616251e-03
3.357549849897623236e-03
3.419485525228083134e-03
3.290213923901319330e-03
3.235893906094133854e-03
3.448867518454789942e-03
3.457754151895642281e-03
3.424811735749244777e-03
3.347550868056714535e-03
3.328992193564772519e-03
3.428470715880393895e-03
3.357003675773739815e-03
3.256738418713212013e-03
3.263231716118752956e-03
3.256861912086606112e-03
3.369697672314942057e-03
3.305787802673876286e-03
3.458491642959415913e-03
3.398557263426482851e-03
3.357276180759072391e-03
3.368233633227646524e-03
3.315097209997475061e-03
3.380380780436098662e-03
3.407802106812596234e-03
3.409841749817133123e-03
3.398334956727921963e-03
3.248596237972378644e-03
3.275057533755898476e-03
3.308902774006128138e-03
3.287064493633806705e-03
3.272713441401719874e-03
3.310562088154256431e-03
3.372202347964048559e-03
3.250271873548626986e-03
3.326528053730726069e-03
3.214565897360444156e-03
3.242430533282458695e-03
3.241797396913170988e-03
3.360125538893044168e-03
3.365071583539247600e-03
3.237134870141744700e-03
3.326240810565650463e-03
3.248629416339099320e-03
3.347516735084354964e-03
3.179547446779906923e-03
3.321256372146308422e-03
3.283435595221817493e-03
3.216103976592421618e-03
3.245634725317358971e-03
3.265838930383324710e-03
3.225805447436869231e-03
3.347311611287295905e-03
3.341698762960732070e-03
3.190740267746150407e-03
3.260368132032454014e-03
3.248165058903395956e-03
3.302554436959326441e-03
3.170244162902235985e-03
3.326399647630750959e-03
3.151699039153754885e-03
3.209769586101174441e-03
3.258434287272393530e-03
3.211919381283223456e-03
3.290514671243727294e-03
3.195725940167903987e-03
3.137124772183597261e-03
3.089527715928852558e-03
3.154792962595820340e-03
3.264808841049671000e-03
3.281853813678026373e-03
3.142164018936455076e-03
3.244675439782440749e-03
3.151438338682055387e-03
3.151109279133379633e-03
3.150347946211695758e-03
3.177285776473581791e-03
3.245972609147429293e-03
3.271459648385643786e-03
3.226664103567600424e-03
3.172448393888771447e-03
3.174038045108318242e-03
3.136311075650155544e-03
3.151542390696704388e-03
3.265779605135321530e-03
3.235330549068749038e-03
3.210197086445987225e-03
3.168311156332493002e-03
2.989829424768686208e-03
3.082420816645026120e-03
3.137643029913306063e-03
3.217337839305401022e-03
3.152646240778267384e-03
3.027137136086821556e-03
3.147578472271561536e-03
3.254150087013840502e-03
3.156058024615049362e-03
3.156536701135337439e-03
3.100319928489625280e-03
3.134216088801622304e-03
3.222918114624917594e-03
3.081289958208799275e-03
3.210127330385148612e-03
3.159632417373359290e-03
3.230485552921891386e-03
3.227740130387246782e-03
3.022748627699911594e-03
3.040492511354386893e-03
2.976358728483319369e-03
3.227637545205652540e-03
3.187550208531320182e-03
3.227354516275226983e-03
3.034908091649413109e-03
3.184540243819355791e-03
3.176706470549106685e-03
3.099014400504529476e-03
3.108873427845537489e-03
3.018731065094470804e-03
3.142057359218597325e-03
3.032550658099353400e-03
2.962790569290518674e-03
3.085431177169084549e-03
2.924130740575492469e-03
3.074149577878415671e-03
3.045093663968145674e-03
