2.319959868277822190e-01
1.357510478368827156e-01
9.160901371921811864e-02
6.734336907310145559e-02
5.193657114037445593e-02
4.229419093046869749e-02
3.678780397666352175e-02
3.151992216174091810e-02
2.879717538931540061e-02
2.558484460626329546e-02
2.330414104674543782e-02
2.127477822027036211e-02
1.977211161117468571e-02
1.890874081956488845e-02
1.755884965615613080e-02
1.665831241490585424e-02
1.599317399252738262e-02
1.520133945824844561e-02
1.471473794164402174e-02
1.404098910944802381e-02
1.367359567167503523e-02
1.297472080747995998e-02
1.286104993362511932e-02
1.229632450267672573e-02
1.198599800201398911e-02
1.175366057349102808e-02
1.163150089393769071e-02
1.119874890095421197e-02
1.074892399566514112e-02
1.049725215083786335e-02
1.042647232700671424e-02
1.026173505399908398e-02
1.015519205746906115e-02
9.701037673013550300e-03
9.800141810306481696e-03
9.346234665385314694e-03
9.303610213100910534e-03
9.346122068486043336e-03
9.428692835250071166e-03
8.998907477195774648e-03
9.136916204754794851e-03
9.055396488734653720e-03
8.651937424604381338e-03
8.682355830179793940e-03
8.373715655346001749e-03
8.413425147799509160e-03
8.092160782377634184e-03
8.074853901884384774e-03
8.274166192859411934e-03
8.083033249048250657e-03
7.728309536884937596e-03
7.947269714038286692e-03
7.833740201645664203e-03
7.603419711813330650e-03
7.790216231452567162e-03
7.461279391178063380e-03
7.297257819612111389e-03
7.312998208882552989e-03
7.345517279048051351e-03
7.370037525626165278e-03
7.269014278426766743e-03
7.208534050732851028e-03
7.003811600485018024e-03
7.121069037488528611e-03
7.153582093971115954e-03
6.929455764059509401e-03
7.072331510218126706e-03
7.047345196562153705e-03
6.859885448856013583e-03
6.582803531949009065e-03
6.741887084873659543e-03
6.754495423021061005e-03
6.732989648090941144e-03
6.515555895332779401e-03
6.590274834473218088e-03
6.431072158738971103e-03
6.343144976666995755e-03
6.456264866782085964e-03
6.394141726195812572e-03
6.449305079877376209e-03
6.279850937426089894e-03
6.185984704643487930e-03
6.143549683370760905e-03
6.128157375912580973e-03
6.151294116196887908e-03
6.069565338215657593e-03
5.971612182578869832e-03
6.050923779340727088e-03
5.977007567084260953e-03
5.932438912402306433e-03
5.954391549208334911e-03
5.948134558275341641e-03
5.683228958930287844e-03
5.975730743791375990e-03
5.880363378673791538e-03
5.745092147429074411e-03
5.906011756243449880e-03
5.693666370851653211e-03
5.558884523010679951e-03
5.724616162478923624e-03
5.696995988754289218e-03
5.489795189350843603e-03
5.490892320605260911e-03
5.592188871066485108e-03
5.630075865026030850e-03
5.587575039161103187e-03
5.523495608940720558e-03
5.441523316715444862e-03
5.506293349234121434e-03
5.498877979282821606e-03
5.487717967480420893e-03
5.395676355276789182e-03
5.422813525157315490e-03
5.295168448771749199e-03
5.281143223068543967e-03
5.274345645947115836e-03
5.357242295784609386e-03
5.323780394558395683e-03
5.226516943158847524e-03
5.153628079486744819e-03
5.250094618116106331e-03
5.227941494168979880e-03
5.182310672742980115e-03
5.126815588612641979e-03
5.080986748050366451e-03
5.079528676079852513e-03
5.105573111878974370e-03
5.106873570808342921e-03
4.994489505354846905e-03
4.927380070356385949e-03
5.049985201497163463e-03
5.090865120291709726e-03
5.004228624914374042e-03
5.009766149201563129e-03
4.833286016115120529e-03
4.851921115602765566e-03
4.872888286731072612e-03
4.928248495395694609e-03
4.853910161182284008e-03
4.910637577995658094e-03
4.845795913466385829e-03
4.793527835447873760e-03
4.739383860890354454e-03
4.739195135022912855e-03
4.826870447556886982e-03
4.781926888972521175e-03
4.900349503649132840e-03
4.724064336291381068e-03
4.729082481935620655e-03
4.711342529792870472e-03
4.599350817235452367e-03
4.807929036074451434e-03
4.552182708201664083e-03
4.782192122989466915e-03
4.606387524732521305e-03
4.674434708431362932e-03
4.578384936654141847e-03
4.637228517926164813e-03
4.457114304282835775e-03
4.587845397847039285e-03
4.541005360494766718e-03
4.538236871095640244e-03
4.479517754433410409e-03
4.615566786378621708e-03
4.415649508259126416e-03
4.468928636716944409e-03
4.496586502396635043e-03
4.409426417467849496e-03
4.492193014760102222e-03
4.480753353397761221e-03
4.333690500685147273e-03
4.495466626914483912e-03
4.346315263371382763e-03
4.326937487348914146e-03
4.360377076747161927e-03
4.460343618744186389e-03
4.470897472596594389e-03
4.387334281844752076e-03
4.242260408188615155e-03
4.352908342012337672e-03
4.270851066602128314e-03
4.278465260618499397e-03
4.376771001677427948e-03
4.275419882365635339e-03
4.277805977367928753e-03
4.347109209213937883e-03
4.253470761302326382e-03
4.298145969265273689e-03
4.217711826121168725e-03
4.282080488545554446e-03
4.198971956170031300e-03
4.280217650479503817e-03
4.196215311198361886e-03
4.075686274362461808e-03
4.054362113986696541e-03
4.095823420876902946e-03
4.064614126192672011e-03
4.187588263968271621e-03
4.202123771288565450e-03
4.190050038908208971e-03
4.101007741077669980e-03
4.236665590932327079e-03
4.074803543543176719e-03
4.116998962126671921e-03
4.082734506976391613e-03
4.123199055902660240e-03
4.167512411783848292e-03
3.978813635850591245e-03
4.084307085057454698e-03
4.068882241179900931e-03
3.992203616404108035e-03
3.905871776597840284e-03
3.950607420743576341e-03
3.952289119895015246e-03
4.121600467312548470e-03
4.000800219364464630e-03
3.832766792869993656e-03
4.114919009485414926e-03
4.105241117732865049e-03
3.941713789078806103e-03
3.979520685970783060e-03
4.100015500028218740e-03
3.873122210747429166e-03
3.988572436251810842e-03
3.925344347953796734e-03
3.919292437577885820e-03
3.981572200011994009e-03
3.877163249334054148e-03
3.755533043295144948e-03
4.019254785297172658e-03
3.904076848578240042e-03
3.924509969406894672e-03
3.934910264797508370e-03
3.899698431736656461e-03
3.864514568288411438e-03
3.885380418172904634e-03
3.870013359534953297e-03
3.889429652398186058e-03
3.906750545970030970e-03
3.780377173929342412e-03
3.798664697179837072e-03
3.891356372540550387e-03
3.841368857372020121e-03
3.817707589561385867e-03
3.804491999159966258e-03
3.722588308820766901e-03
3.719374045197452669e-03
3.685451076099915176e-03
3.759725052597267473e-03
3.860452737925307992e-03
3.834605782425829466e-03
3.804497799969145180e-03
3.717337209465248343e-03
3.877347820837582972e-03
3.761208606218653227e-03
3.763415019160934981e-03
3.737948276102542790e-03
3.778598557359405790e-03
3.762929507398179389e-03
3.732636614170457660e-03
3.705281571352055884e-03
3.691022124673639000e-03
3.636320181457059625e-03
3.701454833416002298e-03
3.695773230200367302e-03
3.668431748103882437e-03
3.654867846385708927e-03
3.672101235549364833e-03
3.715153297941599462e-03
3.598805064601557670e-03
3.708465460554829715e-03
3.624562609807721256e-03
3.674687102570065554e-03
3.609642110365842045e-03
3.690260432527533649e-03
3.604206915146538400e-03
3.555209066585770464e-03
3.580397567046540285e-03
3.616057026998272753e-03
3.638381481037608178e-03
3.619834348293287599e-03
3.680571730780814437e-03
3.595726754117224873e-03
3.504431304255766540e-03
3.601106336074215951e-03
3.722930333710142582e-03
3.497388775992606256e-03
3.491417920616056176e-03
3.587842054132904263e-03
3.494763141497969714e-03
3.457964903541973448e-03
3.455959849192627876e-03
3.538965929432639178e-03
3.482283192819782790e-03
3.508143752281154930e-03
3.613300904232476501e-03
3.469016975057976748e-03
3.523244512533503080e-03
3.533817618153989228e-03
3.505158510857394553e-03
3.566368699206837710e-03
3.561401087790727442e-03
3.585922611611230045e-03
3.496449061536363243e-03
3.492369050426142370e-03
3.405578041981373490e-03
3.560082537920347158e-03
3.462607260527355256e-03
3.494377164835376585e-03
3.556028058353279380e-03
3.591072043803121561e-03
3.473440953530371363e-03
3.411781421995588662e-03
3.505431730965418661e-03
3.513969138397702186e-03
3.529162641747721554e-03
3.476557095668145626e-03
3.394562242153499783e-03
3.457810979203453962e-03
3.417208637776119381e-03
3.365439751983753062e-03
3.454358014278113669e-03
3.379309912478285251e-03
3.341912165550249125e-03
3.481399301173431719e-03
3.347961737641266203e-03
3.455351043625601564e-03
3.339666909804301590e-03
3.421261071759675119e-03
3.425082564353942784e-03
3.307184616902044978e-03
3.317631668012056834e-03
3.451994247734546748e-03
3.388539156211273825e-03
3.436994994990527543e-03
3.375614846923521636e-03
3.438346586855394686e-03
3.349095689398901964e-03
3.422033916493611577e-03
3.376969445629843854e-03
3.329739257294152526e-03
3.329198228727493769e-03
3.353544796950050626e-03
3.284773283771106386e-03
3.314602471488927154e-03
3.344431396440735848e-03
3.291667628634188832e-03
3.317306250599877989e-03
3.353316712725375529e-03
3.279715237606849014e-03
3.277402434365025725e-03
3.175557481258043258e-03
3.235967350857598367e-03
3.320727068265633911e-03
3.326309987876032229e-03
3.378169019041317011e-03
3.310810199140438049e-03
3.254268488048442636e-03
3.235392232558557176e-03
3.245013300329446793e-03
3.333896504981177355e-03
3.263689657407147556e-03
3.214051986911466933e-03
3.211890836246311578e-03
3.268265295108514247e-03
3.286296325469655749e-03
3.271124106166618285e-03
3.341765468940138904e-03
3.222654161176511083e-03
3.285561674939734521e-03
3.211720015055367049e-03
3.090397411558244885e-03
3.321832302026450547e-03
3.239388298243284399e-03
3.215121790500623765e-03
3.237626791399504482e-03
3.217937487975827422e-03
3.244839735063058828e-03
3.244235798982637257e-03
3.252914717553981924e-03
3.235653608239122923e-03
3.267576582064586101e-03
3.261420060880482197e-03
3.243817947804927826e-03
3.170148965104349972e-03
3.231651262779321188e-03
3.141367967639650642e-03
3.234389181514935735e-03
3.216512920334935362e-03
3.307744584578488529e-03
3.219515497663191523e-03
3.189265102680240334e-03
3.233574051409959967e-03
3.278203198819288223e-03
3.157237528025039729e-03
3.225726910334612754e-03
3.198674437589943322e-03
3.200721877094890328e-03
3.173025408094482577e-03
3.185886167921125976e-03
3.152267212447311309e-03
3.175514553939657540e-03
3.172475345698850310e-03
3.038288153974073175e-03
3.141128085553646174e-03
3.153132005328578621e-03
3.130783752671310090e-03
3.099944449162909000e-03
3.097467457077333029e-03
3.079931085397090169e-03
3.122063290460833345e-03
3.188793297990092333e-03
3.092973755805620076e-03
3.048922181395547805e-03
3.158285588558231056e-03
3.071374705593500707e-03
3.063782108282404448e-03
3.152242299568440344e-03
3.143961065714912916e-03
3.180826641619205562e-03
3.163002907032412981e-03
3.149486549331673418e-03
3.142959288587527430e-03
3.176771263991083442e-03
3.103323513641953468e-03
3.151549382268318145e-03
3.154347497703773647e-03
3.123356704600155440e-03
3.022717508221311241e-03
3.098263574897178445e-03
3.024434627565954388e-03
3.156483306416443292e-03
3.112512717156538152e-03
3.060068010485598056e-03
3.048190431270216254e-03
3.083938596371028993e-03
3.039824942659054546e-03
2.984926650034529835e-03
3.086533028233264062e-03
3.020057630991297010e-03
3.005601309372910642e-03
2.986221447853105570e-03
3.120782196388712914e-03
3.025745430828204966e-03
3.129800429035510534e-03
3.058533347211777990e-03
3.033278237230011606e-03
3.094048452164445493e-03
3.136064045663390643e-03
3.045912512711116196e-03
3.111367087279047136e-03
3.021580120548606092e-03
3.092274608622704209e-03
3.039444514018084260e-03
3.023878744404230774e-03
3.010507530000592832e-03
2.978299451725823638e-03
2.972661584083523007e-03
3.069195580402655447e-03
2.990343518156026240e-03
2.989912917837500399e-03
3.000445547513663769e-03
2.951328612730971454e-03
3.053087518284363245e-03
2.965604257769882852e-03
3.070533149210470224e-03
2.963618505080895839e-03
2.889629682925130838e-03
3.026497134539697913e-03
2.976292345140661450e-03
2.960939745285681365e-03
2.966198827406125570e-03
3.065965248138776810e-03
3.002783197111317040e-03
2.968131684299026019e-03
2.913660772277840410e-03
3.031419806315430697e-03
2.988129252168748948e-03
2.921824030844228596e-03
2.929686658483530645e-03
3.050010328713272448e-03
2.898518944026103918e-03
2.931003282511873004e-03
2.920684451237320726e-03
2.916967043919222770e-03
3.056794371721999800e-03
2.931030909530818549e-03
2.924261059212897654e-03
2.966286704343344335e-03
2.923099294171801685e-03
2.892535655493182634e-03
2.932963190999414438e-03
2.873850344414157626e-03
2.904265613428184175e-03
2.874293687221194868e-03
2.973885518232626413e-03
2.923823320972067808e-03
2.903700556739100512e-03
2.963547411906932143e-03
2.889899789754833605e-03
2.968435255544526249e-03
2.872816962189972487e-03
2.957945297073040665e-03
2.939842235563056710e-03
2.940932707861066038e-03
2.990108146332204168e-03
2.898730969588671474e-03
2.871116543454783291e-03
2.938359589981181293e-03
2.906155074015259743e-03
2.943450930927481168e-03
2.901049497138176708e-03
2.908430913729327053e-03
2.933464265827621844e-03
2.839049903143729681e-03
2.943691059148737573e-03
2.923247590661049063e-03
2.924287478838648226e-03
2.878666629216500728e-03
2.941591488862676379e-03
2.868979191407561476e-03
3.011631633022001861e-03
2.890048082917928696e-03
2.878913286674235437e-03
2.841637137212923471e-03
2.851907582953572447e-03
2.920166466252079995e-03
2.864239627628454177e-03
2.893052572783614933e-03
2.909042885793106971e-03
2.921939378471246664e-03
2.777751571764903397e-03
2.884202320793909872e-03
2.778300094152135347e-03
2.923515768322561617e-03
2.871645627809422431e-03
2.903370891830750911e-03
2.812277442509574735e-03
2.907436623770211486e-03
2.878289456878389743e-03
2.848172876318650400e-03
2.917777979746460915e-03
2.922574723405497229e-03
2.883705919209335680e-03
2.888572934482778760e-03
2.827553876808711585e-03
2.837904150198612696e-03
2.893491598245288583e-03
2.894553881404655221e-03
2.844685126495148566e-03
2.863888006790408277e-03
2.875137355710778806e-03
2.838048644896064635e-03
2.740540265637849034e-03
2.895743396532322704e-03
2.826848619484475730e-03
2.865440408433122307e-03
2.893223174448524091e-03
2.829095195712787777e-03
2.878053612740976656e-03
2.866012466672275723e-03
2.782753329457981085e-03
2.822745012651596552e-03
2.819375214832169681e-03
2.803613571450114163e-03
2.922814232962471937e-03
