1.605980893410742238e-01
2.669547205092385328e-02
9.201202822150662125e-03
4.127864353940822149e-03
2.285971395904198237e-03
1.485539753339253305e-03
1.073602290125563654e-03
7.772227523673791655e-04
6.239939075021539230e-04
5.205959392333169879e-04
4.354028915258822963e-04
3.590311283915070600e-04
3.124381743691628864e-04
2.867209850592189468e-04
2.399259909361717324e-04
2.209030125595745511e-04
2.072781171955284587e-04
1.878091895196121251e-04
1.878582877543521958e-04
1.606413439367315754e-04
1.495753249400877394e-04
1.482212916380376425e-04
1.377473582397215188e-04
1.361183166227419817e-04
1.239512945539899972e-04
1.199866836759610990e-04
1.166358190675964590e-04
1.141016164183383808e-04
1.016134032397531027e-04
9.897830506815807243e-05
9.623330623071524965e-05
9.577513352269306183e-05
9.326946830697124987e-05
9.402795411006081416e-05
8.799231447483180253e-05
8.729711149499052810e-05
8.580659905419452658e-05
8.216741205615108281e-05
8.174278949809377678e-05
7.898153855421696410e-05
7.669636555874603313e-05
7.730440616796840317e-05
7.514714041462867240e-05
7.161727946368045725e-05
7.279712592207943252e-05
7.190659011030220210e-05
6.969819030018698121e-05
6.839210613179602443e-05
7.115594849892659601e-05
6.940177224350917900e-05
6.712142726428282913e-05
6.386422272044001527e-05
6.581844164429639607e-05
6.472901355664362416e-05
6.472016069892560575e-05
6.269902161875506212e-05
6.172941260956576809e-05
6.291836674790829745e-05
6.254562928916129912e-05
6.247206129955884752e-05
6.059599903892376379e-05
6.144782537376158871e-05
5.839344730702577819e-05
5.914918797316204562e-05
5.740538670579553555e-05
5.805411216897482274e-05
5.820181784656597003e-05
5.734566067076230037e-05
5.596608515588741338e-05
5.554079980356619033e-05
5.470922897984564445e-05
5.468364860462316036e-05
5.672588720699422830e-05
5.702022647710691780e-05
5.555570824981259729e-05
5.430176122899865976e-05
5.360234434192534780e-05
5.523366793568129705e-05
5.479953774738533228e-05
5.438804119876294944e-05
5.301899889673222896e-05
5.346198155166348388e-05
5.322939508005219815e-05
5.413733900240913201e-05
5.216461835516383655e-05
5.187136101994838425e-05
5.301477805005560769e-05
5.203282676120579437e-05
5.120194965456903257e-05
5.145731372067530472e-05
5.176013666641665379e-05
5.167599239939591214e-05
5.002371151022089071e-05
5.122238066178397330e-05
5.101214539536158852e-05
5.009296986827394319e-05
5.029218153140391467e-05
5.035130198848491811e-05
4.958842171618016545e-05
4.913627132737019728e-05
