4.230437966436147446e-01
4.239331201016903194e-01
4.242465005218982732e-01
4.236935399696231119e-01
4.226040770262479707e-01
4.241423641294240765e-01
4.218863990753888848e-01
4.208787291273474729e-01
4.216221998631954349e-01
4.213093211799859850e-01
4.219334864765405535e-01
4.236568410396576168e-01
4.212995127066969658e-01
4.219576498121023200e-01
4.238403391242027141e-01
4.219209449887275643e-01
4.239018709659576611e-01
4.233684100508690040e-01
4.230774963349103746e-01
4.222309912890195860e-01
4.212631735950708167e-01
4.236885265186429161e-01
4.220413171499967642e-01
4.224322807639837030e-01
4.216416392326354790e-01
4.214618423953652160e-01
4.206095239818096188e-01
4.213359078764915555e-01
4.227409152910113210e-01
4.233331103101372617e-01
4.225777553990483493e-01
4.215438127219676701e-01
4.229308614879846440e-01
4.208051252663135289e-01
4.222765672877430987e-01
4.220568646937608581e-01
4.247777090668678479e-01
4.229949983954429671e-01
4.242340291887521930e-01
4.252489760220050652e-01
4.232755103409290287e-01
4.233742407113313400e-01
4.233278949707746652e-01
4.233253478929400182e-01
4.221241159960627543e-01
4.221989553570747455e-01
4.230674231648445249e-01
4.222412638142705177e-01
4.229243061840534113e-01
4.216603157818317182e-01
4.221233659386635084e-01
4.236279427558183874e-01
4.220429668873548756e-01
4.224142942130565404e-01
4.206758803725242357e-01
4.230549175292253605e-01
4.209713036268949438e-01
4.219923302382230790e-01
4.237607458382844916e-01
4.237717676013708079e-01
4.230867260992526857e-01
4.219506467431783925e-01
4.223650485575199398e-01
4.251737232208251949e-01
4.222212814092636268e-01
4.223164436593651594e-01
4.216004387587308777e-01
4.232330463156104283e-01
4.225013425797223832e-01
4.211715688854456019e-01
4.230253703072667237e-01
4.224325236082077106e-01
4.236712256371975016e-01
4.242226026505231951e-01
4.242737368419766675e-01
4.225381491780281218e-01
4.218936516493558830e-01
4.233168841749429534e-01
4.246656737625598699e-01
4.230701100602746179e-01
4.246045156717300206e-01
4.249804757386446141e-01
4.243537923395633849e-01
4.206734200567007198e-01
4.235562382638454193e-01
4.220520934313535810e-01
4.227420810014009267e-01
4.227251854538917608e-01
4.238055942505598028e-01
4.221040024012326919e-01
4.225432506650686482e-01
4.250501885414123548e-01
4.219200049489736370e-01
4.226798753440380030e-01
4.217082594782113891e-01
4.233630159199237575e-01
4.210745614990591967e-01
4.217490056976676005e-01
4.213546662330627246e-01
4.221071714907884687e-01
