7.327413570523262365e+00
4.662051315307617294e+00
1.812175164252519677e+00
7.524327672570944037e-01
4.096856224462390172e-01
2.422828051000833482e-01
1.860518772527575415e-01
1.406113164089620171e-01
1.272602985389530705e-01
1.193468998558819272e-01
1.062730403766036086e-01
1.023235032465308891e-01
9.619476042315364128e-02
9.432685087434947158e-02
9.410396017506718336e-02
9.160486825183034032e-02
8.597446212545037381e-02
9.619421155564486514e-02
8.207523774541913841e-02
8.423373924940824597e-02
8.119865523278713138e-02
7.732523084059357565e-02
7.755640406347810711e-02
7.453221509791910226e-02
7.704148551449180315e-02
7.466644318774343092e-02
7.127384626679122981e-02
7.240138986147939826e-02
7.650441068969666969e-02
7.276057394221424612e-02
6.964838666468858852e-02
7.763425024878232994e-02
7.184369167126715416e-02
6.841557607240975059e-02
6.993487305566668810e-02
6.930196683853864781e-02
7.008753206953406700e-02
7.671861349325627411e-02
7.228404104057699342e-02
8.046828331053257344e-02
7.625144101306796651e-02
7.367217081412673341e-02
6.805610090307891158e-02
6.989267983101307702e-02
7.060704333148896950e-02
7.372670219372957912e-02
7.156590581871569157e-02
7.373074393905698631e-02
6.757890476845204719e-02
7.059811805654317429e-02
6.879441175609826709e-02
6.764661589451134716e-02
7.315733848512172288e-02
6.678003967180848321e-02
7.290212257765232851e-02
8.917180401366203712e-02
8.191726431064307035e-02
7.814986957237124443e-02
7.979485350847244363e-02
6.850484679825603884e-02
7.894944684021175385e-02
7.068097260221839484e-02
6.946524536050856236e-02
6.817132090777158759e-02
7.875689950864761535e-02
7.092351077683270444e-02
6.834775967523455675e-02
6.645627911575138769e-02
1.011548513993620890e-01
7.085169024579227037e-02
7.339890659414231855e-02
7.007068062014877585e-02
7.257933872938156228e-02
7.394357041828333865e-02
6.647853990457952555e-02
6.614881475828587876e-02
6.905469018965959549e-02
9.168828851170837679e-02
7.997543268371373748e-02
8.217360560595989016e-02
7.046126366965473065e-02
7.468909782078117510e-02
7.165168001502751627e-02
7.015891430899501291e-02
7.109257477894424804e-02
7.176961624994873667e-02
7.201856801193207147e-02
6.592222918942571008e-02
6.630221530608833291e-02
7.447411951795220031e-02
7.599987670034169529e-02
6.580410766229033426e-02
6.557725708559156153e-02
7.100043693557381297e-02
6.979690588451921418e-02
7.141784790437669117e-02
7.750992305949330752e-02
7.166181562840938379e-02
7.082004993036389306e-02
6.966108571551740680e-02
