1.530566255375742923e-01
8.310422234237194172e-02
7.623805314302443958e-02
7.096605233848095329e-02
6.919715426862239893e-02
6.633613321930170725e-02
6.532740484923124646e-02
6.400429598987102120e-02
6.085631858557462998e-02
6.400476239621638586e-02
6.292438909411429693e-02
5.878230268135666708e-02
6.236419815570116293e-02
6.240257622674107857e-02
6.051484424620866970e-02
5.926629247143864326e-02
6.205143027007579970e-02
5.918172601610421912e-02
6.031275225803255785e-02
6.191524295136332373e-02
5.995151586830615997e-02
5.915336459875106950e-02
6.011781008914113267e-02
5.972497161477804267e-02
5.971254846081137935e-02
5.847924053668975691e-02
5.952784566208720041e-02
5.844134377315640672e-02
5.916986979544162917e-02
5.995405355468392400e-02
6.003862136974930791e-02
5.617946987971663558e-02
5.759477399289607974e-02
5.799140352755784850e-02
5.709234811365604401e-02
5.745038824155926371e-02
5.751815963536500986e-02
5.444776488468051207e-02
5.991794213652610473e-02
5.529051959514617864e-02
5.818267585709691048e-02
5.692292718216776515e-02
5.865139808505773211e-02
5.818419544026255663e-02
5.667879398912191447e-02
5.731158051639795303e-02
5.655168749392032457e-02
5.675656035542488154e-02
5.691053651273250691e-02
5.582025399431586599e-02
5.723963767290115440e-02
5.665538748726248880e-02
5.601699104532599505e-02
5.832014074549078664e-02
5.512677198275924006e-02
5.099440306425094549e-02
6.204184208065271350e-02
5.760763891041278950e-02
5.929287521168589287e-02
5.557630585506558724e-02
5.397590840235352849e-02
5.351989544928073550e-02
5.755391346290707894e-02
5.600380809977650864e-02
5.341976564377546449e-02
5.512595413252711213e-02
5.837526194751262859e-02
5.644434545189142005e-02
4.985050400719046731e-02
6.001634469255805182e-02
5.583305727690458103e-02
5.625438723713159506e-02
5.646633360534906304e-02
5.577048886567353980e-02
5.653867485001683180e-02
5.713474594056606320e-02
5.501724122092127578e-02
5.359481057152151728e-02
6.009463801980018810e-02
5.635938309133052548e-02
5.624147815629840230e-02
5.624340234324336218e-02
4.933431534096598819e-02
5.744395840913057300e-02
5.639587583020329309e-02
5.701691044494509863e-02
5.542362878099083706e-02
5.578393477946520101e-02
5.551244383677840510e-02
5.501551702618599077e-02
5.408876357600092555e-02
5.661603363230824359e-02
5.558686941862106545e-02
5.415090238675475398e-02
5.619252154603600335e-02
5.307187225669622588e-02
5.544563256204128321e-02
5.655655214563012206e-02
5.634148886427283592e-02
5.172040801495313839e-02
