1.405920132954915402e+01
4.855437316894531286e+00
1.601702296634515132e+00
5.500509279221296177e-01
3.103023526072501981e-01
2.217455672472715411e-01
1.941787702590227205e-01
1.087025405342380152e-01
1.198108730837702807e-01
1.071308803185820613e-01
1.043621381372213386e-01
8.210331699500481029e-02
8.888618076841035831e-02
8.105727809170881759e-02
7.175585821891825034e-02
7.788410112882654390e-02
7.702812381709615852e-02
7.437460018321871702e-02
7.683615624283750278e-02
6.939037259668111302e-02
7.885717182109752699e-02
7.767962920789917014e-02
7.483893895521759321e-02
6.846187635014454320e-02
6.916430790598193656e-02
7.327630665774147178e-02
7.335275631397962515e-02
7.197199126705527972e-02
6.848661620169878284e-02
7.940987136835853111e-02
6.889222043876847001e-02
6.823462033023436346e-02
6.710868187869588330e-02
6.982499698797861587e-02
6.684034142643213716e-02
7.440255981559554255e-02
7.048328742384910028e-02
6.934902355074883118e-02
7.214422781020403408e-02
7.126666623478133955e-02
6.936943323661882987e-02
6.566135666643579949e-02
7.065693572784463583e-02
6.577376664926608274e-02
6.619981326162814594e-02
6.787832886601487259e-02
7.363664817065000701e-02
6.692545346294839770e-02
6.281093280762434228e-02
8.228796090309818678e-02
8.020133402198553751e-02
6.748873891308904138e-02
7.364234975228707569e-02
7.074131897340217578e-02
6.461262369528412985e-02
6.928179426118731554e-02
6.647116774693132002e-02
6.659073482577999858e-02
6.557506445174415832e-02
6.856142661844689956e-02
7.188540407766898233e-02
6.678241174047191975e-02
7.144530231133103260e-02
6.834890233352780564e-02
6.769696036353707591e-02
6.593758042280872811e-02
6.487686058506370035e-02
6.957637731606761133e-02
6.864242209121584892e-02
7.684565642227729476e-02
8.202826174596945796e-02
7.289265616486470534e-02
7.770601393034061444e-02
6.757724924323459115e-02
6.294871227194866192e-02
6.487750128532449034e-02
6.339728248616059714e-02
6.744554132223129495e-02
7.429511093844970437e-02
6.518587214251359008e-02
6.322682542105516335e-02
6.667110582192738166e-02
6.526867666902641529e-02
6.397379960243899932e-02
7.274084851766625393e-02
7.196994526311754903e-02
6.599548921609918462e-02
6.724478343501687216e-02
6.567534725492199521e-02
6.271004622802138495e-02
7.108971210507054883e-02
6.044926671311259131e-02
5.978986273209253854e-02
8.387614386156201640e-02
6.247673005486528014e-02
6.792075455188750777e-02
6.937088847781221201e-02
6.829063028097152876e-02
6.234210524708032330e-02
7.917033524562915037e-02
7.666386881222327088e-02
7.108149582520127685e-02
8.615862060959141033e-02
6.565990049391984273e-02
6.863032137975096092e-02
6.554823446397979592e-02
6.415614563971758222e-02
6.971960687388976952e-02
6.643131639187534188e-02
6.539293955390651503e-02
7.167643112440903741e-02
6.393248409653704001e-02
6.331782815977930745e-02
7.441837475324671047e-02
8.057696604480346636e-02
6.311258507892489322e-02
6.793805107474326643e-02
7.056184895336628515e-02
6.791229171057541758e-02
7.701538347328702738e-02
6.730589075013995726e-02
7.119434745982289314e-02
7.442334599792957417e-02
6.645046800374984630e-02
6.527369422217210726e-02
6.120461943248907410e-02
6.184149114415049553e-02
6.476053717546165212e-02
7.726125322903196202e-02
6.609266548727948942e-02
6.636169521758954193e-02
6.188072823608915113e-02
7.039236161857843899e-02
6.326476619268457668e-02
8.075993521759906868e-02
6.703576402738690987e-02
7.860267987474799101e-02
6.723991541191935706e-02
6.761800912829736554e-02
6.707226208100716680e-02
6.257564093296726082e-02
7.181081548954049154e-02
6.676163597032427899e-02
7.943859437480568775e-02
7.241856941021979077e-02
6.844646828249097148e-02
8.869926018019516634e-02
6.498346699401735815e-02
6.085793072978655516e-02
7.020703944067160918e-02
7.960055611406763321e-02
6.527562970916429841e-02
7.049850230415662111e-02
6.574273659847676421e-02
6.054749375209212553e-02
6.552541525413592416e-02
7.069545750195781186e-02
8.348670027529199456e-02
7.375908482198913207e-02
6.576180203507343836e-02
6.753399691854913844e-02
6.314521192883451595e-02
7.336653387794891956e-02
7.187585530802607925e-02
6.467641362299521302e-02
6.412051372850934017e-02
6.959792121623953332e-02
6.068986494715015306e-02
6.352613043040036822e-02
7.058630373949806303e-02
6.603026194497943480e-02
8.035490522161126137e-02
6.339652044077714876e-02
7.209690001482764454e-02
6.212375675017634685e-02
6.713914786155025793e-02
6.244600387290120264e-02
7.461169680890937517e-02
6.634266078472136896e-02
7.679093832150102328e-02
6.715091344589987910e-02
6.241489039734005734e-02
6.494012499228120350e-02
6.214076332747936471e-02
6.873781271589299302e-02
6.341160203640659743e-02
6.463899534816543169e-02
6.549037062252560659e-02
6.188574410354097388e-02
6.978967885797222881e-02
6.281596655026078224e-02
6.791839127118388941e-02
7.369631769135594201e-02
6.083215178921818483e-02
6.687536486114065148e-02
6.809287550548712153e-02
7.907269617853064647e-02
8.508994109928608163e-02
7.816948344310124808e-02
6.907991290092468928e-02
6.333928660179177772e-02
7.461162987475593311e-02
6.790842670947312698e-02
6.729862147321304111e-02
7.771030495874584054e-02
6.055324838807185639e-02
6.582087346663077765e-02
6.468085784465074650e-02
6.514731174334884023e-02
6.058598923186461066e-02
6.512650868544976601e-02
7.031792630131046551e-02
6.641577379157145855e-02
6.279845661173263927e-02
6.799202027420202243e-02
6.836731149504582383e-02
6.624327121302485410e-02
7.151940221277376664e-02
6.735684932519991897e-02
7.558039166033267420e-02
5.987581945334871647e-02
5.817794307445486174e-02
7.580871046210328756e-02
6.520384995887676394e-02
7.237344919393459697e-02
6.904777615641553845e-02
6.844756549845139315e-02
6.241445081929365701e-02
6.990167257065574291e-02
6.398930654550592789e-02
6.583138491958379079e-02
6.430218971023957120e-02
7.564822642753521453e-02
7.282918658107519205e-02
7.349549119050304002e-02
6.832038493516544297e-02
6.129379085575541175e-02
6.689684165020783058e-02
6.166944251085321183e-02
7.285929432759682967e-02
6.140798035388191772e-02
6.949804206068317669e-02
6.801515449459354101e-02
7.315880587324499751e-02
6.888898641491929264e-02
6.655208807438611762e-02
6.035034146159887203e-02
7.529071035484473373e-02
6.000960481973986044e-02
6.136364029720425828e-02
7.148724461595216961e-02
7.680517315243681753e-02
7.677934996162850967e-02
6.304775164152184863e-02
7.199575700486700314e-02
7.989876699323456011e-02
6.483060183624426986e-02
7.698472253357370454e-02
7.075918427358071638e-02
6.812005891775091415e-02
6.215993110090493878e-02
6.662598299483457609e-02
6.790468579158187579e-02
6.105669038991133613e-02
6.440488109985986753e-02
7.616071291267871579e-02
6.155667293816804997e-02
6.117895521844426976e-02
6.085216768706838003e-02
6.357636046906312011e-02
6.885134785125653079e-02
7.770898614078759759e-02
6.436372047290206400e-02
9.388296589876214682e-02
6.178385416045784756e-02
6.352048390855391524e-02
7.326006156702837002e-02
7.098302325854698169e-02
6.667933426176508860e-02
7.191642702867587222e-02
6.540155486514170891e-02
6.809956854830186146e-02
6.824522638693451826e-02
7.673329299936691716e-02
6.833476236710946117e-02
6.290409325932462548e-02
6.803894133617480189e-02
7.182570126838981606e-02
9.396435234695672822e-02
6.799327800671259303e-02
7.519039250910282413e-02
8.700418272987008039e-02
6.753512524068355782e-02
6.760429751748840699e-02
6.953160051256418450e-02
7.173107359558343610e-02
8.163310902193188223e-02
5.935965904965996576e-02
6.787849729259809450e-02
6.158812188232938578e-02
6.413445963213841583e-02
7.928838261713584690e-02
6.541714971885084773e-02
6.460284712724387313e-02
6.022972114694614965e-02
6.458722516894339905e-02
6.914713680744170865e-02
6.470583597508569595e-02
6.693984414761265656e-02
6.247275740529099897e-02
6.457562555869419962e-02
7.008869968354701496e-02
7.595936109622319909e-02
6.184433429191509707e-02
6.564240836848815597e-02
7.270492253204187405e-02
6.837672053525845062e-02
7.504587965706983888e-02
7.245992862929900857e-02
5.927012813587983348e-02
6.125977467124660986e-02
6.857096070423722434e-02
7.656029830376306911e-02
8.305885705165565180e-02
6.916228704775373437e-02
6.716784141957760079e-02
6.118080123638113682e-02
6.683014300962289433e-02
6.675133769710858700e-02
6.333534789582093150e-02
6.076619929944475362e-02
6.816580198084314091e-02
6.312852718556920262e-02
6.251155393819014805e-02
6.388158913080890788e-02
6.160951569055517218e-02
7.594907850647966696e-02
7.586196083575487414e-02
6.447278417646884474e-02
6.620034459357460044e-02
7.242912855620185775e-02
7.222709177682797022e-02
7.064179896997908881e-02
6.704911286632220246e-02
6.469365243489542949e-02
6.098364265635609904e-02
6.031633380800485722e-02
5.589840015706916410e-02
8.217014834905664311e-02
6.122330553519229196e-02
6.313240084797143437e-02
6.385479646424452316e-02
6.271355417557060441e-02
7.143648856319487206e-02
6.574628925571839033e-02
6.832107887913783928e-02
5.913080497334400470e-02
7.230556419119238409e-02
6.061457809060812052e-02
7.032588241000969909e-02
5.984748814254998994e-02
6.472310819973547957e-02
6.420067687829335290e-02
6.008262217044830350e-02
7.166955723116795463e-02
6.340727758904297906e-02
6.601634570707877459e-02
6.798532665396729568e-02
6.278212391460935571e-02
5.976344893996914098e-02
6.614031556372841625e-02
6.804662598917882166e-02
7.413881917794545862e-02
6.884130823425949064e-02
5.968769864489634897e-02
7.918296276281276691e-02
7.663354267676671105e-02
6.874203007357815309e-02
6.385446726654966931e-02
6.698472883552313017e-02
7.640618721644083788e-02
6.138020935778816523e-02
6.808424337146182226e-02
5.906641012678543606e-02
6.920751318645973482e-02
6.286292806267738953e-02
6.341836268703142376e-02
6.607006541142861067e-02
6.683391292889913349e-02
8.041371443929772045e-02
6.179941085477669988e-02
6.747189478948711905e-02
6.546357141807675195e-02
5.858918655663728631e-02
6.269013506981234440e-02
6.169491767262418741e-02
6.501894950866698997e-02
6.082931811610857442e-02
5.903053880979617501e-02
6.989304698693254991e-02
7.794317499424020801e-02
6.121618824079632509e-02
6.978232415392994492e-02
6.174443736051520026e-02
6.124307276060184102e-02
6.092827387774984310e-02
7.400489150856931486e-02
6.111432361726959472e-02
6.373904739816983744e-02
8.327036968121925842e-02
7.949229087680578787e-02
7.420545004929104960e-02
7.781578579296667686e-02
5.998413215080897198e-02
6.602817708005508102e-02
7.373144414275883962e-02
7.720469525083899220e-02
6.305182405126591449e-02
6.086475318918625754e-02
5.879837039858102493e-02
8.104717884833613495e-02
6.371220159033934294e-02
6.471237183238069679e-02
6.408286038786173422e-02
6.579722316314776109e-02
6.106507958223422045e-02
6.154939305037260278e-02
6.119218051433563538e-02
6.626586426980793365e-02
7.675710599559049108e-02
6.578466342141231493e-02
6.180595675483346180e-02
6.254795737564564084e-02
6.094589338948329382e-02
6.469379288454850385e-02
6.602544634292523140e-02
6.421451215942700075e-02
5.990756521622339625e-02
6.932945237184563736e-02
6.842541227117181213e-02
6.305745366339882141e-02
5.872911158949136595e-02
5.706114616555472280e-02
6.616938085295259731e-02
6.139695938676595355e-02
6.256146432211001640e-02
6.214318796992301941e-02
6.365890184417366537e-02
5.969159834707776779e-02
6.125144654884934203e-02
6.142893025030692761e-02
7.898385000725587080e-02
6.470827881867687037e-02
7.728984427017469849e-02
6.299743161226312171e-02
6.464022616545359035e-02
7.356066865225632800e-02
6.804498286917805283e-02
5.908786765610178626e-02
6.644530014134943097e-02
5.738755134555200560e-02
6.300263540819286967e-02
5.841570325816670961e-02
5.955997301265597565e-02
6.404477110132575368e-02
6.154401162328819452e-02
5.754598516970872712e-02
6.043893087034424294e-02
6.059851707890629574e-02
7.937069989740848375e-02
6.030802660932143427e-02
6.439655776446064073e-02
6.112384402193129368e-02
6.204710342610875867e-02
6.078019985929131175e-02
6.559083798900246232e-02
6.088327732558052041e-02
6.757208892454703852e-02
6.084932971745729557e-02
6.006133437156677135e-02
6.092700484519203430e-02
6.197668708860874093e-02
6.388252080107728603e-02
6.191708142869174758e-02
6.004142917071779439e-02
7.905646109332641058e-02
6.373672038937608364e-02
6.843078232059876531e-02
6.596561887922386402e-02
8.011303648352623152e-02
6.941399709631999870e-02
6.091940085714062092e-02
6.248809083364904177e-02
6.683379286279281239e-02
6.047347322106361167e-02
6.847017821545402227e-02
6.193392559265097075e-02
6.147949399426579781e-02
6.820262712426483631e-02
5.897751732418934217e-02
