1.117693014442920629e-01
9.163870960474014560e-02
8.240224421024322510e-02
7.388259513924519406e-02
7.263477308054765158e-02
7.348823832968870429e-02
7.516594932725031986e-02
6.943547353148460388e-02
6.007997160777449330e-02
7.427182955046494894e-02
7.002381533384323398e-02
6.875735291590293063e-02
6.544354911893605908e-02
6.992778976758320941e-02
6.692094032963116779e-02
6.538909353936711577e-02
6.677027797947326926e-02
6.609397859623035443e-02
7.151352403064568930e-02
6.794130833198626374e-02
6.341124822696049546e-02
6.498351438591877527e-02
6.560528092086315155e-02
6.527065501237909462e-02
6.447154364238182056e-02
6.631952521080772267e-02
6.083952638631065502e-02
5.578422555699944635e-02
6.712468688686688834e-02
6.273142155259847641e-02
6.538367494940758307e-02
6.399570619687437734e-02
6.651691592608889592e-02
6.515518296509981155e-02
6.368260892728964950e-02
6.083687938128908707e-02
6.730543815841277810e-02
5.934608383104204854e-02
6.221723047395547046e-02
6.267256544282039099e-02
6.587815023958683291e-02
6.448184462885062085e-02
6.491178330034017008e-02
6.292224448795119551e-02
6.192881533255179677e-02
6.676360157628853653e-02
5.976959162702163292e-02
6.648573074489831647e-02
6.283773661901553842e-02
5.387525828555226465e-02
5.911484022314349857e-02
6.518439982707301128e-02
6.113230331490437236e-02
6.305263449127475328e-02
6.354579050093889236e-02
5.694913168748219623e-02
6.353373909369111616e-02
6.323973502342900010e-02
6.061048010985056744e-02
6.295662034923830974e-02
6.307508309061328478e-02
6.111034701267878400e-02
5.579183986410498480e-02
6.044832943007349968e-02
6.303803576156497002e-02
6.253055290629466745e-02
6.314913677051663121e-02
6.320778420194983482e-02
6.196397682651877403e-02
5.822375975549221039e-02
4.745111552377542091e-02
5.563232389589150423e-02
5.634338765715559555e-02
6.065127368395527296e-02
6.194479099164406505e-02
6.033674875895182060e-02
5.907526205604275021e-02
6.275858180597423952e-02
5.053831270585457808e-02
6.145442354803284241e-02
6.225369094560543465e-02
6.003748864556352621e-02
6.014523639654120041e-02
5.893859059239427156e-02
5.683591061582168175e-02
5.750721801693240570e-02
6.153962370008229932e-02
6.192773350824912204e-02
6.056672250851988931e-02
6.181956607227524075e-02
5.770309781655669212e-02
5.876009926820794510e-02
6.114697956169645038e-02
4.477595531692107195e-02
6.292197691897551126e-02
5.875919930016001297e-02
5.573808277646700310e-02
6.121646019940574918e-02
5.923408291613062315e-02
5.504670649146040096e-02
5.615001305316884989e-02
6.014649718999862810e-02
5.358947735900679993e-02
6.277916695301731520e-02
5.968978612994154526e-02
5.873543061316013197e-02
5.959447550897797180e-02
5.979350435857971185e-02
5.906675122678280154e-02
6.319956788793205937e-02
5.830534802128871374e-02
6.111773205921054025e-02
5.970134309803445949e-02
5.363986926774184233e-02
5.613861385112007413e-02
6.054039333636562076e-02
5.995770112300912585e-02
5.685414746403694153e-02
6.124291683857639723e-02
5.539793440451224599e-02
5.626920554786920409e-02
5.469264596079786295e-02
5.736694457009434978e-02
5.847737602889537673e-02
5.964933605864643912e-02
6.023580574740965837e-02
5.938369759048024721e-02
5.199642299364010817e-02
5.575847631941239363e-02
5.687365258733431683e-02
5.604433023060361591e-02
5.976003451893727170e-02
5.663667249803741588e-02
5.969141162931919375e-02
5.067983344197272977e-02
5.910558930287758417e-02
4.932260125254591537e-02
5.629362926507989334e-02
5.902043171226978302e-02
5.772929616893331117e-02
5.804679986710349626e-02
5.074189100414514680e-02
5.766732363651196069e-02
5.283747644474109245e-02
5.225661949565012926e-02
5.718274783963958607e-02
4.261005197962124819e-02
5.583172515034675459e-02
5.597794859980543408e-02
5.758115143204729086e-02
5.252367785821358132e-02
5.851067829256256098e-02
5.780434571206569810e-02
5.644506731381018771e-02
5.751676789174477167e-02
5.545459327598412785e-02
5.332589742417136874e-02
5.716264288251598352e-02
5.468890179569522308e-02
5.587446931749582429e-02
5.511821480467915535e-02
5.852442607283592224e-02
4.715174560745557381e-02
6.095186173915863315e-02
5.710192636276285177e-02
5.901626081516345157e-02
5.359852400918801302e-02
5.865238225087523322e-02
5.717557575553655624e-02
5.462182220071554184e-02
5.136582016324003214e-02
5.531401329984267368e-02
5.351387600724896026e-02
4.608348033701380186e-02
5.763700728615125252e-02
5.440860114370783124e-02
5.730675983553131653e-02
4.978935156638423370e-02
5.751157471289237294e-02
5.211486347640554434e-02
5.594931331773599081e-02
5.476574264466762404e-02
5.547208674252033372e-02
5.734783113002776822e-02
5.118605370322863030e-02
5.361771502842505727e-02
5.806904065733154569e-02
5.591905883823831969e-02
5.680717164650559564e-02
5.229965224862098694e-02
5.672761822740236826e-02
5.412877819811304225e-02
5.308774647613366537e-02
5.685362014919519147e-02
5.556406841302911209e-02
5.369063314671317783e-02
4.764890254785617008e-02
5.300299370040496144e-02
5.369822060068448616e-02
5.920071878160039491e-02
5.545666658629973961e-02
4.895035233348608156e-02
5.839822062601645464e-02
5.630733572567502704e-02
5.237141267086068558e-02
5.762350099782149321e-02
5.594255480294426514e-02
5.295757918308178352e-02
5.435537093629439626e-02
5.692201365406314439e-02
5.472712491949398989e-02
5.694127315655350685e-02
5.583493330826361928e-02
5.514999168614546227e-02
5.538998643557230955e-02
5.468182135373354097e-02
5.507824753100673543e-02
4.992149459818998741e-02
5.692843381936351504e-02
5.092908634493748671e-02
5.525918509811163226e-02
5.380964207773407393e-02
5.333527646337946071e-02
5.434606438502669057e-02
4.654294966409603523e-02
5.673739807680248937e-02
5.077400440350175043e-02
5.664855251088738580e-02
5.221479193617899889e-02
5.732479654252529283e-02
5.622698559115330702e-02
5.444678726295629906e-02
4.827703377231955251e-02
5.347738973796367645e-02
5.024259571606914249e-02
5.305903044839700017e-02
5.588911753147840500e-02
5.678081329291065349e-02
5.700969888518254286e-02
5.214488077908754210e-02
5.729563447336356169e-02
5.135769744714101248e-02
5.521047323321302824e-02
5.372482873499393602e-02
5.651807930941383368e-02
5.596671579405665398e-02
5.508884756515423226e-02
5.087993334357936853e-02
5.670625266308585571e-02
5.336340591311454495e-02
5.419320877020557953e-02
5.317051112651825090e-02
5.212923254196842604e-02
5.388660309836268425e-02
4.969607476765910969e-02
4.365544319152832309e-02
5.641985985760887556e-02
5.335153996323546005e-02
5.411446724707881517e-02
5.591155728325247765e-02
4.934005690738559047e-02
5.009064755092064447e-02
5.547133100529511723e-02
5.456757567202051573e-02
5.539010986685753007e-02
5.249098883941769739e-02
4.990823917711774416e-02
5.612298551325996948e-02
5.533536722262700353e-02
5.269217475627859665e-02
5.412229845921198712e-02
5.035130766530831331e-02
5.399595505247513361e-02
4.587855162099004069e-02
5.773644763976335664e-02
5.614390950649976453e-02
4.862273869415124211e-02
5.692134775842229433e-02
5.339917419478297511e-02
5.429430808871984343e-02
5.248418276508649144e-02
5.284818904474377493e-02
5.063942223787307878e-02
4.281593011692166190e-02
5.133995733534296030e-02
5.515248154600461278e-02
5.584776985148588724e-02
5.277642517661054744e-02
4.755255999043583870e-02
5.550329753508170122e-02
5.356146302074193954e-02
4.947549570351839066e-02
5.252133545776208057e-02
5.234635363643368178e-02
5.480099366977810721e-02
5.122209182009100636e-02
5.393031947314739366e-02
5.464152920370300703e-02
5.062912932286659645e-02
5.619715430463353978e-02
5.543606361995141035e-02
5.113755753263830861e-02
5.488434514651695934e-02
5.319241310159365105e-02
5.397908768306176192e-02
4.959772977357109619e-02
5.049722989400227957e-02
5.008036121726035933e-02
5.233953210214773583e-02
5.376202209542194771e-02
5.657771596064169878e-02
5.164920259267091751e-02
4.791635144501924654e-02
5.588806824137767387e-02
5.241032994041840143e-02
5.091635774200161529e-02
5.569773412620027814e-02
5.331188688675562309e-02
4.891182066251834049e-02
5.292388920982678963e-02
5.546731272091467990e-02
5.248790215700864514e-02
5.463686995208263258e-02
4.549907871211568422e-02
5.399455151831110411e-02
5.232879668474197526e-02
5.457424434522787499e-02
4.995219695071379667e-02
5.087186070159077644e-02
5.391010216747720712e-02
5.292006482680638307e-02
5.114876317481199808e-02
5.378210023045539717e-02
4.809015399465958046e-02
5.218995738153656139e-02
5.261640238265196529e-02
5.212929081171750745e-02
5.002722615996996886e-02
5.280051811908682141e-02
5.254188195491830277e-02
4.464422908301154957e-02
5.041539147496223311e-02
5.000050018231073923e-02
5.253614503890276233e-02
4.991121878847479959e-02
5.226937920475999838e-02
5.130352402726809369e-02
5.201003287608425146e-02
4.767144542808333940e-02
5.443136794492602071e-02
5.301910554990172525e-02
5.405404806757966446e-02
5.208896010493238582e-02
5.149824423715472499e-02
5.032792035490274429e-02
5.355483302846551080e-02
5.405333225304882055e-02
4.812119513129194809e-02
5.527829055984814777e-02
4.901664697875578874e-02
5.405423886453111781e-02
5.410200168068210469e-02
5.304777187605699135e-02
5.383789374803503447e-02
4.754691381628314839e-02
5.180402817204594890e-02
5.325367196152607646e-02
4.809213352079192566e-02
5.066921561956405640e-02
5.423009973019361774e-02
5.388939228529731479e-02
5.132687687873840193e-02
4.530813554301858087e-02
5.152628887444734435e-02
5.252700184161464281e-02
4.390807698170343804e-02
5.356838588292400088e-02
4.867346563066045351e-02
5.247287812332312312e-02
5.047787042955557274e-02
5.461438639710346904e-02
5.329130819688240872e-02
4.953851799170175957e-02
5.032372980689008707e-02
5.302656271184483933e-02
5.030954188356796808e-02
5.085335557038585252e-02
5.027083673824866289e-02
4.621091224253177920e-02
4.693642267957329889e-02
5.358799450720350133e-02
5.040819169953465739e-02
4.512085765600204468e-02
5.249695166324575696e-02
5.268082991242408614e-02
5.036277975887060165e-02
4.831672053163250241e-02
5.326557569205760817e-02
4.763128667448957715e-02
4.615271625419457846e-02
4.608732741326093674e-02
5.392274657885233469e-02
4.741335942720373287e-02
5.452943410103519573e-02
5.206107652435700006e-02
5.186344974984725270e-02
4.488641122976939207e-02
5.313829832399884906e-02
5.248859993492563381e-02
4.042586882909138951e-02
5.281109145532051491e-02
4.677492687478661260e-02
4.370193729797999110e-02
5.331927984952926358e-02
4.966733182470003949e-02
4.365642232199509754e-02
4.637154017885525975e-02
5.145221917579571175e-02
5.176013438031077524e-02
5.276189642027020316e-02
4.504371238872408728e-02
5.451353571067253656e-02
5.119665671760837561e-02
5.092660315955678529e-02
4.739653940002123284e-02
5.081598221634824747e-02
4.953824461748202596e-02
5.112099250157674246e-02
5.151825888703266687e-02
4.311130198960502757e-02
5.455834008753299852e-02
4.859244525432586392e-02
5.281371992702285634e-02
5.250223421802123480e-02
4.972467410067717142e-02
5.121915219351649146e-02
4.932222732653220726e-02
5.390373642245928354e-02
4.696412651489178386e-02
4.865559857959548401e-02
5.477203916137417250e-02
5.234963164354364262e-02
4.823299869894981384e-02
5.231707561761141101e-02
5.048696616043647084e-02
5.178027969474593983e-02
5.128619112074375014e-02
5.010805356626709534e-02
5.209757623573144092e-02
5.470363199710846086e-02
5.136388375734289580e-02
4.370934180915355544e-02
5.022232765331864635e-02
4.259676638369758878e-02
5.211155420790115900e-02
5.099403144170840813e-02
4.614747924109299793e-02
4.404372495288650519e-02
5.278330901637673378e-02
4.553223472709456987e-02
4.740452729165554185e-02
5.168869420886039456e-02
5.261768571411570145e-02
5.111788697540760318e-02
4.858152186498045783e-02
5.064355063562591547e-02
5.377972728262345181e-02
5.043911362687746730e-02
5.086959373826781955e-02
4.248957484960556169e-02
5.210012098153431886e-02
4.608188048005103926e-02
5.144008944431940900e-02
5.115094588448603624e-02
5.216849592203895436e-02
4.560137214139103889e-02
5.128640361751119620e-02
5.115341863905389919e-02
5.112938154488801817e-02
5.222243896375099864e-02
5.080152852460741858e-02
5.005132618049780435e-02
4.923366274063786102e-02
5.023407206560174393e-02
5.045879666383067813e-02
4.516946254298091074e-02
5.018830907841523303e-02
5.225916194419066158e-02
4.883567504584788999e-02
4.737870922933021950e-02
4.845445624863108092e-02
5.199262415990233560e-02
4.970418224111199101e-02
4.647226917246977812e-02
5.212191107372442928e-02
4.472630439947048592e-02
5.210626175006230487e-02
5.022970195859670361e-02
4.562960537150502482e-02
5.231164082263906751e-02
