1.950790760517120415e+00
1.594152695834636591e+00
1.527700236737728146e+00
1.477445010840892747e+00
1.460326067805290284e+00
1.443995251953601899e+00
1.458543726056814149e+00
1.403211164772510511e+00
1.408694649040699076e+00
1.351130779832601547e+00
1.362413492798805192e+00
1.341513027697801563e+00
1.337298054546117720e+00
1.299616985619068243e+00
1.307989320456981686e+00
1.288121658414602244e+00
1.282333399504423044e+00
1.288031499981880268e+00
1.259810371249914240e+00
1.258200167268514580e+00
1.264745049625635165e+00
1.250320010483265021e+00
1.224121873527765247e+00
1.274987218081951035e+00
1.216842770874500212e+00
1.239166713207960235e+00
1.210159411430358878e+00
1.207850375771522433e+00
1.212942739129066361e+00
1.199204772412777009e+00
1.183642911016941079e+00
1.217625553756952250e+00
1.186411632746458000e+00
1.218940150290727553e+00
1.223291381001472500e+00
1.170106161832809466e+00
1.165171308964490837e+00
1.181405495703220287e+00
1.162603583335876545e+00
1.152039937973022399e+00
1.166148256212472978e+00
1.150777576118707568e+00
1.158610885292291615e+00
1.151901851892471296e+00
1.145316419303417099e+00
1.157918054312467637e+00
1.137608315944671711e+00
1.175763316601514896e+00
1.158534276783466321e+00
1.142858150303363907e+00
1.152359883934259477e+00
1.135032889395952260e+00
1.148878248035907657e+00
1.120428201854228867e+00
1.135653935819864291e+00
1.128877226114272991e+00
1.115789818167686409e+00
1.118729376345872772e+00
1.142832530438899985e+00
1.114489778578281465e+00
1.149905366301536613e+00
1.143241233527660272e+00
1.116181675195693890e+00
1.111311610639095226e+00
1.113257972002029472e+00
1.110395065993070585e+00
1.105569002777337939e+00
1.105346203148364959e+00
1.105688529014587473e+00
1.100963975042104748e+00
1.113222573623061207e+00
1.137223121523857072e+00
1.096029946506023478e+00
1.108428782075643548e+00
1.104540127068758038e+00
1.094093252569437125e+00
1.106112686097621811e+00
1.100838657915592211e+00
1.093220476061105728e+00
1.114503893479704910e+00
1.089263130575418570e+00
1.094364610314369157e+00
1.100438056886196225e+00
1.085313813090324375e+00
1.087525213509798139e+00
1.092145873159170222e+00
1.097426670193672127e+00
1.080720533281564810e+00
1.084591540396213638e+00
1.124495396167039862e+00
1.082607146352529526e+00
1.080438439026474962e+00
1.080281535238027502e+00
1.072010552361607472e+00
1.076914474368095398e+00
1.073121716976165763e+00
1.078853127956390434e+00
1.079472939521074260e+00
1.077078708708286259e+00
1.067395068034529659e+00
1.073357416167855183e+00
1.067373675256967580e+00
1.066017864942550686e+00
1.075577664971351544e+00
1.060744031816720945e+00
1.077315200641751236e+00
1.064795896708965239e+00
1.066921034306287819e+00
1.069871746674180057e+00
1.066176975071430277e+00
1.059061018079519245e+00
1.068617447018623379e+00
1.067450551390647817e+00
1.061928011104464442e+00
1.065897534117102641e+00
1.058664960190653703e+00
1.073356710523367008e+00
1.065684581100940775e+00
1.069857029393315395e+00
1.058519859015941700e+00
1.059809117019176572e+00
1.064481930285692268e+00
1.057023032605648005e+00
1.060610228031873659e+00
1.055539261251688066e+00
1.058588546812534226e+00
1.067447164580225927e+00
1.061967804729938569e+00
1.054261107742786363e+00
1.059905975311994597e+00
1.059130584448575885e+00
1.060499640777707198e+00
1.051943773776292890e+00
1.048337728306651062e+00
1.057007255107164312e+00
1.056382600665092486e+00
1.047907923534512564e+00
1.050634614229202235e+00
1.049431747049093255e+00
1.048472216576337823e+00
1.063907014280557561e+00
1.066382016763091078e+00
1.049400703087449038e+00
1.042649294510483715e+00
1.053962571844458518e+00
1.047677278891205876e+00
1.047026143446564639e+00
1.055558301657438358e+00
1.056229541003704142e+00
1.042324389144778207e+00
1.054318132847547496e+00
1.039008220210671407e+00
1.048229649513959805e+00
1.042380992695689290e+00
1.038941032439470336e+00
1.044062911123037285e+00
1.044378118515014719e+00
1.046118407920002991e+00
1.043038373589515677e+00
1.043829869925975817e+00
1.040164592415094402e+00
1.045262197554111427e+00
1.050704616457223795e+00
1.052544033750891783e+00
1.044628890007734290e+00
1.044800072610378328e+00
1.038671424686908651e+00
1.040886014401912751e+00
1.042276514768600393e+00
1.034332913905382068e+00
1.037403701096773156e+00
1.028031018748879477e+00
1.032468162477016449e+00
1.035014221668243417e+00
1.041787930727005040e+00
1.047157922387123019e+00
1.052069979608059036e+00
1.038742710873484576e+00
1.035131845697760511e+00
1.037351915538311076e+00
1.043069620132446307e+00
1.036310651078820255e+00
1.039809908047318432e+00
1.033305917382240313e+00
1.045659602209925598e+00
1.053813456222415068e+00
1.025717342346906591e+00
1.037199537679553085e+00
1.038854339793324533e+00
1.034268692880868867e+00
1.028701946437358794e+00
1.033181844875216582e+00
1.029152099117636610e+00
1.038621399998664874e+00
1.026435316801071140e+00
1.030414103120565361e+00
1.036630315333604724e+00
1.036932764798402795e+00
1.028565253764391008e+00
1.030158720165491149e+00
1.024931862801313320e+00
1.027450049817562050e+00
1.025600563511252394e+00
1.024198477119207418e+00
1.025761280059814373e+00
1.032869135886430811e+00
1.025211706086993191e+00
1.027728084325790325e+00
1.024979148432612508e+00
1.026058616787195232e+00
1.031354157924652126e+00
1.024155945703387305e+00
1.022325143069028774e+00
1.029744640737771944e+00
1.020006165951490296e+00
1.026773071438074059e+00
1.037670253515243557e+00
1.027489951401948876e+00
1.028734362348914244e+00
1.029832680821418656e+00
1.030949655920267105e+00
1.019848654717206982e+00
1.022185969427227947e+00
1.040610178783536011e+00
1.016864967942237907e+00
1.021805281490087536e+00
1.033111610114574530e+00
1.020465169027447772e+00
1.022229201197624171e+00
1.022611234411597181e+00
1.030956427678465737e+00
1.019284953176975206e+00
1.020788611099123999e+00
1.022655336931347803e+00
1.016932845860719636e+00
1.023028352558612797e+00
1.022241870760917770e+00
1.017374657839536622e+00
1.016802116632461450e+00
1.015458699464798054e+00
1.036218917593360045e+00
1.034552755430340865e+00
1.026591348275542215e+00
1.021095935851335623e+00
1.024252870529890114e+00
1.025690546482801446e+00
1.026657495200633985e+00
1.021710101962089556e+00
1.019788982868194527e+00
1.012417759895324787e+00
1.008736124113202015e+00
1.018295126706361797e+00
1.016070153564214706e+00
1.023261553198099083e+00
1.012809489890933001e+00
1.015129228532314354e+00
1.020722200870513907e+00
1.016041589230298969e+00
1.021213569268584198e+00
1.015770478621125239e+00
1.010677408128976884e+00
1.032364346981048620e+00
1.011367062926292526e+00
1.011095909029245288e+00
1.014330840930342648e+00
1.013886042237281737e+00
1.024121540486812698e+00
1.012067336440086285e+00
1.014036434367299178e+00
1.013703898638486756e+00
1.013634212389588285e+00
1.012008710354566521e+00
1.014306511208415085e+00
1.017952849864959708e+00
1.015823117196559933e+00
1.019894031360745412e+00
1.018059282898902795e+00
1.008405677825212399e+00
1.021788204833865121e+00
1.010471767187118619e+00
1.016034802049398333e+00
1.005579543709754997e+00
1.013629290014505413e+00
1.003625310286879513e+00
1.008291534781456056e+00
1.005960891768336252e+00
1.007609168291091928e+00
1.013266002908349117e+00
1.008828431889414734e+00
1.004806513488292641e+00
1.006427040696144193e+00
1.003663139045238406e+00
1.011611032187938797e+00
