8.934999857511785604e-02
8.034400153491232099e-02
7.812626670218175695e-02
7.845629882067442495e-02
7.796564456075430471e-02
7.573325547079244602e-02
7.596505977627303341e-02
7.485438769476281118e-02
7.225209337969620838e-02
7.232362861848540270e-02
7.366128251370455959e-02
7.331094845301575069e-02
7.315808039986425315e-02
7.257274861137072430e-02
7.001234727601210461e-02
7.218413388149605425e-02
6.777935843500826341e-02
6.840804287542899542e-02
7.025258603195348728e-02
6.994872751335302896e-02
7.015496657954321813e-02
7.012632725139458789e-02
6.770882205002837217e-02
6.741908176077736348e-02
6.664110006143648957e-02
6.727067422535684682e-02
6.827815512402189702e-02
6.384244451506269902e-02
6.349949834661351711e-02
6.697967758195268184e-02
6.680340270201365338e-02
6.509863204426236116e-02
6.691673869887987403e-02
6.258318071357077406e-02
6.664371868181559466e-02
6.509744870579904641e-02
6.469171776746709956e-02
6.749871260383062677e-02
6.533481763261887731e-02
6.599894484712018339e-02
6.351539422240522204e-02
6.567746433946820839e-02
6.512647772000895730e-02
6.469169058319594601e-02
6.528893094509839734e-02
6.607994925644662676e-02
6.502076783734890564e-02
6.210081578335828467e-02
6.456462927162646970e-02
6.495974357757303141e-02
6.184832459936539378e-02
6.350087547260853393e-02
6.075871670618653020e-02
6.423363205459382830e-02
6.432915762480762023e-02
6.301521098034248980e-02
6.387017276138066968e-02
5.903002255492740408e-02
6.274769732521640053e-02
6.310889386675423707e-02
6.148514612060454465e-02
5.826861606910824914e-02
6.206270981993940172e-02
6.318433229914970084e-02
6.151311671775248208e-02
6.062832669251495138e-02
6.344198543164465687e-02
6.185138472873303456e-02
6.445241501140926144e-02
6.243863913954959821e-02
5.738754655337995753e-02
6.104579884558915953e-02
6.120098247710201167e-02
6.059447297205527300e-02
5.964206021486057052e-02
6.173785057746701554e-02
6.232965937298205056e-02
5.982416647796829495e-02
6.238949668283264027e-02
6.050783543744021192e-02
6.140241064131259779e-02
6.154918901415334931e-02
6.016602049478226438e-02
6.245183982989854082e-02
6.150452056899666925e-02
6.066105268481705032e-02
5.988223378856976503e-02
6.107299957010481339e-02
6.264374471373028441e-02
5.934444560358921594e-02
5.919950578568710514e-02
5.984659818932414055e-02
5.901736514642834386e-02
5.575740133515662278e-02
5.862636069456736432e-02
6.007229037996795334e-02
5.936533795255753698e-02
6.040514676521221982e-02
6.125557581997580214e-02
6.008756407019164719e-02
5.960055879420704528e-02
5.578797972864574933e-02
5.951780934507647919e-02
5.912619367655780334e-02
6.085561957831184254e-02
5.956313074049022355e-02
5.308667931498752685e-02
6.082568780208627568e-02
5.908383916442593031e-02
6.007819395098421000e-02
5.854652132838964601e-02
5.850657803109950150e-02
5.781268216669559201e-02
5.929862762697869077e-02
5.742747800217734566e-02
6.089212766124142695e-02
6.014431089990669027e-02
6.099438913580444016e-02
5.856270328578021961e-02
5.994959019331468769e-02
5.843530063413911180e-02
5.876615968429380055e-02
5.825136937201023241e-02
5.954425178675187835e-02
5.784097309741709214e-02
5.885665493292940864e-02
5.907480172399017654e-02
5.780533961951732358e-02
5.987770504628618651e-02
5.735945146944787520e-02
6.023920392617583552e-02
5.949725089594722072e-02
5.803665163823300277e-02
5.900362412341766949e-02
5.836317806194225855e-02
5.782193563257654462e-02
5.925671297849880587e-02
5.756600059361921540e-02
5.913362208132942610e-02
5.872903631793128382e-02
5.810755194268292512e-02
5.920072309672832350e-02
5.737012985886798949e-02
5.662996877605716572e-02
5.665200309207042012e-02
5.980427655287914868e-02
5.545312275903092197e-02
5.551038473430607023e-02
5.726077756327059565e-02
5.590902733513050671e-02
5.731579304362336563e-02
5.642736022257142936e-02
5.343927908688783646e-02
5.815281701377696122e-02
5.833409873561726938e-02
5.747744593148430142e-02
5.848723438878854208e-02
5.253625861886474652e-02
5.627084466525249934e-02
5.778567766149838442e-02
5.942442747246887841e-02
5.788667570385667982e-02
5.727320256539517040e-02
5.729095311835408211e-02
5.797631022416883245e-02
5.877940687868329905e-02
5.865350951337151841e-02
5.663552154890365287e-02
5.459672922475470452e-02
5.431427024304866930e-02
5.707927860526575137e-02
5.544445371876160350e-02
5.688955094665289203e-02
5.588385708009203229e-02
5.796628964857922922e-02
5.558022180986073313e-02
5.767229124903679172e-02
5.399192959691087590e-02
5.620136788735786981e-02
5.756750762876537003e-02
5.905874948948621611e-02
5.639021896446744925e-02
5.666068424988124352e-02
5.807753975192705975e-02
5.774297099560499191e-02
5.607431913829512282e-02
5.551026889847384543e-02
5.661354298806852564e-02
5.654992766471372834e-02
5.247892764293485279e-02
5.281204955859316458e-02
5.725866649299860001e-02
5.705263379754291903e-02
5.792528246011999227e-02
5.557150654494762143e-02
5.775062967505720235e-02
5.383856954673926082e-02
5.740582660461465703e-02
5.518712067148751760e-02
5.740568010757366585e-02
5.693090074799127265e-02
5.803832652875118986e-02
5.726863536983728409e-02
5.263860136684444385e-02
5.771299257046646342e-02
5.725197062517205920e-02
5.255928402766585350e-02
5.406763791624042553e-02
5.699192462489009042e-02
5.671880484248201237e-02
5.690754377800557456e-02
5.736860697054201041e-02
5.499434849868218428e-02
5.424862530910306430e-02
5.666039833385083657e-02
5.410463714765177679e-02
5.724800692664252372e-02
5.622991261382897371e-02
5.627590161230829058e-02
5.468468368053436279e-02
5.784479192354612803e-02
5.767917916592624206e-02
5.490679900265402202e-02
5.650003630047042980e-02
5.398604091670777816e-02
5.624840908373395648e-02
5.742687917210989590e-02
5.619990593857235317e-02
5.632670098501774830e-02
5.622441179843412629e-02
5.477667297754022779e-02
5.635252560799320493e-02
5.671005675362215948e-02
5.494522766934500924e-02
5.239823000091645144e-02
5.586033593863248825e-02
5.564965356348289260e-02
5.721766114648845630e-02
5.530312492822607451e-02
5.628449756445156466e-02
5.608236673805448713e-02
5.448986903453866687e-02
5.636997669935226579e-02
5.435874484893348652e-02
5.638110033339924221e-02
5.344384286759628483e-02
5.533022802943984852e-02
5.316976765170693120e-02
5.360981500190165061e-02
5.582592672564917063e-02
5.666010789573192735e-02
5.664282663621836300e-02
5.616075055052836829e-02
5.593221893327103567e-02
5.446699727326631546e-02
5.345880921102232064e-02
5.678291016568740024e-02
5.135342029647694401e-02
5.439185472205280980e-02
5.611733738332987109e-02
5.509390842376483965e-02
5.658448615835772605e-02
5.684342574742105164e-02
5.559316099517875448e-02
5.387295838445425172e-02
5.341043204276098300e-02
5.612488361075520377e-02
5.358668770641088208e-02
5.569913053057259922e-02
5.219517651324470653e-02
5.522112533864047962e-02
5.554354604747560598e-02
5.499861947157316799e-02
5.246053595716754919e-02
5.254965214472678142e-02
5.207697144813007439e-02
5.605283988018830432e-02
5.430436939415004410e-02
5.349003502892123174e-02
5.377267956112821712e-02
5.057704076170921326e-02
5.536911048822933112e-02
5.182090056025319413e-02
5.272588505306177731e-02
5.382171129393908959e-02
5.522125225721134095e-02
5.361252257393465948e-02
5.595817210980587320e-02
5.163033819860882168e-02
5.517942334214846062e-02
5.613017567536897345e-02
5.512345379425419994e-02
5.378595109408100539e-02
5.391034756062759031e-02
5.325289963641100660e-02
5.478919915234049115e-02
5.263269463967945594e-02
5.372311648809247747e-02
5.607652329943246111e-02
5.389141373129354567e-02
5.308133984605471062e-02
5.097946259710523648e-02
5.437990330780546194e-02
5.553753861329621677e-02
5.478789457637402854e-02
5.308085676903526173e-02
5.401633617778619362e-02
5.498111710573236333e-02
5.486422304270995726e-02
5.437680871950255346e-02
5.451845103460881137e-02
5.518639167356822334e-02
5.218732716101739250e-02
5.492855357006191930e-02
5.539730659996469631e-02
5.525017013359401208e-02
5.610575154423713684e-02
5.376164605841040472e-02
5.467087700963020602e-02
5.456068265355295405e-02
5.480115357786417146e-02
5.274447329963247166e-02
5.287232588355739865e-02
5.241171530344419793e-02
5.342879019056757245e-02
5.223551439121365547e-02
5.537156441973315607e-02
5.482731528787149200e-02
5.495694468004835853e-02
5.532424917651547480e-02
5.289126415219572164e-02
5.362204419862892646e-02
5.116561399772763530e-02
5.360883947254883181e-02
5.570138449677163039e-02
5.398450519682632814e-02
5.333085143938660899e-02
5.345412488612863444e-02
5.285607727451457211e-02
5.585602248708407269e-02
5.589541795973976268e-02
5.268450364884402770e-02
5.275602980206409859e-02
5.246240973679555664e-02
5.460447536574469796e-02
5.529867613481150718e-02
5.578243223329384937e-02
5.365846085672577176e-02
5.457591586228874303e-02
5.517363252325190731e-02
5.302016959629125142e-02
5.514193761886821560e-02
5.456353104155924755e-02
5.347769831617673469e-02
5.507262596446606956e-02
5.456040198397305030e-02
5.386167330046495033e-02
5.141614502709773021e-02
5.530115777833594093e-02
5.436545439685384201e-02
5.327714280121856327e-02
5.341569036245345792e-02
5.325343830304013482e-02
5.484995475659767972e-02
5.486196997678942366e-02
5.459583712120850973e-02
5.461163784687717709e-02
5.134594625689917202e-02
5.391461604999171070e-02
5.132095886187421074e-02
5.514528821739885650e-02
5.514802789936463362e-02
5.449450293348895302e-02
5.242999019101261815e-02
5.369675373658537587e-02
5.252229123272829370e-02
5.388816426404648141e-02
5.521738348114821338e-02
5.484030186716053190e-02
5.364467957988381525e-02
5.377511591133143920e-02
5.487776249647140225e-02
4.969559620238012815e-02
5.459395319016443343e-02
4.950078952436645641e-02
5.473948619845840635e-02
5.221031974587175828e-02
5.444601588985985979e-02
5.343787613221340910e-02
5.228027952834964076e-02
5.238251072458095098e-02
5.360881186400850290e-02
5.547050630880726724e-02
5.208455183439784919e-02
5.249467338952753387e-02
5.471585083545910111e-02
5.299227328764067463e-02
5.371916230974926182e-02
5.279226417963703288e-02
5.469682571581668123e-02
5.300109101873305001e-02
5.380410447509752225e-02
5.370106563592950272e-02
5.508766264344255176e-02
5.524069650305642176e-02
5.249635986983776370e-02
5.495936566342909946e-02
5.432493095803592187e-02
5.254107490181923051e-02
5.000827501838405603e-02
5.215515697167979331e-02
5.438391680104864845e-02
5.355975315388705749e-02
5.215957798063754897e-02
4.804277146855990416e-02
5.466572379486428490e-02
5.214760286940468836e-02
5.363432380060354637e-02
5.431813008876310717e-02
5.322788884449336511e-02
5.238049128610226812e-02
5.408144395591484022e-02
4.871042025172048207e-02
5.483756290955676266e-02
5.408780743471450214e-02
5.320261707529425760e-02
5.377544017715586711e-02
5.275497046402759238e-02
5.368826572472850528e-02
5.351350416118900305e-02
5.269209819121493249e-02
5.415288822518454781e-02
5.479764258489012996e-02
5.110842546241151085e-02
5.234769716237982345e-02
5.270182585550679116e-02
5.385772935632202052e-02
5.185910199458400316e-02
5.249236870764030505e-02
5.321249472391274132e-02
5.352062733016080265e-02
5.274870186630222640e-02
5.415982124913069906e-02
5.411396518142686657e-02
5.088332477543089372e-02
5.348689479546414605e-02
5.071268132370379544e-02
5.367674411584933553e-02
5.395908529559770989e-02
5.274115921929478645e-02
5.158253263475166134e-02
5.361214910323421068e-02
5.417566087303889860e-02
5.372638540963332182e-02
5.355240765752063842e-02
5.159899034640855198e-02
5.394473680191570059e-02
5.273862439725134077e-02
5.325956966521011582e-02
4.915704772704177633e-02
5.242130406614806809e-02
5.426428934766186485e-02
5.303914612159132957e-02
5.273976682995756143e-02
5.267405472695827623e-02
5.327076185494661331e-02
5.158623717725276808e-02
5.272357553864518570e-02
5.112473336565825921e-02
5.377103921232952166e-02
5.340298299367229190e-02
5.383768733590841432e-02
5.342522824390066871e-02
5.470404575268427577e-02
5.261450119109617463e-02
5.445756737349762011e-02
5.176577812267674217e-02
5.327603231287664914e-02
5.286496181247962722e-02
5.229675761527485117e-02
5.342494848494728360e-02
5.352479015580481614e-02
5.009530190792348819e-02
5.289510345707337108e-02
5.313195745564169153e-02
5.256426893174648285e-02
5.286420596142609590e-02
4.895449008585678330e-02
5.175826409831642966e-02
4.752386878761979960e-02
5.015011185573207270e-02
5.450730812218454457e-02
5.441249924608403121e-02
5.107275377959012708e-02
5.212177672526902700e-02
5.165730306050843323e-02
5.200937997756732711e-02
5.376933464366528970e-02
5.275222640484571179e-02
5.220929413206047698e-02
