1.093995895286401066e+00
1.936689841250578692e-01
1.188765582007666466e-01
1.065626269454757330e-01
9.086407236134012855e-02
8.415906123816967177e-02
8.197829086954394606e-02
8.158183408280213211e-02
7.208046009764075557e-02
6.665465254647036375e-02
6.457099772368868340e-02
6.831490994120636984e-02
6.883930264661709819e-02
6.774776006738345013e-02
6.857182044535875542e-02
6.469906223316987393e-02
6.717192007849613622e-02
6.639020632331570082e-02
6.270688009137909136e-02
6.687026706213752836e-02
6.616815031816561388e-02
6.885608702898025901e-02
6.380268247798084880e-02
6.893908841535449639e-02
6.098036628837386758e-02
6.156018908446033583e-02
6.353039640312393987e-02
6.725651613126198969e-02
7.546827360987663769e-02
6.119122708837191477e-02
6.494534709180395382e-02
6.125090902050336211e-02
6.328408280387520790e-02
6.588082013962169581e-02
6.098954323058326799e-02
6.095002455015977039e-02
6.544813775147001467e-02
5.959650410960117689e-02
6.510371034964919368e-02
6.198948425551255303e-02
6.892997164900104001e-02
6.175431942567229104e-02
5.975895716498295235e-02
6.358264797677595781e-02
6.126080611099799650e-02
6.820520378649234938e-02
6.077393086627125990e-02
6.024754686591526215e-02
6.139025953287879922e-02
6.016160529106855115e-02
6.608024238919218973e-02
6.498803428684671313e-02
6.381210940579573609e-02
6.203279368268947019e-02
6.025360868001977677e-02
6.034919481103619143e-02
5.927762209748228123e-02
6.166370727121830292e-02
5.815830799440542542e-02
8.223640958468118878e-02
7.663476549709836994e-02
6.737716759865482186e-02
6.274258540322383282e-02
5.775450132787227769e-02
5.673471124842763280e-02
5.820009070759018383e-02
5.999076835811138070e-02
5.915551794692874149e-02
6.506461620951692337e-02
5.927836195876200892e-02
6.237770039588212689e-02
6.700063605792820620e-02
5.916848871236046054e-02
5.950371725174288112e-02
6.076517922182878007e-02
5.832630941644310896e-02
5.983472662356992267e-02
6.059487707292040420e-02
6.045509260768691662e-02
6.297604881227016060e-02
5.726900311186909620e-02
6.128869537884990698e-02
6.078415957589944352e-02
6.393108772113918759e-02
5.945823460196455329e-02
5.892783590282003187e-02
7.405564765135447258e-02
6.078920381143688989e-02
5.975321712593237300e-02
6.464397813503941492e-02
6.209114129344622118e-02
6.579145158951481276e-02
6.777840650329987338e-02
6.476558161589006379e-02
6.403291877359151840e-02
5.789240128671129665e-02
6.127094094641506727e-02
5.595594633991519268e-02
5.892549569408098847e-02
5.919906655326485911e-02
5.846280454347530658e-02
7.021884231517712405e-02
6.223092092201113618e-02
6.229518917699655017e-02
9.689684158811966153e-02
6.247475890442728830e-02
6.416111821619173428e-02
5.927142189815640116e-02
5.947721901660164151e-02
5.902873527879515941e-02
6.167413714031378530e-02
5.785889895011981504e-02
6.327897816275557252e-02
6.177130308623115379e-02
5.775301247835159385e-02
5.697782420242825802e-02
5.835443004965781832e-02
5.656103027363618141e-02
5.979111360386014234e-02
5.715205894783139534e-02
6.604114589591821016e-02
5.759300965505341485e-02
5.980988917872309685e-02
5.811345766608913554e-02
5.900993257761001642e-02
5.753464628010988152e-02
5.914247994621595061e-02
5.920545276875296969e-02
5.953609251727660229e-02
5.690883263324697516e-02
5.704240816334883030e-02
5.871234171713391597e-02
5.881891750420133180e-02
5.801097529629866550e-02
5.542741384978095570e-02
5.845930339768529160e-02
6.418817508965730945e-02
5.650449486449361097e-02
5.687057127555211061e-02
5.503320135486622355e-02
6.617084292694926095e-02
5.866361167281865935e-02
5.736476244404911662e-02
6.305826237735648321e-02
5.952262141431371306e-02
5.659581917648514454e-02
5.894928465907772058e-02
6.359148174524306696e-02
6.271820429091652660e-02
6.284773920041819562e-02
5.816612505664427862e-02
5.892969168101747784e-02
6.000316925967733028e-02
5.820461365083853117e-02
6.055601388836900217e-02
5.933826113119721607e-02
5.729241168747345458e-02
6.054865527898073418e-02
6.875732618694503639e-02
5.704358869542678484e-02
6.044687658548355408e-02
5.764899892732500836e-02
6.143691136812170356e-02
6.434259227166573558e-02
5.771840757379929215e-02
5.898898177469769771e-02
6.771638219555219107e-02
5.581270286813378584e-02
5.480980110044280512e-02
6.144742568954825179e-02
6.728509824102123227e-02
6.016066856682300568e-02
5.707049941644072588e-02
5.356798943442602629e-02
5.572397047032912748e-02
5.948730848108729069e-02
5.570008466641108297e-02
6.296584784363706833e-02
6.076391408219933288e-02
5.700290422265728157e-02
5.659552832754950052e-02
6.501983611223598192e-02
6.201124111811320144e-02
5.599287473907073320e-02
5.487041552551090440e-02
5.825723237668474497e-02
5.996798121059934011e-02
5.839262227838237784e-02
6.365300629287957979e-02
7.775315552949906006e-02
5.971260487412412971e-02
6.057034300640225244e-02
5.931804285695155277e-02
5.673739066968361278e-02
6.108684109523892375e-02
5.831395183379451536e-02
6.397982046628991615e-02
5.779720090950529049e-02
5.913805370839933517e-02
5.563327770680188966e-02
5.678316580131650276e-02
5.767845341314872115e-02
5.732201917717854450e-02
6.490857685605684602e-02
5.645716182266672517e-02
5.593349137653907260e-02
6.066098075360059488e-02
5.560642939992248984e-02
5.833645557363827810e-02
5.601520438368121774e-02
5.684189282978574509e-02
5.624701152866085074e-02
5.985710189056893393e-02
5.936276018309096653e-02
5.830413472217817888e-02
5.671470457687974309e-02
6.039246703187624299e-02
5.726477912316719349e-02
5.621705452290674115e-02
5.817239055099586442e-02
5.768667388086517328e-02
5.540417019277810856e-02
6.173711135362585506e-02
5.821514725685119490e-02
5.830226083286106642e-02
5.680472953245043616e-02
5.520792849361896848e-02
5.618990580861767115e-02
5.817335404455661885e-02
5.449056009451547916e-02
6.067185847709576085e-02
5.486353520303964559e-02
5.559942192708452330e-02
7.174841649209459660e-02
6.410368996982773737e-02
5.498114991312225835e-02
5.856853246688843023e-02
6.792909248421589996e-02
5.412756391490498864e-02
5.872238101437687874e-02
5.557356195524335019e-02
6.546193767959872234e-02
5.906598726287484030e-02
5.690503397956490211e-02
5.465222066268324991e-02
5.788810128346085632e-02
5.637386989469329174e-02
5.849318871274590548e-02
5.692734194609026105e-02
5.614789713794986203e-02
5.603099690129359489e-02
5.626323905463020275e-02
5.603045866514245327e-02
5.606553727140028975e-02
6.348006739591559311e-02
7.069981018702188591e-02
5.893047159537673219e-02
5.731494619511067617e-02
5.765237138606607581e-02
5.503989763557910753e-02
5.704170762250820870e-02
5.601465301588177959e-02
5.788734622920552880e-02
5.595530806109309113e-02
6.143451955169439149e-02
5.644051037107904872e-02
5.479569727554917113e-02
5.721736215675870402e-02
5.833372979114453266e-02
6.780075826992591759e-02
6.005059346556663319e-02
5.497375134378671563e-02
5.644117505600054763e-02
5.825718085902432258e-02
5.876198452586928883e-02
6.030434818938374547e-02
5.559020583207408689e-02
6.379383325576781782e-02
6.669160182898242750e-02
5.821898638581236157e-02
6.477415167416135378e-02
6.114156028876702176e-02
6.455808092219134098e-02
6.487503778810302379e-02
5.905047064957519298e-02
5.680325269699096347e-02
6.453016082445781065e-02
5.613265186548233032e-02
5.778114061181743866e-02
5.351362251366178352e-02
5.704898642996947267e-02
5.430438374169170579e-02
5.539731475835045493e-02
5.750620278219382292e-02
6.250162399684389136e-02
5.459501947586735404e-02
6.091038097937901546e-02
5.562435917866726670e-02
5.835298810775080974e-02
5.824380671605467602e-02
6.216385220177471360e-02
5.583192751122017378e-02
5.312740635126829425e-02
6.939275574559966575e-02
5.574982339516282304e-02
6.130877967302997972e-02
5.814044306675592716e-02
5.451533522456884079e-02
5.436568822090824538e-02
5.628049840529759928e-02
5.596081376075744823e-02
5.454693423584103251e-02
5.451755091858406788e-02
5.541336897760629904e-02
5.354053729524214933e-02
5.678373358522852132e-02
5.390708236644665280e-02
5.433426846439639440e-02
5.581802729517221229e-02
6.491011828184127530e-02
5.382696757093072271e-02
5.982246917051573659e-02
5.835485372381905844e-02
5.828852598865826712e-02
6.016263726477821816e-02
6.429145735998947897e-02
5.435307035843531254e-02
5.899319276834527614e-02
5.759844030564029854e-02
5.458320192682246386e-02
6.483552270568906928e-02
5.530927457846700895e-02
5.887734688197573257e-02
5.296648065249125181e-02
5.822313074022531648e-02
5.572209556897481098e-02
5.818094870696464971e-02
5.627436637257536567e-02
5.849097796405355182e-02
5.401843861987193351e-02
5.368077977870901185e-02
5.761590877237419278e-02
6.063108185306191611e-02
5.866570463404059688e-02
5.522893757248917984e-02
5.353906946256756921e-02
5.461596031362811465e-02
5.527028234054644912e-02
5.359248681614796339e-02
5.369064366444945002e-02
5.839495914677778760e-02
5.755968629072109877e-02
5.387264630446831487e-02
5.664890513444940240e-02
5.628919608270128300e-02
5.806672912091016825e-02
5.530313664736847407e-02
6.087461094682415641e-02
5.619553855930765202e-02
5.420574925839900804e-02
5.625773220012585119e-02
5.388314708446462903e-02
5.855471923636893644e-02
5.489783731599649080e-02
5.317017576346794866e-02
5.428979966168602511e-02
5.270400355259577396e-02
5.643344539217651223e-02
5.909663904458284378e-02
6.083772833769519883e-02
5.484746462975938902e-02
5.330893774206439673e-02
5.629285297666986737e-02
6.319399607057372970e-02
5.492663045724233140e-02
5.886389571552474997e-02
5.626124564558267899e-02
5.141776822817822196e-02
5.971186889956394545e-02
6.205231094422439947e-02
6.013137203330794905e-02
5.563584445665280265e-02
5.613317316398024753e-02
5.492899263588090636e-02
5.367674414689341950e-02
5.480205469454327988e-02
5.559392184019088662e-02
5.381344415557880873e-02
5.651901501541336387e-02
5.680634413535396582e-02
5.899249262486894879e-02
5.575230662710964347e-02
5.384717443957924565e-02
5.442733940357963318e-02
5.584004754200577736e-02
5.699469850709040775e-02
5.593832312151789804e-02
5.248173802780608382e-02
5.633184787506858443e-02
5.952170706043640597e-02
5.365208789706230053e-02
5.605575556556383759e-02
5.486749264722069058e-02
5.426225301499167791e-02
5.359343936977287171e-02
5.630813498049974664e-02
5.757279906421899907e-02
5.512631417873004730e-02
5.381556973792612358e-02
5.904830737039446636e-02
6.094380243370930289e-02
5.263772098347544587e-02
5.690238732223709683e-02
5.802066564559936468e-02
6.314464095979928360e-02
5.417546820516387640e-02
5.773099993976454208e-02
5.556053240473071697e-02
5.383905002226432174e-02
5.285660183057189210e-02
5.301316194546719374e-02
5.561279341578483776e-02
5.721837494522333256e-02
5.615274290864666340e-02
5.205410721401373259e-02
5.653711643690863958e-02
5.905039413521687153e-02
5.417207317426800395e-02
5.448908622997502421e-02
5.699226147184769525e-02
6.196287518367171038e-02
5.441952950010697093e-02
5.320588312422235705e-02
6.078089853748679106e-02
6.003866809730728366e-02
5.726495809232195339e-02
5.458565370490153779e-02
5.423650900522868079e-02
5.691620208323001917e-02
5.449817066391308973e-02
5.382353102788329374e-02
6.039414715021848568e-02
5.329783923303087895e-02
5.431617670382062751e-02
6.043657181784510557e-02
6.082442141448458212e-02
5.685760722495615538e-02
5.568639077867070658e-02
5.410886798674861831e-02
5.569575723881522999e-02
5.140424484387039888e-02
5.459364937618374491e-02
5.455025353779395514e-02
5.440216186766823336e-02
5.685861432614425920e-02
5.470687927678227758e-02
5.348482172315319194e-02
5.840109866112470904e-02
5.462506677334507538e-02
6.344455164546768111e-02
5.578574778822561336e-02
5.428922175740202166e-02
5.756231630841891073e-02
5.362244950607419208e-02
5.617312548061211691e-02
5.791940435146292199e-02
5.662916298334796927e-02
5.241808375033239764e-02
5.640700356413920480e-02
5.814395206669966537e-02
5.437572486698627472e-02
5.492000493531425803e-02
5.572006914764642688e-02
5.927743465329209788e-02
6.619797581185897506e-02
5.471809591477116291e-02
6.056849394924938845e-02
5.605428397034605686e-02
5.708325872197747564e-02
5.610264301300049022e-02
6.027560786033669959e-02
5.715737581253051841e-02
5.644214725432296353e-02
5.856809429824352126e-02
5.365122061222791366e-02
5.397735965438187067e-02
5.505056268845995304e-02
5.568809607687096042e-02
5.980996098990241927e-02
6.530048095000286212e-02
6.196072064340114871e-02
5.430532016480962149e-02
5.320013764624794556e-02
5.336310280176500415e-02
5.531610325910150949e-02
5.351803775876760177e-02
5.784274152169625177e-02
5.282010113820433811e-02
5.970646354059378630e-02
5.211887530051171474e-02
