1.029621984395715922e-01
8.076572289897335222e-02
7.956827758914894466e-02
7.530202882157431554e-02
7.431117797063456487e-02
7.403904534876346033e-02
7.387543279263708573e-02
7.254959969884819393e-02
7.059739844666587660e-02
6.794411945674154463e-02
7.091104375819365369e-02
6.705603980355792637e-02
6.937989571856127691e-02
7.062068076597319277e-02
6.873609605762694141e-02
6.990657291478580282e-02
7.180133201181888858e-02
6.731295573214689243e-02
6.978199105295869453e-02
6.356359732647737237e-02
6.855831986500157682e-02
6.800378006365563610e-02
6.762489726146062030e-02
6.371794150521357947e-02
6.638278758360280363e-02
6.653025936749246139e-02
6.666095111933019457e-02
6.675705644819471263e-02
6.630084547731611433e-02
6.086113608131805963e-02
6.601289440360334770e-02
6.678847745060920160e-02
6.021232909212510115e-02
6.593612809148099996e-02
6.714802638938029145e-02
5.979633420291874391e-02
6.391759073982636319e-02
6.600007083680894948e-02
5.819698108567131906e-02
6.684217477838198807e-02
6.100630323506063546e-02
6.488473725815614712e-02
6.701484285295009058e-02
6.495077866646978282e-02
6.502423584461211603e-02
6.283124962614641817e-02
6.576283694141440983e-02
6.411729761295847929e-02
6.363304427100552330e-02
6.196465637120935482e-02
6.252919143686691550e-02
6.460899224297868282e-02
6.456859923071331386e-02
6.219149080829487752e-02
5.951039695905314258e-02
5.897509172144863032e-02
6.087398644950654802e-02
6.284382436424493235e-02
5.941808807353178568e-02
6.181018164174423984e-02
6.315961444957388093e-02
6.322046135448747273e-02
6.263922409464915686e-02
6.303978022187947672e-02
6.209444490571816577e-02
6.147830608404344921e-02
5.614238971223433489e-02
6.339467534174521302e-02
5.865974674622217999e-02
5.857317724989519886e-02
6.071999689771069575e-02
6.260332862536112375e-02
5.334864560928609389e-02
6.421708955119052875e-02
6.187816711349619636e-02
6.112019514871968456e-02
5.799077432602643689e-02
5.466031132058964820e-02
6.088915086454815134e-02
6.263395249843597967e-02
5.871634036302566390e-02
6.190749228828483497e-02
6.260510544396108434e-02
6.115528372012906527e-02
5.759666181272930785e-02
5.546751419703165736e-02
6.012658073256413327e-02
6.245580911636352400e-02
5.895972928653160638e-02
5.895250611421135045e-02
6.050156425270769578e-02
5.944651270078288308e-02
6.266282964497804642e-02
6.004604395065042677e-02
6.086526469637950493e-02
5.684075616300106326e-02
6.194778434518311006e-02
5.758961668858925825e-02
5.572507046163081845e-02
5.826001957886749183e-02
6.369856939547591246e-02
5.638511994232733859e-02
5.678312420431110702e-02
6.109973469542132746e-02
5.468170077850421223e-02
6.193637162860896744e-02
6.073202894379695072e-02
6.061683493769830927e-02
5.237841231541501275e-02
5.975608920885457087e-02
5.709800496697425842e-02
5.698909444941414881e-02
6.224048903418911982e-02
5.803093055470122386e-02
5.835088756349351979e-02
6.015678037785821691e-02
5.874875728040933331e-02
5.805005157987276621e-02
5.424211354305346483e-02
6.183320188687907448e-02
5.827944353222846985e-02
5.817855743484364600e-02
5.565791090743409109e-02
6.135572360621558557e-02
5.809602073083321161e-02
5.974890726308027672e-02
5.692025251272651853e-02
5.650517075426048780e-02
5.912940752589040255e-02
6.080715360326899299e-02
5.659276251163747329e-02
5.984106572965781218e-02
5.901200473308563371e-02
5.852163516812854127e-02
6.028101816773414473e-02
5.351930871191951794e-02
6.081436282644669261e-02
6.010198663506242933e-02
5.261762191851934028e-02
5.669829417020082196e-02
5.803870395239856678e-02
5.882433990223540077e-02
5.889967543383439058e-02
5.525996415979332610e-02
5.943894841604762530e-02
5.352946056260002999e-02
5.828383972661362739e-02
5.799241761366526193e-02
5.887625608593225618e-02
5.311323478817939897e-02
5.431642940060960045e-02
5.925934236082765899e-02
5.851996603111426359e-02
5.519558031939798132e-02
5.410460929075876918e-02
5.986729595396253489e-02
5.303140978018442558e-02
5.986522607919242400e-02
5.867644929223590766e-02
5.981186317900816923e-02
5.102309868153598327e-02
5.696596379081408229e-02
5.849887751456764318e-02
5.478226538333627604e-02
5.415059127327468552e-02
5.368310945729414668e-02
5.991907477792766251e-02
5.754732030133406090e-02
5.592434563570552325e-02
5.815449599176645418e-02
5.907764364447858768e-02
5.901043729649649988e-02
5.812246633900536308e-02
5.690452172938320619e-02
5.798110038869910832e-02
5.078507746673292800e-02
5.845414946476618773e-02
4.940112024131748658e-02
5.197788719087838988e-02
5.360211142235331988e-02
5.509060664723317013e-02
5.831915796216990966e-02
5.839736155337757473e-02
5.611839524159829146e-02
5.939706183142132168e-02
5.672651338908407670e-02
5.798325232333607221e-02
5.567666360487540794e-02
5.472703762352466861e-02
5.656084534194734392e-02
5.529797652529345325e-02
5.072984424316220875e-02
5.925178432630168190e-02
5.488841492268774214e-02
5.168473544634050870e-02
5.562685955729749360e-02
5.661024432629346848e-02
5.750813562836912252e-02
5.562645879884561134e-02
5.681377771413988198e-02
5.420311407910453211e-02
5.515413184960683141e-02
5.460715937531656489e-02
5.858245727916558399e-02
5.726896358860863318e-02
5.526239261445071993e-02
5.127405700170331593e-02
5.235236808657646457e-02
5.663811024278402051e-02
5.832811399466461544e-02
5.749820516341262733e-02
5.460410672757360501e-02
5.239578597247600278e-02
5.628957965721686357e-02
5.813756187756856375e-02
5.517732225772407212e-02
5.526280140297280125e-02
5.791031972815593315e-02
5.411651194509532747e-02
5.254047461267974395e-02
5.640295928137169928e-02
5.426265541464090486e-02
5.709537861661778679e-02
5.485580397976769218e-02
5.749618545588519591e-02
5.319520597242646809e-02
5.404565831025441580e-02
5.793594016383091932e-02
4.987123703791035423e-02
5.296998566223515281e-02
5.700154041664468041e-02
5.654779171778095970e-02
5.273474500411086396e-02
5.560759521192974730e-02
5.732670295983553072e-02
5.403639494131008691e-02
4.626313845316568779e-02
5.624441541731357852e-02
5.335002769198682326e-02
5.448254270272122335e-02
5.234226921780241876e-02
5.829928614613082843e-02
5.616244423306650246e-02
5.506537304156356588e-02
5.616556087301836919e-02
5.528274654514259839e-02
5.591192262040244054e-02
5.376517605036497394e-02
5.646207796202765833e-02
5.704048311130868049e-02
5.008381671375698729e-02
5.653506844407982235e-02
5.486813098606135863e-02
5.505864692644940606e-02
5.648280162778165914e-02
5.525399500297175498e-02
4.429059206611580396e-02
5.245469020058711462e-02
5.617544160534938130e-02
5.492284132374657818e-02
5.612097784048981214e-02
5.475909751322534380e-02
5.431543979793786864e-02
5.479581552661127314e-02
5.377206539528237711e-02
5.461995763083298677e-02
4.808048285129997573e-02
5.466671259038978492e-02
4.660117775201797624e-02
5.726130842748615446e-02
5.581273891859584585e-02
5.217216223892238297e-02
5.424379623598522826e-02
5.461068022996187071e-02
5.472272750404146013e-02
5.375041419433222722e-02
5.652584412859545937e-02
5.337022571927971248e-02
5.249549527135160404e-02
5.154924061563279786e-02
5.544300932023260575e-02
5.078397360112932302e-02
5.409563074095381785e-02
5.658037221680085188e-02
5.440282436708609309e-02
5.226648483011457624e-02
5.564904651708073302e-02
5.035843019270234977e-02
5.643919598725107012e-02
5.424493822372621760e-02
5.050384056650929904e-02
5.335011449125078020e-02
5.428302437067031999e-02
5.313996387024720602e-02
5.027500672472847570e-02
5.476869708961910888e-02
5.333218822876612669e-02
5.411236813912789073e-02
5.329459448241525427e-02
5.481823544121450925e-02
5.223221462219953398e-02
5.193923469632864137e-02
5.508329119119378947e-02
5.085934777226713138e-02
5.423437857793437372e-02
5.007944458888636402e-02
5.453889740424023441e-02
5.224439903265899743e-02
5.261557284328672451e-02
5.192648724963267598e-02
5.355503372848034044e-02
5.354509842064645447e-02
5.444725137203931808e-02
5.386324382076660561e-02
5.504593896783060297e-02
5.467517431825399260e-02
5.422241325593656763e-02
5.354515028496583534e-02
5.145504797498385435e-02
5.500430057032240638e-02
5.157840423699882465e-02
5.479373948441611242e-02
5.188595306956105685e-02
5.457734291752179556e-02
5.269917171034547987e-02
4.962875830630461560e-02
5.343297032846344718e-02
5.286110291878382689e-02
5.226180779023303219e-02
5.325852945033046626e-02
5.348372776061296324e-02
4.917158736950821146e-02
4.854998251216278982e-02
5.261250701215532122e-02
5.229988441699080781e-02
5.463391285803582964e-02
5.022004081143273402e-02
4.638908524066209793e-02
5.213193636801508046e-02
5.368259294579426355e-02
5.482243185655938378e-02
5.249558327098687721e-02
5.336396075371238612e-02
5.551604632702138858e-02
4.931923664278454328e-02
4.970997338079743977e-02
5.352442517048782572e-02
5.062197713802258497e-02
5.303027631921900659e-02
5.444701506445805139e-02
5.201065503060817857e-02
5.323398974206712542e-02
5.449332936356465068e-02
5.285902375148402582e-02
5.217616624302334055e-02
5.399537401066886039e-02
5.429309496863021084e-02
5.224646331949366757e-02
5.143751959419912839e-02
4.976779961337645525e-02
5.373191918349928126e-02
5.253090117540624299e-02
5.475767441093921939e-02
4.760512316392527532e-02
5.113155854245026583e-02
5.269405432045459747e-02
4.760291005174319134e-02
5.144896950158808074e-02
5.169462100085284867e-02
4.922945217953787755e-02
5.292641843358675963e-02
5.111410946895678792e-02
5.152478336046139445e-02
5.251607470628288227e-02
5.084748595125145043e-02
5.345433294359180909e-02
5.062485138575235910e-02
5.040020398381683808e-02
5.311796907335519791e-02
5.346560113959842458e-02
4.842322520497772259e-02
5.008323072559303646e-02
5.441240196426709586e-02
4.846658986061811586e-02
5.373465137349234949e-02
5.140200489097171421e-02
5.286114778783586321e-02
5.057485242270760850e-02
5.232754871249199052e-02
5.278570188416375347e-02
5.403850842267274995e-02
4.735864996910095492e-02
4.851328631242116107e-02
5.327022400581174488e-02
5.201856918219063125e-02
4.938056421362691656e-02
5.225575288964642157e-02
5.049885797003905025e-02
5.176492285811239158e-02
5.156298424634668531e-02
4.919381735639439396e-02
5.255891413738330437e-02
5.173554002410835767e-02
5.500899739563465396e-02
5.157647277745935899e-02
4.765122574236657638e-02
5.154431884487469667e-02
5.179892186489370304e-02
5.322865663717190471e-02
5.231224072890149068e-02
5.040057839618788948e-02
5.326704817513625012e-02
5.202144773470030598e-02
4.921842049807310243e-02
5.062467157840729037e-02
5.530536361038684845e-02
5.204528040356105889e-02
5.254969062904516625e-02
5.557989262872271852e-02
5.281616167889700841e-02
5.131321228626701397e-02
5.271782254179318422e-02
5.044139015177885599e-02
4.998045545071363310e-02
4.997110323359568729e-02
5.265291370451450487e-02
5.149717442691326141e-02
5.022417770491705707e-02
4.815684888097974958e-02
5.108173468874560585e-02
5.234887448863850823e-02
4.768183334834046050e-02
4.996658143483929948e-02
4.893828142020437144e-02
5.237538661393854184e-02
5.141557635118564062e-02
5.073162234491772338e-02
4.984317531602250329e-02
4.854769938521914796e-02
5.323512018140819091e-02
5.129364942097001945e-02
5.161348481973012520e-02
5.058028975294696222e-02
5.394270771907435508e-02
5.224054141177071620e-02
5.253569434086481638e-02
5.219912649028830842e-02
5.100663335373004093e-02
5.036119276450740090e-02
5.007618767105870977e-02
4.298208838121758690e-02
5.189430299732419871e-02
5.266694068494770509e-02
5.353755638417270757e-02
5.186776498125659357e-02
5.370005903144677711e-02
4.559396087295479461e-02
5.371153112500905852e-02
5.077924769785668868e-02
5.180252229587899160e-02
5.112648488332827840e-02
5.085206905172930808e-02
5.114968232810497561e-02
5.051366140445073122e-02
4.847790480901797289e-02
5.368493942336903524e-02
4.664269356677929607e-02
4.705386656439966564e-02
5.297313678181833629e-02
4.955986849963665147e-02
5.161736156377527696e-02
5.008047055453061780e-02
4.943691790103912215e-02
4.746907359610001015e-02
5.330798979848623553e-02
5.121593287007675938e-02
5.137287955731153349e-02
4.835970931582980747e-02
5.069091506302356859e-02
4.085631695472531633e-02
5.320377832071648827e-02
4.794260124779409910e-02
5.324182982246081219e-02
5.214181029134326573e-02
5.125883254739973388e-02
5.005842797044250669e-02
4.787123017013072968e-02
5.188968997034761749e-02
4.475021202945046739e-02
5.311017663528521532e-02
5.189778815127081557e-02
5.224291864368650617e-02
4.986745781368679548e-02
5.213913642283943273e-02
5.219276497761408257e-02
4.556746751897865211e-02
4.779174520323673653e-02
5.341736423886484647e-02
5.140127073973417560e-02
4.911826432993014746e-02
