3.694206613500913061e+00
6.034688274065653779e-01
2.333932326734066143e-01
1.306214634701609589e-01
1.007571474711100312e-01
9.458603331819176452e-02
9.315080224846800094e-02
7.745130786051353244e-02
8.872004435708125136e-02
7.678330952301620771e-02
7.671857252717018127e-02
7.560675843308369004e-02
7.207100612421830921e-02
7.223086830228567234e-02
6.937242934480308820e-02
7.041064184779921575e-02
6.765937790274620389e-02
7.154456567019223945e-02
6.666198037564755041e-02
7.238708160817623749e-02
6.770466292276978992e-02
7.647633808354536988e-02
7.266202486430604901e-02
7.119781627630193677e-02
7.570579748600721193e-02
6.799045183385411806e-02
6.676277603333194421e-02
7.286492610350250865e-02
6.623037882149220013e-02
7.533776462698976717e-02
6.642846068056920683e-02
7.009537758305668664e-02
8.072071135664979358e-02
7.546134538327654850e-02
6.627943440650900520e-02
7.908222102870543502e-02
6.563341471056143017e-02
6.498738734672467043e-02
7.903906948864460047e-02
7.045117355883120935e-02
7.265993651002645992e-02
7.107668144007524280e-02
6.578486023470758726e-02
6.754802366718649920e-02
6.519121036554376136e-02
7.333350996176402070e-02
6.450457308441399917e-02
7.238058955098192193e-02
6.751155614542464489e-02
7.750677934537331115e-02
7.451689928149184128e-02
6.352747335409124341e-02
6.401723744968573770e-02
7.014580504968762065e-02
7.214524642874797777e-02
7.651015800113479537e-02
7.444743214795987440e-02
6.830665692687035162e-02
7.156407117533186701e-02
7.064368338634570421e-02
6.670251629625757739e-02
6.240280783424774491e-02
6.715836304550369673e-02
6.914156444370746224e-02
6.275942480191588901e-02
7.014962842687964828e-02
6.935366418833534274e-02
6.395234410340587539e-02
6.817903962296743836e-02
6.753043360387285532e-02
6.233932611222068459e-02
6.586014300584792924e-02
7.317770686621467846e-02
6.910805935040116588e-02
6.153010635326305877e-02
7.229868040109674321e-02
6.675805302336812463e-02
7.530859312663475136e-02
6.787608804181217981e-02
6.370997502778967536e-02
7.859429314732552241e-02
6.490795251602927973e-02
7.429091505085429203e-02
6.454142061993480006e-02
6.679527825365463856e-02
7.253140300201872670e-02
6.558938434968392128e-02
6.555490265910823844e-02
6.523399672160545837e-02
7.070800047367811758e-02
6.218044466028611189e-02
6.476110698655247744e-02
6.363773403068383183e-02
6.766495154860119321e-02
6.487267059584458928e-02
6.613310281187295692e-02
6.514493308961391560e-02
7.221780055512984353e-02
6.696788807089129603e-02
7.421106766909360553e-02
6.125163391853372108e-02
7.593870761804283331e-02
6.357950375725825165e-02
6.650951063881317682e-02
7.086003014196952388e-02
6.361819338674346014e-02
6.339959097405274691e-02
6.311276445165275861e-02
6.930403237541517270e-02
6.394218387703100304e-02
7.585421644772093186e-02
6.332684428741534866e-02
6.441158338760336055e-02
7.012628058282037447e-02
6.063463755572835734e-02
6.169502992182970130e-02
7.240352413927515773e-02
7.055018752192457332e-02
6.352294588461518399e-02
6.028842718030015535e-02
6.548488839219013258e-02
6.649242478112379895e-02
7.012827236826221777e-02
7.018883554264902791e-02
6.929302746430039683e-02
6.382538958763082915e-02
6.240223155046503017e-02
6.135628111660480777e-02
6.401665834710001945e-02
6.358916216840346247e-02
6.599291635056336869e-02
6.357739890615145273e-02
6.552654812112450322e-02
6.595007074375947020e-02
6.084954984486103113e-02
7.141176570206880792e-02
6.322648423413435026e-02
6.240332001820206309e-02
7.311262005319198176e-02
6.741232647560536917e-02
6.413658815125623802e-02
6.483597373900314154e-02
6.215848869333664289e-02
6.788692460084955194e-02
6.113503148158391104e-02
6.258153544428447790e-02
6.143352076411247309e-02
6.314980903640389498e-02
6.426623599603771553e-02
6.853019573725760427e-02
6.571163777882854662e-02
5.949553806955616003e-02
6.230499626447757316e-02
6.985925554297864326e-02
7.280694433798393095e-02
6.295312650501727614e-02
6.704394978471100996e-02
6.186873684947689217e-02
6.078252201899886353e-02
5.931622288810710353e-02
7.164669785027702464e-02
6.528030092517535243e-02
6.397374215846260426e-02
6.685705949862798259e-02
6.332229900173842740e-02
7.649211212992668152e-02
6.445046788702409046e-02
6.187599285195271442e-02
7.478762239217758012e-02
6.025165610015392054e-02
6.106018559696773512e-02
6.108573659012715013e-02
6.195287232597668919e-02
6.100498567024866675e-02
6.666146567712227800e-02
6.985353246331214849e-02
5.959159109741449245e-02
7.212266282799342787e-02
6.872171323125561559e-02
7.210084141542513758e-02
7.172188183292746433e-02
6.163396930942932617e-02
5.915779778733849803e-02
5.985354159958660575e-02
6.312068887675802153e-02
6.010178081070383094e-02
6.106433470423022758e-02
6.569129107519984523e-02
6.567179211725791832e-02
6.334881330529848475e-02
6.450936387293040863e-02
8.042446912576754758e-02
6.115912374729911422e-02
6.324881270217398710e-02
6.160520249356826045e-02
6.643656733756264643e-02
6.224769654994209700e-02
6.192900916251043580e-02
6.291385960454741466e-02
5.966942163805166732e-02
6.970659397542476599e-02
6.671089014348884072e-02
6.814081190774838592e-02
6.059464046110709518e-02
5.977478149657448198e-02
6.325758767624696521e-02
6.862356599730749795e-02
7.631019979094465222e-02
6.839154526591301186e-02
5.924444394186138829e-02
6.361322332794468182e-02
6.785380323417485038e-02
6.460702388547361064e-02
6.094257189581791384e-02
6.008566358437140986e-02
6.685694993163147914e-02
6.323556076114376923e-02
5.933768204723795237e-02
6.648022796337803297e-02
6.145344578350583897e-02
6.192430684032539795e-02
6.259235224997003466e-02
6.138245796784758818e-02
6.093317791819572588e-02
5.965643849223851991e-02
7.012467043163875258e-02
6.278638905535141590e-02
5.816749664644400158e-02
7.682955662099023864e-02
6.247009226431449180e-02
6.202935628592967654e-02
6.019871771335601890e-02
6.535438638180494919e-02
6.494977975574632578e-02
6.326534615208705137e-02
6.456816550344228467e-02
6.769062978525956786e-02
5.933853888884186439e-02
6.289476372301577856e-02
7.929272271071871603e-02
6.437835169645647615e-02
6.212255694592992705e-02
5.875114229818185346e-02
6.018993156030773978e-02
6.314703032995264143e-02
6.467365455503265581e-02
5.935880816852052988e-02
6.013745476802190293e-02
6.207636844366788698e-02
6.285209639618793975e-02
6.601047450366119562e-02
6.091627889002362850e-02
6.619939143459002695e-02
6.211427046606938368e-02
6.260899085551500931e-02
6.330894415577252576e-02
6.494017805283268385e-02
6.488048616796732171e-02
5.650409714008371165e-02
5.988611271294454891e-02
5.818671644975741825e-02
6.146599228183428215e-02
5.906590419511000001e-02
6.408029076953729308e-02
6.188689670215050120e-02
6.432884885619083448e-02
8.394517389436563504e-02
6.956729042654236084e-02
8.532816140602032806e-02
5.849865801011522315e-02
6.028626887127756795e-02
6.392173069218794190e-02
6.199735000108679006e-02
6.228361289327343647e-02
6.050764393682281361e-02
6.309877170249819645e-02
6.092179467901587264e-02
6.057182669018705556e-02
6.732547363887229908e-02
6.672545247711240968e-02
5.983495232649147649e-02
6.846972508045534589e-02
6.599885604033867148e-02
5.787862114608288006e-02
6.295133669550220801e-02
5.785593507811426922e-02
5.657498290141423775e-02
6.254142687035103843e-02
6.073602827265858761e-02
6.142511520534753994e-02
6.637991913283865231e-02
6.073229184684653809e-02
6.043054446578025735e-02
5.939023614550630048e-02
6.225080069464941634e-02
6.190264825398723164e-02
6.594209445640444867e-02
5.969491243362426425e-02
6.357404884261388944e-02
6.054504638537764466e-02
6.121107324957847373e-02
6.336855550917486202e-02
6.023950710271795683e-02
6.291109904646872975e-02
6.140660437444845493e-02
6.994076997662583561e-02
5.924380125477909931e-02
6.551183825979629838e-02
6.433524348462621445e-02
6.545700570878883184e-02
6.071621776248017910e-02
6.813751040026545802e-02
6.578006679192185957e-02
5.815498741343617245e-02
5.978632417817910522e-02
5.967689580594499887e-02
5.810176189367970145e-02
6.311136062567432314e-02
6.190769668978949453e-02
5.980457091083129367e-02
6.239621662845214189e-02
5.835104679067929651e-02
6.168759592498342104e-02
5.875058009599645747e-02
6.719270902375380772e-02
7.485191392401854826e-02
6.267294185236096937e-02
6.542770120625694685e-02
5.964146390867729880e-02
5.832287282682955404e-02
6.275180901090303409e-02
6.631378094976146664e-02
6.541127002177139771e-02
6.723972650555272434e-02
5.961972965548435754e-02
6.038416861246029277e-02
5.925170407320062144e-02
7.058582416425149275e-02
6.017722940693299299e-02
5.979634197428822240e-02
6.098755204429229249e-02
6.328647758811711821e-02
6.007200189555684383e-02
5.829971153909961623e-02
6.159565971543391749e-02
6.853494592631856341e-02
6.851345827803015376e-02
6.213500452538331387e-02
6.047065320735176691e-02
5.953664798289537430e-02
5.836348764598369571e-02
6.036767271347343727e-02
5.901874248559275948e-02
6.009049056718746701e-02
6.218090268472830501e-02
6.100262332086761607e-02
6.027846976493795444e-02
6.340941242252787213e-02
7.203631147121389300e-02
6.690678738057613539e-02
6.177297765389085094e-02
6.481532246495286254e-02
5.988474938397606029e-02
6.748447734241684592e-02
6.597837621346115677e-02
6.038921623180310005e-02
7.724812337507803994e-02
6.750656269490719341e-02
7.051098492617408064e-02
6.863424807166060293e-02
6.080912526696920228e-02
6.089391550049185614e-02
6.527416544655958996e-02
6.099948250688612406e-02
5.822869941592216658e-02
5.950265287421643845e-02
6.158506169915198974e-02
6.341731783623497098e-02
6.159884824107090401e-02
6.059386873617768343e-02
7.032701371237636001e-02
6.910365602001547480e-02
5.849969214449326355e-02
6.362643638936181512e-02
5.881638420745730067e-02
6.046680681407451408e-02
6.442296052972475151e-02
6.580156860873102864e-02
5.887966653952995955e-02
5.893999596436818450e-02
5.910401994362473460e-02
7.242660438021024383e-02
7.170946812257170122e-02
5.821180308858553420e-02
6.084819857031106838e-02
6.309981386177242191e-02
6.691201309363047078e-02
5.842410089448094035e-02
6.043430963531136457e-02
6.055847786987821058e-02
6.315938202043373806e-02
5.757070263847708508e-02
5.939593546092510057e-02
6.260264863570531857e-02
6.313915261377890664e-02
6.348700657797357039e-02
5.968655082707603754e-02
6.633457372585932488e-02
5.922828392436107342e-02
6.082661560736596362e-02
6.448746218035618372e-02
5.969884644572933524e-02
6.035739338646332192e-02
6.305337602583070689e-02
6.456855689485867245e-02
6.021216855073968643e-02
6.026015666623910083e-02
6.010414669290185113e-02
5.686848036944866513e-02
5.994070706889033373e-02
6.130282927304506191e-02
5.887351344339549625e-02
6.088389340788125798e-02
5.964025560145577026e-02
6.515805847942829354e-02
5.775522117813428058e-02
6.203490270922581290e-02
5.984962830940882689e-02
6.117208187157908983e-02
6.520579595429201736e-02
6.277155448993046449e-02
6.419489866122603250e-02
6.226461130815248018e-02
6.752949456373850967e-02
5.873168104638656212e-02
6.166403217241168272e-02
6.119790372128287859e-02
6.854788087929288010e-02
6.195547759532928772e-02
6.067794597397247608e-02
6.188074672284225863e-02
6.254449329338968022e-02
6.110614701484640143e-02
5.994802743196487455e-02
6.069653864949941385e-02
5.662640590841571536e-02
5.851903185869256757e-02
5.954072802017132404e-02
6.675305629149079489e-02
6.531962971203028601e-02
7.236509149273236130e-02
6.311263029153148241e-02
5.739830370992422132e-02
5.743456246641775315e-02
6.008062769658863850e-02
5.724683150028189033e-02
6.253406055892507531e-02
5.864543920382857267e-02
5.759167430301507379e-02
6.069187773702044986e-02
5.993934354123969799e-02
5.843740896632274029e-02
6.239151444286108322e-02
6.709820155675212672e-02
6.898361235236127875e-02
5.912169227997461640e-02
6.495045278531809407e-02
5.777591447035471811e-02
6.035071376090248713e-02
6.057189088625212353e-02
6.808409504592419226e-02
5.852194573730230137e-02
6.540177344034114881e-02
6.438338769289354835e-02
5.852619153137008506e-02
5.866845505932966748e-02
5.951272536690036669e-02
6.673068550104896413e-02
6.041835110634565659e-02
7.282431108256180730e-02
5.839501089726885363e-02
6.513445110991597509e-02
5.784361209720373376e-02
5.944081071764231033e-02
5.875587847704688560e-02
6.141620014483729906e-02
6.251387986044089351e-02
6.174094409992297167e-02
6.364799313247203327e-02
5.839764143029848448e-02
5.898036926363905280e-02
6.112812283138434333e-02
5.963725632677475269e-02
5.935736220329999868e-02
5.975121491899092890e-02
7.710178453785677954e-02
6.585138706179956281e-02
5.840382012228170772e-02
6.185254902889331108e-02
6.256226501738031132e-02
