9.709405526518821716e-02
8.823461458086967468e-02
8.170318156480789462e-02
7.072168365120887201e-02
5.361337400972843170e-02
4.329528920352458676e-02
3.481653146445751190e-02
2.949843704700470109e-02
2.543265223503112654e-02
2.254449203610420227e-02
2.028648629784584115e-02
1.843974869698285918e-02
1.802929248660802702e-02
1.713919742032885690e-02
1.571499574929475715e-02
1.550127314403653214e-02
1.468252809718251228e-02
1.546358568593859603e-02
1.414282117038965191e-02
1.360814571380615165e-02
1.290576783940195968e-02
1.312584290280938148e-02
1.345741692930460011e-02
1.263362225145101513e-02
1.313465181738138199e-02
1.293506138026714360e-02
1.181505434215068817e-02
1.200836040079593728e-02
1.182453106157481740e-02
1.118428250774741207e-02
1.143802055157721112e-02
1.118599930778145859e-02
1.093338481150567601e-02
1.189811546355485847e-02
1.098956805653870071e-02
1.109734270721673965e-02
1.093158894218504429e-02
1.117253624834120204e-02
1.066311262547969818e-02
1.088173580355942215e-02
1.087625408545136486e-02
9.806036343798040997e-03
9.611351136118172905e-03
1.050104480236768723e-02
1.063525653444230556e-02
9.957282897084951054e-03
1.001981608569622005e-02
9.265883639454842308e-03
9.856043569743632576e-03
1.006160671822726657e-02
9.826744906604290009e-03
9.164819400757551540e-03
9.989986754953860890e-03
9.719794942066073071e-03
9.209944587200879357e-03
9.366946807131171920e-03
9.006830863654613495e-03
9.414793457835912704e-03
9.125712886452674519e-03
8.813338493928313602e-03
8.822540240362285874e-03
8.455174043774604797e-03
8.672409225255250931e-03
9.084665449336171150e-03
8.365027885884047248e-03
8.756825141608715404e-03
8.981250738725066879e-03
8.855497417971491120e-03
8.663845155388117183e-03
8.641745569184422840e-03
8.218037150800227425e-03
8.001838158816099861e-03
8.370920689776540149e-03
8.293439587578176758e-03
8.086327509954572418e-03
8.275930606760083935e-03
7.268712902441620653e-03
8.103045215830207565e-03
7.694610115140676672e-03
7.351502543315291405e-03
7.737551024183631290e-03
7.693012524396180933e-03
7.562753185629845012e-03
8.031157776713371277e-03
7.609963836148381407e-03
8.307980513200164188e-03
7.827783282846213081e-03
7.806653412990272392e-03
7.598362257704138409e-03
7.922163279727102020e-03
8.420907240360975959e-03
7.629683101549744259e-03
7.769585726782679905e-03
7.120901625603437771e-03
7.373993983492255211e-03
7.062404463067650622e-03
7.144677359610796322e-03
7.389898016117513353e-03
7.433268707245588303e-03
7.926900871098041534e-03
7.121203141286969532e-03
7.060598628595471209e-03
7.151070609688758503e-03
7.273118197917938406e-03
7.530069490894675081e-03
7.220110576599836523e-03
7.222222513519227505e-03
6.653771107085049326e-03
7.186041725799441164e-03
7.303732726722955530e-03
6.723772268742322922e-03
7.215435290709138264e-03
7.107172277756035328e-03
7.027698494493961161e-03
6.533741462044417511e-03
6.424175808206200600e-03
7.008027471601963217e-03
6.425442779436707844e-03
6.972563685849308968e-03
6.574842659756541079e-03
6.967987562529742544e-03
7.197079737670719971e-03
6.609934056177735676e-03
6.913965451531112194e-03
6.621194933541118925e-03
6.742527964524925102e-03
7.085000770166516651e-03
6.824044743552803993e-03
6.286656297743320292e-03
6.718418584205210556e-03
6.560017284937202757e-03
6.898367055691778313e-03
6.701359292492270470e-03
7.159261917695403273e-03
6.661800388246774847e-03
6.052494794130325144e-03
6.273291120305657213e-03
5.881136516109108925e-03
6.531763263046741833e-03
6.252391403540969242e-03
6.653042160905897617e-03
6.142354034818708723e-03
6.343843345530330961e-03
6.587222451344132423e-03
6.509515526704490358e-03
6.764846830628811966e-03
6.549799884669482881e-03
6.033190409652888775e-03
6.110861455090344299e-03
6.209513684734701937e-03
5.883567640557885517e-03
6.301981327123939818e-03
6.549249216914176767e-03
6.544993747957051147e-03
6.389373051933944399e-03
6.025387020781636065e-03
6.212490843608975410e-03
6.420776084996760065e-03
6.950775696896016771e-03
5.976861412636935884e-03
6.380119873210787600e-03
6.122060003690421581e-03
6.294735847041011204e-03
6.097517814487219204e-03
6.437634723260999073e-03
5.986171704716980284e-03
6.225103745236992836e-03
5.895239859819411885e-03
6.033235136419535030e-03
5.900378548540174614e-03
6.288797664456069643e-03
6.064294022507965565e-03
5.540462536737322460e-03
5.853825435042381460e-03
6.703828414902091200e-03
6.181956711225211273e-03
5.978064192458987063e-03
5.594595521688461477e-03
5.853388318791985165e-03
5.915409279987215649e-03
6.209566514007747520e-03
5.733767710626125509e-03
6.185835134238005031e-03
6.136652221903205265e-03
5.864849966019392187e-03
6.033423985354602163e-03
5.947710713371634483e-03
5.896656657569110394e-03
5.969324475154280316e-03
5.634409748017788280e-03
6.039279536344111313e-03
5.561976740136742418e-03
6.155656953342259104e-03
5.702414037659764463e-03
5.943150445818901235e-03
5.652503622695803469e-03
5.489895376376808037e-03
5.496658943593501698e-03
5.772905750200152050e-03
5.389016494154930462e-03
5.555315804667770689e-03
5.671507213264703751e-03
5.618834914639591997e-03
5.176737229339778770e-03
5.893172579817473888e-03
5.794154945760965347e-03
5.990113876760005777e-03
5.129983834922313864e-03
5.819685105234384363e-03
5.707276216708123510e-03
5.790611612610518932e-03
5.811858619563281363e-03
5.174289899878203522e-03
5.613309890031814228e-03
5.448848032392561783e-03
5.728879710659384727e-03
5.204612785018980330e-03
5.342167988419532949e-03
4.532929882407188762e-03
4.953161953017115940e-03
5.510771111585199659e-03
5.737066362053155552e-03
5.533382506109773766e-03
5.782475974410772150e-03
5.125445593148469751e-03
5.011214152909814964e-03
5.474636564031243324e-03
5.798136303201317961e-03
5.662332265637814652e-03
5.370569322258234371e-03
5.413250671699643482e-03
5.283133662305772478e-03
5.464240652509033333e-03
5.444567929953336542e-03
5.453301616944373001e-03
4.626891342923045158e-03
5.090872175060212612e-03
5.444503272883594036e-03
5.616194824688136925e-03
5.457195243798196663e-03
5.753534613177180290e-03
5.496772960759699692e-03
5.002248683013021946e-03
5.187495588324963700e-03
5.216419207863509308e-03
5.468547157943248575e-03
4.842525557614862572e-03
4.984295624308287924e-03
4.937667003832757646e-03
5.518618156202137470e-03
4.853772209025919090e-03
5.357446544803678816e-03
5.412314250133931463e-03
4.968735110014677221e-03
5.363902472890913313e-03
5.072401789948344404e-03
5.451066372916102583e-03
4.997777356766164476e-03
5.435637617483735258e-03
5.279213329777121891e-03
5.362360505387187004e-03
5.216854647733271469e-03
5.528708198107778679e-03
5.317587591707706625e-03
5.334392609074711973e-03
5.014102370478212660e-03
4.713837453164160078e-03
5.164234503172338182e-03
5.155945848673582250e-03
5.420455732382834305e-03
4.588821087963879108e-03
5.382874351926148111e-03
5.067206104286015034e-03
5.198773951269686569e-03
5.115836509503424168e-03
5.161421350203454148e-03
5.331313516944646662e-03
4.946264019235968416e-03
5.031083663925528700e-03
4.889042163267731493e-03
5.127826100215315472e-03
4.878722014836966991e-03
4.840056528337299824e-03
5.279929423704743212e-03
5.022330768406390797e-03
4.022746160626411265e-03
5.399803142063319336e-03
4.852477228268980980e-03
4.732188780326396400e-03
5.168436933308840145e-03
5.027587735094129692e-03
5.126755242235958923e-03
5.068453284911811699e-03
5.132552888244390661e-03
5.136197688989341606e-03
5.044994526542723179e-03
5.076705897226929838e-03
5.020084348507225860e-03
4.930812609381973396e-03
4.826184455305337559e-03
4.928266792558133429e-03
5.188143556006252419e-03
4.790630494244396860e-03
4.675161140039563006e-03
4.919411847367882729e-03
4.860359732992947449e-03
5.001434474252164364e-03
4.895037214737385511e-03
4.659797018393874342e-03
4.902349389158189470e-03
4.540149762760847807e-03
5.092783877626061266e-03
4.992758715525269161e-03
4.908265080302953720e-03
4.466083948500454426e-03
4.138709488324820648e-03
4.147604620084166353e-03
4.733704915270209486e-03
4.772155964747071440e-03
4.634836199693381439e-03
5.036997073329984968e-03
4.988382174633443529e-03
4.978109733201563358e-03
4.634888935834169041e-03
4.922801768407225956e-03
5.000293767079710787e-03
4.725507181137800390e-03
4.637630865909158837e-03
4.409104096703230988e-03
4.556319536641239773e-03
4.441209475044160908e-03
4.857689957134425640e-03
5.078331637196242983e-03
4.825802310369909157e-03
4.855312267318367611e-03
3.941302804742008101e-03
4.665121738798916513e-03
4.398371814750135292e-03
4.881429322995245630e-03
4.587564640678465713e-03
5.093603115528822119e-03
4.216933972202241421e-03
4.925093939527868878e-03
4.533526091836393053e-03
4.658846394158899437e-03
4.567830613814294685e-03
4.843734670430421829e-03
4.910840955562889749e-03
4.140144796110689640e-03
4.435303155332803726e-03
4.766545747406781067e-03
4.830908169969916691e-03
4.824574454687535763e-03
4.625218338333070278e-03
4.517359752207994114e-03
4.384601069614291018e-03
4.550076369196176355e-03
4.746650299057364637e-03
4.750042385421693152e-03
4.448630940169095646e-03
4.714935109950602402e-03
4.556939168833195990e-03
4.645968088880181313e-03
4.538484849035739899e-03
4.930575564503669912e-03
4.506085580214857882e-03
4.634359246119856487e-03
4.942829324863851244e-03
4.408773942850529801e-03
4.523249948397279133e-03
4.772553523071110422e-03
4.560613166540860783e-03
4.706559656187892134e-03
4.494881303980946367e-03
4.276920598931610931e-03
4.728861479088663708e-03
3.938044118694960898e-03
4.425527085550129761e-03
4.730664682574570526e-03
4.723307956010103052e-03
4.718143353238701473e-03
4.859708691947161804e-03
4.734705877490341316e-03
4.469587747007608240e-03
4.477494070306420673e-03
4.806242580525576895e-03
4.826259659603237759e-03
4.566960188094526182e-03
4.737754585221409798e-03
4.421047749929130077e-03
4.402870498597622091e-03
4.655199986882507628e-03
4.534066934138536280e-03
4.208617727272212505e-03
4.745740676298737526e-03
4.643459431827067982e-03
4.307296941988170147e-03
4.254162358120083635e-03
4.708821233361959284e-03
4.588405997492372816e-03
4.279054608196020473e-03
4.630870092660189022e-03
4.494902840815484350e-03
4.533705092035234321e-03
4.472858482040464531e-03
4.043472954072058548e-03
4.340604331810027014e-03
4.430605960078537291e-03
4.181971214711666454e-03
4.425847972743213350e-03
4.327883908990770925e-03
4.750797245651483709e-03
4.011783772148192276e-03
4.091142560355365276e-03
4.447858803905547012e-03
4.536451236344873732e-03
4.719453444704413241e-03
4.271256877109408726e-03
4.433010867796838110e-03
4.729518061503767620e-03
4.364230157807469541e-03
4.338624444790184845e-03
4.284553602337837566e-03
4.512925096787512129e-03
4.640506976284086531e-03
4.161058901809155594e-03
4.592133592814207424e-03
4.603923670947552074e-03
4.416614794172346939e-03
4.143771692179143082e-03
4.617023444734513586e-03
4.600857943296432148e-03
4.611309897154569452e-03
4.525120137259364128e-03
4.634102643467486078e-03
4.190534050576388662e-03
4.208351578563451420e-03
4.388272436335683216e-03
4.035752429626881903e-03
4.416876798495649944e-03
4.503717459738254374e-03
3.980487748049199408e-03
4.449913557618856257e-03
4.427698743529617960e-03
4.440744919702410524e-03
4.243106325156986366e-03
4.255919530987739390e-03
4.269998706877231771e-03
4.190599964931607420e-03
3.919972502626478499e-03
4.371496522799134601e-03
4.448949010111391544e-03
4.372549476101994514e-03
4.414348141290247093e-03
4.026354220695793455e-03
4.467961937189101826e-03
4.526171088218689138e-03
4.644338763318956245e-03
4.457552824169397701e-03
4.492981312796473677e-03
4.188495781272649418e-03
4.353932687081396580e-03
3.959707554895430630e-03
4.448613151907920837e-03
4.140347614884376873e-03
4.307386209256946694e-03
4.212989192456007177e-03
4.040900478139519345e-03
3.830979287158697844e-03
4.324012098368257458e-03
4.420909844338893717e-03
4.249937739223242153e-03
4.199494863860309471e-03
4.153615888208150517e-03
4.339688201434909950e-03
4.269761010073125015e-03
3.972422040533274412e-03
4.405725211836397474e-03
4.329089121893048113e-03
4.206585348583757877e-03
4.364943644031882113e-03
4.349367995746433908e-03
4.447548394091426979e-03
3.854075446724891663e-03
4.283986636437475681e-03
4.116172599606215780e-03
4.023385513573884791e-03
4.727025981992483139e-03
4.353083623573184187e-03
3.859109058976173227e-03
4.007639316841960127e-03
4.382319469004869635e-03
3.727595391683280641e-03
4.020634130574763168e-03
4.196776007302105253e-03
4.071351117454468857e-03
3.920817025937139641e-03
4.574344889260828322e-03
4.269285174086689776e-03
4.312075139023363417e-03
4.429801786318421537e-03
4.204942961223423481e-03
4.333904106169938694e-03
3.975338675081730236e-03
3.942913725040853024e-03
4.376009362749755729e-03
4.138862318359315569e-03
4.287242016289383173e-03
4.196093860082327973e-03
4.322947165928780859e-03
4.573764186352491726e-03
4.284110409207642425e-03
4.216472047846764500e-03
4.425517888739705433e-03
4.263805085793137203e-03
3.574181627482175654e-03
4.377584601752459829e-03
4.423687304370105440e-03
4.196265898644924337e-03
4.210397950373589993e-03
4.116282402537763292e-03
4.369059531018138105e-03
4.117765300907194788e-03
4.158223653212190021e-03
3.987112082540988922e-03
4.283527098596096212e-03
4.225305304862559189e-03
4.508290207013487816e-03
4.304994433186948473e-03
3.833512077108025551e-03
4.020920419134199446e-03
4.117630561813712467e-03
3.850460844114422885e-03
4.105810332112014641e-03
4.198136227205395872e-03
4.334333399310707872e-03
3.638381487689912319e-03
4.366989317350089723e-03
4.069462721236050302e-03
4.295528982765972614e-03
4.174664104357361967e-03
4.187087947502732450e-03
3.993953380268066775e-03
3.831467055715620344e-03
4.038386163301765919e-03
4.387065221089869391e-03
4.156187013722956354e-03
3.818530344869941300e-03
3.765237831976264628e-03
4.306388623081147844e-03
4.230711399577558388e-03
3.599683218635618513e-03
4.213018203154205929e-03
4.233734239824116577e-03
3.989515174180269068e-03
4.248604667373001922e-03
4.073268966749310493e-03
4.424075828865170479e-03
3.951702872291207660e-03
3.898607310838997451e-03
3.882302809506654653e-03
3.967288788408041347e-03
4.211119469255208622e-03
4.015927249565720385e-03
3.593129152432083910e-03
3.686802438460290519e-03
3.796450397931039507e-03
4.055686993524432182e-03
4.060291394125670195e-03
4.205453093163669109e-03
4.274887102656066591e-03
3.945321706123649901e-03
4.267456126399338245e-03
3.870484034996479663e-03
3.888632566668093031e-03
3.776856325566768733e-03
4.053628840483725244e-03
4.095961642451584513e-03
3.830765793099999601e-03
3.560427948832511815e-03
4.265198623761535038e-03
3.749512135982513428e-03
3.983634221367537802e-03
3.744897828437387770e-03
3.873794223181903362e-03
3.875574306584894744e-03
4.088405007496476347e-03
4.178129765205085104e-03
4.037334152963012110e-03
3.266247850842773741e-03
4.050631169229745518e-03
3.760189760942012245e-03
4.130848101340234280e-03
4.106585797853767698e-03
4.124961281195283110e-03
3.670800675172358665e-03
3.937106882221996958e-03
4.023629915900528084e-03
4.090204136446118355e-03
4.003484803251922304e-03
3.931395476683974266e-03
4.040812887251376932e-03
3.939932491630315607e-03
4.044520354364066969e-03
3.964196518063544880e-03
4.078926215879618948e-03
4.136536759324372162e-03
3.744801436550915068e-03
3.552575141657144005e-03
3.766252426430583000e-03
3.976442618295550346e-03
3.986407583579420870e-03
3.636178281158209021e-03
3.995793475769460375e-03
3.932481189258396972e-03
4.169634869322180401e-03
4.228211496956646789e-03
3.823279216885566538e-03
3.763876995071768674e-03
4.016547265928238283e-03
4.082170384936034853e-03
3.558257943950593472e-03
3.744062781333923166e-03
3.869285574182868004e-03
3.760038875043392181e-03
4.166836058720946659e-03
3.457387932576239022e-03
3.714576200582087213e-03
4.031199496239423752e-03
3.720342565793544141e-03
4.090712242759764368e-03
4.006532579660415302e-03
4.042323818430304874e-03
3.898849873803555792e-03
4.275473463349044149e-03
3.777290415018797094e-03
4.024114948697388519e-03
3.800791339017450809e-03
4.042362701147795070e-03
3.940302040427922856e-03
4.001934337429702629e-03
3.794694854877889330e-03
3.925101738423109402e-03
4.076667176559567278e-03
3.954194230027496468e-03
3.724096738733351057e-03
4.015293554402887821e-03
3.896131285000592297e-03
4.080414189957082272e-03
4.091045935638248920e-03
4.028901085257529865e-03
3.555643022991716862e-03
4.043028317391872059e-03
3.852732258383184845e-03
4.190855147317052061e-03
3.599317872431129391e-03
4.166673333384096449e-03
3.918935102410614837e-03
3.861961117945611303e-03
4.072757635731250395e-03
3.860193910077214154e-03
4.032036755234003067e-03
4.196652467362583031e-03
4.149054049048572605e-03
4.081672523170709610e-03
3.951768530532718052e-03
3.549221716821193522e-03
3.897083480842411431e-03
3.996242233552038496e-03
4.088137205690145839e-03
3.643034142442047596e-03
3.894376126118004235e-03
3.728986263740807945e-03
4.022270068526267658e-03
4.091187473386525761e-03
3.725236223544925451e-03
3.633713955059647473e-03
3.729013120755553332e-03
3.987948130816221411e-03
3.791980177629738959e-03
3.656970662996172992e-03
4.081847518682480205e-03
3.934520087204873909e-03
3.499367833137512294e-03
3.900074330158531492e-03
4.017971083521842610e-03
3.918151557445526297e-03
3.892803878989070567e-03
3.849872644059359941e-03
4.012835328467190266e-03
3.738413844257592981e-03
3.931455279234797109e-03
4.034936497919261629e-03
3.804346243850886648e-03
3.573690308257937431e-03
3.938797046430408955e-03
3.968421008903533047e-03
4.106643795967102224e-03
3.807190246880054387e-03
3.528946812730282632e-03
3.689915011636912996e-03
3.505463991314172571e-03
3.578284522518515587e-03
3.602629306260496551e-03
3.795489948242902582e-03
3.969415673054754734e-03
4.008117306511849165e-03
3.818818507716059598e-03
3.938359068706631314e-03
3.789905982557684183e-03
3.738891147077083414e-03
3.461337671615183267e-03
3.582459955941885623e-03
3.537679777946322983e-03
3.717338154092431242e-03
4.136413708329201092e-03
3.731860965490341360e-03
3.596004541032016364e-03
3.915952448733150786e-03
3.981770528480410402e-03
3.553062060382217082e-03
3.829306329134851521e-03
3.788306994829326955e-03
3.528333571739494974e-03
3.523660893552005464e-03
3.781096474267542189e-03
3.781068953685462475e-03
4.173738881945610046e-03
3.891228651627898390e-03
3.534731967374682253e-03
3.967378567904233759e-03
3.633348387666046619e-03
3.655922389589250001e-03
3.552397934254258698e-03
3.832345595583319664e-03
3.835795889608562079e-03
3.715016879141330719e-03
3.913627145811915745e-03
3.952431888319551771e-03
3.883124724961817091e-03
3.684431978035718116e-03
3.742710989899933512e-03
3.902445058338344184e-03
4.152151010930538351e-03
3.670659405179321679e-03
3.867946867831051523e-03
3.642504999879747542e-03
3.790905466303229332e-03
3.643701539840549057e-03
3.346621687524020498e-03
3.871305310167372053e-03
3.778843057807534846e-03
3.971931524574756622e-03
3.743319865316152659e-03
3.822977305389940739e-03
3.692041733302175999e-03
4.037614632397890264e-03
4.077164502814411944e-03
3.795488667674362486e-03
3.607471392024308530e-03
3.574601293075829831e-03
3.626229928340762680e-03
3.663537569809705192e-03
3.996033128350973476e-03
3.770853579044342214e-03
3.636887320317327889e-03
3.600461990572512150e-03
3.698035725392401218e-03
3.685087757185101596e-03
3.721831063739955252e-03
4.006698145531117916e-03
3.644421324133873073e-03
3.724330361001193437e-03
3.576558874920010653e-03
3.789580170996487227e-03
3.551269648596644402e-03
3.646687965374440128e-03
3.295288840308785612e-03
3.788982704281807119e-03
3.784802090376615351e-03
3.743509761989116669e-03
3.594775870442390615e-03
3.809953574091196060e-03
3.891174797900021076e-03
3.787323145661503250e-03
3.537016466725617821e-03
3.510104515589773568e-03
3.325837373267859221e-03
3.394377930089831179e-03
3.422618913464248354e-03
3.708753245882690040e-03
3.373851336073130456e-03
3.771069785580039111e-03
3.517834912054240790e-03
3.829790465533733541e-03
3.448589378967881116e-03
3.678028564900159923e-03
3.736050485167652455e-03
3.673889953643083399e-03
3.514435188844799822e-03
3.707702714018523780e-03
3.427442465908825571e-03
3.648495860397815791e-03
3.524795477278530771e-03
3.630582010373473167e-03
3.689356287941336545e-03
3.777385083958506671e-03
3.473760618362575769e-03
3.420731937512755567e-03
3.682822699192911560e-03
3.816543379798531532e-03
3.651329921558499250e-03
3.582990157883614475e-03
3.306571696884930307e-03
3.632627008482813662e-03
3.644400450866669416e-03
3.788143757265061314e-03
3.431164158973842773e-03
3.696092416066676552e-03
3.407969174440950242e-03
3.671185881830752069e-03
3.680564463138580322e-03
3.202545829117298039e-03
3.366172744426876220e-03
3.556528023909777576e-03
3.619082248769700614e-03
3.510508197359740821e-03
3.646811586804687977e-03
3.677028208039701072e-03
3.508559404872357932e-03
3.303020994644612161e-03
3.715343633666634646e-03
3.208428749348968441e-03
3.394788608420640404e-03
3.844650043174624270e-03
3.772870148532092658e-03
3.481331747025251389e-03
3.756170417182147416e-03
3.899691137485206214e-03
3.807095973752438849e-03
3.639227512758225289e-03
3.680018568411469546e-03
3.386518068145960483e-03
3.631614439655095339e-03
3.556212980765849178e-03
3.447834670078009454e-03
3.680195054039359179e-03
3.650279599241912365e-03
3.442369145341217605e-03
3.739591338671743870e-03
3.480796772055328066e-03
3.251362219452858058e-03
3.666656604036688631e-03
3.856768179684877222e-03
3.530893661081791098e-03
3.488922724500298500e-03
3.272888483479619026e-03
3.776801296044141228e-03
3.634269803296774452e-03
3.760622930712997913e-03
3.645189246162772092e-03
3.656402765773236925e-03
3.724896011408418590e-03
3.685343801043927583e-03
3.914633858948945652e-03
3.237416653428226796e-03
3.661599243059754372e-03
3.825905814301222476e-03
3.551395831163972443e-03
3.778707003220915794e-03
3.687431104481220245e-03
3.547553811222314748e-03
3.750492073595524008e-03
3.857898653950542385e-03
3.735307056922465650e-03
3.723527025431394750e-03
3.479000809602439230e-03
3.716487355995923367e-03
3.616199968382716092e-03
3.531109611503780062e-03
3.646195540204644116e-03
3.603863914031535474e-03
3.665281215216964310e-03
3.378643537871539593e-03
3.532361960969865235e-03
3.767625673208385879e-03
3.721668431535363024e-03
3.624414186924696055e-03
3.541197814047336752e-03
3.702803468331694776e-03
3.442594932857900945e-03
3.303526632953435096e-03
