2.316775170820100094e-01
1.098269374242850649e-01
7.149616511804716967e-02
5.376002612922872737e-02
4.176507773143904589e-02
3.540428201002734226e-02
2.911692344184432790e-02
2.552967034280300210e-02
2.319131807557174227e-02
2.145633394164698365e-02
1.862615527851240946e-02
1.812200245580503077e-02
1.660163559551749990e-02
1.631590379402041505e-02
1.561464755130665717e-02
1.414835705821003257e-02
1.385392490774393047e-02
1.370477829394596038e-02
1.330528167475547065e-02
1.263931252594505117e-02
1.256718680794749986e-02
1.208346714930874991e-02
1.151117421686649253e-02
1.158400119415351273e-02
1.120560983461993051e-02
1.154141738744718718e-02
1.096597554694329034e-02
1.061299241014889393e-02
1.062980401994926584e-02
1.035854757896491514e-02
1.074004593704427912e-02
1.030988667958549106e-02
9.847689247024910691e-03
9.914355498871632935e-03
9.563046068485294218e-03
9.304238736097302301e-03
9.548121717359338290e-03
9.340262878686189998e-03
9.054912560220276449e-03
9.019261239362613702e-03
9.169394443077700380e-03
9.071333307240690355e-03
8.805411694837467912e-03
8.654787817171641709e-03
8.864809798875024696e-03
8.500300893293960200e-03
8.253645471164158462e-03
8.535331261477300049e-03
8.333430213055440655e-03
8.092076397900070661e-03
8.377668700580086572e-03
8.024767174252442695e-03
7.721602284748639751e-03
8.096123912504740380e-03
7.925594551488756787e-03
7.755601106743727560e-03
7.981328879083905703e-03
7.896933172430311426e-03
7.569327577948569905e-03
7.448808130409036339e-03
7.518773565867117349e-03
7.365453429520130504e-03
7.696475800392883412e-03
7.636087554107819260e-03
7.312665427369731061e-03
7.312567778197782108e-03
7.197919541171618474e-03
7.181045652500221005e-03
6.812159504209246326e-03
7.076905940526297990e-03
7.159798505849072035e-03
6.959886310089911411e-03
6.764305988326668739e-03
6.876161880791186939e-03
6.729496223852038210e-03
6.971067735659224572e-03
6.650907313451170574e-03
6.626318687839167533e-03
6.897502272788967430e-03
6.892896769568323916e-03
6.806920541982565756e-03
6.803525638367448683e-03
6.498015133131827825e-03
6.310762644612363630e-03
6.009875916476760394e-03
6.499777188790695735e-03
6.388468787606273180e-03
6.423261009954980838e-03
6.579501647502183567e-03
6.203347457838909694e-03
6.208586958902222695e-03
6.372644359778080816e-03
6.210087825145040388e-03
6.117157505026885565e-03
6.164184219336935402e-03
6.478934515533702962e-03
6.218999743993793017e-03
5.998951203322836628e-03
6.083169147106153897e-03
5.788758230794753719e-03
6.168233510106801813e-03
5.997511019398059189e-03
6.056790107062884863e-03
6.058040919846722008e-03
6.155234329136354335e-03
5.901894798236233600e-03
5.765199268768940628e-03
5.838933101456079793e-03
5.827235956011074178e-03
5.786517721467784522e-03
5.826386423515421756e-03
5.745102338758962916e-03
5.797725576641304251e-03
5.797840994117515155e-03
5.854311698515500713e-03
5.708460429949420087e-03
5.862057248928717428e-03
5.850823489683015279e-03
5.748766441164272420e-03
5.612656593854938036e-03
5.568938130246741183e-03
5.671272014400788493e-03
5.514304173578108738e-03
5.583556448774677945e-03
5.535395456744091579e-03
5.547615599685481493e-03
5.222872072564704177e-03
5.542516508804900058e-03
5.209897624860917141e-03
5.493598431348801006e-03
5.355638139215963649e-03
5.587168483595763256e-03
5.370921255754572757e-03
5.350550077855587353e-03
5.368412339261600073e-03
5.420562917632715770e-03
5.373673087784222417e-03
5.229912977665662592e-03
5.242226339344467460e-03
5.231513242636408496e-03
5.473519855045846233e-03
5.357908670391355044e-03
5.031184512855751099e-03
5.161936088864292442e-03
5.241472593375614761e-03
5.125941874991569829e-03
5.214106211704867648e-03
5.137064880026238727e-03
5.136816802301577382e-03
5.338808900809713723e-03
5.229240349893059421e-03
5.196949141100049366e-03
5.176911429901208568e-03
5.114227999001741409e-03
4.989166930317878897e-03
5.026275684524859726e-03
4.948885153446878557e-03
5.008579464629292488e-03
4.879004042595625097e-03
5.058390494169933554e-03
5.093059130012988697e-03
5.034165024491292842e-03
4.916681688545005736e-03
4.800524815384830425e-03
5.000622437468596644e-03
4.973324581182428893e-03
4.959337360092571506e-03
4.926207508625728496e-03
4.847213945218495010e-03
4.960907556648764920e-03
4.888835649139115086e-03
4.716725733929446468e-03
5.018042726442217480e-03
4.913503117859363382e-03
4.898571941469397235e-03
4.841276298144034027e-03
4.690405127725430848e-03
4.846181015350989330e-03
4.832594529060380527e-03
4.840104188770055597e-03
4.708595307809966199e-03
4.898144863545894623e-03
4.782688384875655001e-03
5.016938763271485378e-03
4.749073274433612477e-03
4.663777570905429729e-03
4.578386779342379087e-03
4.673400740804416371e-03
4.815708919029150666e-03
4.637400938996246932e-03
4.674349306151270519e-03
4.672438099182077594e-03
4.563656309619546284e-03
4.628951421805790889e-03
4.599651900519217962e-03
4.645414151517408483e-03
4.626936585243259133e-03
4.722748197881238875e-03
4.564229891236339445e-03
4.561261154179062360e-03
4.657834375809345902e-03
4.604564287832804692e-03
4.583477242184537045e-03
4.554164516074317264e-03
4.597214157027857372e-03
4.521002174754228109e-03
4.598255834675261076e-03
4.534948158210941327e-03
4.583654353129012517e-03
4.564801776515585614e-03
4.607286357453891507e-03
4.582421647916947241e-03
4.435439141733305869e-03
4.464264386998755864e-03
4.539123802844967533e-03
4.510060864101563503e-03
4.623633589861648498e-03
4.501855952133025120e-03
4.600543522142938602e-03
4.433071267391954298e-03
4.404093265267355374e-03
4.311196499371103275e-03
4.319678912205355929e-03
4.592960640521986243e-03
4.283374967053532253e-03
4.330533064369644289e-03
4.410978958808950065e-03
4.277049171339188278e-03
4.284752858802675854e-03
4.355714190751314163e-03
4.383878409862517964e-03
4.462226959211485974e-03
4.434792131983808332e-03
4.359185369685292591e-03
4.398950528619545268e-03
4.177605234352605931e-03
4.461210680061153400e-03
4.223433915259582928e-03
4.341168395642723728e-03
4.272152243980339818e-03
4.332699486985802997e-03
4.372666303866675624e-03
4.341060728100793950e-03
4.287069749885371803e-03
4.180086244429860425e-03
4.364293600831713367e-03
4.198348003306559204e-03
4.142914253420063725e-03
4.301590725247349256e-03
4.311807387109313321e-03
4.018075358388679269e-03
4.304249365148799661e-03
4.214672697708010327e-03
4.354251096291201530e-03
4.190387250855564898e-03
4.320983402431010853e-03
4.209407984412142159e-03
4.151246896279710101e-03
4.039199281084750355e-03
4.046430911070534285e-03
4.140478093177080154e-03
4.127060076487915931e-03
4.139197544593895862e-03
4.113685589150658552e-03
4.086484234513980754e-03
4.083561567988778715e-03
4.187671427748032756e-03
4.192690518019455241e-03
4.169459181970783419e-03
4.182582109102181075e-03
4.172512928822210733e-03
4.010155254841915422e-03
4.187236885939325803e-03
4.200830463586108753e-03
4.111888825095125211e-03
4.034324023606521842e-03
4.170159782682146196e-03
4.076278881568994039e-03
4.242970368691853511e-03
4.017830480422292239e-03
4.001279870447303592e-03
4.028714664413460961e-03
4.069368498000715609e-03
3.927333549862461852e-03
4.117010427372795947e-03
3.908891463652253151e-03
4.082735278643667698e-03
4.082850875732089990e-03
4.020045824082833959e-03
4.052439761081976649e-03
4.045284396436597645e-03
3.870795364491641521e-03
3.858736523294022894e-03
4.035627532617321739e-03
3.910123506960059593e-03
3.892469485955579126e-03
3.983331541530787771e-03
3.929450732123638754e-03
3.957656894012221392e-03
3.951373373690460732e-03
4.036202025599777525e-03
3.893630911729165610e-03
3.940581793098577555e-03
3.932809144524591731e-03
3.975841150219950985e-03
4.115740000270306891e-03
4.024019108952156532e-03
3.826161048242023889e-03
3.885255734037075699e-03
3.914233762770891190e-03
3.942198369518986646e-03
3.892955004370638426e-03
3.918729320035448799e-03
3.851776127703487873e-03
4.031671337517244748e-03
3.879840588862342420e-03
3.911491137530122286e-03
3.872073671248342248e-03
3.852267656475305471e-03
3.772195445240608160e-03
3.759555708217833699e-03
3.872401586600712157e-03
3.906979727824884223e-03
3.732558193483523010e-03
3.835046547465026379e-03
3.893464042006858621e-03
3.776335832662880507e-03
3.692499185646219012e-03
3.877336432092955924e-03
3.881207214934485374e-03
3.662771149538457567e-03
3.953010399293686514e-03
3.885629051364958113e-03
3.836549203177647745e-03
3.776289805370782165e-03
3.804352344013750640e-03
3.788186752769563941e-03
3.817786369472741994e-03
3.643116976932755675e-03
3.836404671892523679e-03
3.715254366397857666e-03
3.836872265674173919e-03
3.689658934516566301e-03
3.765499764787299305e-03
3.868836370695914566e-03
3.884462972304650839e-03
3.906268124202532006e-03
3.767960784690720707e-03
3.765499585175088350e-03
3.792844090743788862e-03
3.806324436196259053e-03
3.683060687035322016e-03
3.821933512309832158e-03
3.702028687777263963e-03
3.672848458934042937e-03
3.522684707838509913e-03
3.704585597318198198e-03
3.640055676390017893e-03
3.715940169058740139e-03
3.735656284594109956e-03
3.692895087546535851e-03
3.728417559925999158e-03
3.655029607138463379e-03
3.732610833165901209e-03
3.667289983215076422e-03
3.713679493271878750e-03
3.608395744647298602e-03
3.677367249370685522e-03
3.564035782723554494e-03
3.670718434399792077e-03
3.811761903177414684e-03
3.746039842787598009e-03
3.709925541521183132e-03
3.730238262297851711e-03
3.623773686454764397e-03
3.740539365181965586e-03
3.674712590873241511e-03
3.602197899350097991e-03
3.642221071225191717e-03
3.518529419255043717e-03
3.610115990574870939e-03
3.477965727714555678e-03
3.627576033717819746e-03
3.608121982376490209e-03
3.641268867067992514e-03
3.748454862008137201e-03
3.520174244684832338e-03
3.639216558076441201e-03
3.612864190446478819e-03
3.607981555562998505e-03
3.627137823163398885e-03
3.484792654801692480e-03
3.712449172910835000e-03
3.526834997215441258e-03
3.415825168069984083e-03
3.563491793881569652e-03
3.550611928637538786e-03
3.623481257818639278e-03
3.615512768737971696e-03
3.703299869916268968e-03
3.506910914023007690e-03
3.516365561102117922e-03
3.692436883492129177e-03
3.412744120162512426e-03
3.576219617389142687e-03
3.658877153481756000e-03
3.471520207157092336e-03
3.584838848161910410e-03
3.667956208144979979e-03
3.535717928649059413e-03
3.437356590958578432e-03
3.568528592586517247e-03
3.528751569267894652e-03
3.696495823429098940e-03
3.599502079721008090e-03
3.438322758302092726e-03
3.485056352136390624e-03
3.487771882542541838e-03
3.538515179284981282e-03
3.427791023360831409e-03
3.560141607054642405e-03
3.463106386230460024e-03
3.514313185587525194e-03
3.584863757714629087e-03
3.557356134323137048e-03
3.553357909965727812e-03
3.469884571885423902e-03
3.508972802332469519e-03
3.518402356920497832e-03
3.499170715388442727e-03
3.414969868026673881e-03
3.250419684419674632e-03
3.561787985797439191e-03
3.355973120778799230e-03
3.494541420202170248e-03
3.537296384040798398e-03
3.604301437735557730e-03
3.555822432307260451e-03
3.515693132898637264e-03
3.473739768378436392e-03
3.326252046307282689e-03
3.497200891641634012e-03
3.586347204899149443e-03
3.363744991033204828e-03
3.553865607162671504e-03
3.385878956344510679e-03
3.490821408507014962e-03
3.491157093750578855e-03
3.396991011686623270e-03
3.402006745870624332e-03
3.458190466543393637e-03
3.476038405538669791e-03
3.445409737261278475e-03
3.510785764748496508e-03
3.462775454058179044e-03
3.339555753128869292e-03
3.468227679175990130e-03
3.395892739562051538e-03
3.430410607584885238e-03
3.421067090571991171e-03
3.382392061342086049e-03
3.417414676264992918e-03
3.419837731468890456e-03
3.498122884359742765e-03
3.524961458918239414e-03
3.421745266366217619e-03
3.463167251486863520e-03
3.440209647773632105e-03
3.366840411243694330e-03
3.305829542555979456e-03
3.529350216766553167e-03
3.348917640479547736e-03
3.420995864351945078e-03
3.366173946830842978e-03
3.481778256329042670e-03
3.371002145909837277e-03
3.403631504625082016e-03
3.327164453055177218e-03
3.468515757205230948e-03
3.386332956142723734e-03
3.352261125110089866e-03
3.429342842926936304e-03
3.331853449344634923e-03
3.277199389412998980e-03
3.438170620107225059e-03
3.383119367728275751e-03
3.399510006420314485e-03
3.315563420099871660e-03
3.367261997690158219e-03
3.446190661218549549e-03
3.328206287031727165e-03
3.345973985934896141e-03
3.348143634918544862e-03
3.425018283139381892e-03
3.384661950570131903e-03
3.344641253352165396e-03
3.276092998151268216e-03
3.265491467235343871e-03
3.275048546493053523e-03
3.381319393936012534e-03
3.233132118891392497e-03
3.350855812563427807e-03
3.333659529952066273e-03
3.325019993021019818e-03
3.271462728402444418e-03
3.387414846968438142e-03
3.274917309837682006e-03
3.290902503899165513e-03
3.374045824499002488e-03
3.246841935573944148e-03
3.376677296390490947e-03
3.298311314678617750e-03
3.366751127344157213e-03
3.329035739547439934e-03
3.354620158539286731e-03
3.345824921104524965e-03
3.302457246796361087e-03
3.244746253559631800e-03
3.248831689623849547e-03
3.290283603460660965e-03
3.263331407548061228e-03
3.367416989723486572e-03
3.418047336994537323e-03
3.306086664088070306e-03
3.255952156281897037e-03
3.349765712794448673e-03
3.311175387352705002e-03
3.355092528675283729e-03
3.314395694594298239e-03
3.278820918473814364e-03
3.325031408374862999e-03
3.362819399418575435e-03
3.216987173072993582e-03
3.409345308318734082e-03
3.305272874422371474e-03
3.250351328668849796e-03
3.226271727388458667e-03
3.342018619046679354e-03
3.255193607349481013e-03
3.279560411881123332e-03
3.285987335922462785e-03
3.295288803721113050e-03
3.301816430341984656e-03
3.303223815081374887e-03
3.319914755411446268e-03
3.091410035267472267e-03
3.294425986574164508e-03
3.262738870190722701e-03
3.114864532835781748e-03
3.305444197862275873e-03
3.306732479748981154e-03
3.238640492781996727e-03
3.246476418072623705e-03
3.207223662840468642e-03
3.167039412073790854e-03
3.292189767983342771e-03
3.196532485474433416e-03
3.189111061926399020e-03
3.219476152610565873e-03
3.243784832635096278e-03
3.202400815540126528e-03
3.114969855440514416e-03
3.176951681130698625e-03
3.372474008106759492e-03
3.266923884595079181e-03
3.247087322441594755e-03
3.282581016953502531e-03
3.123407215545220047e-03
3.152005600609949620e-03
3.214371946108128195e-03
3.169460508174129759e-03
3.179141170611338770e-03
3.241598715872636826e-03
3.334609405802828937e-03
2.986979670822620392e-03
3.256992573317672637e-03
3.120991906949451781e-03
3.298887337691017423e-03
3.034578173953507430e-03
3.230080208075897848e-03
3.137686848640441981e-03
3.256864503159054725e-03
3.242256778425404214e-03
3.212801769508847206e-03
3.199283206569297072e-03
3.293064309816275126e-03
3.315576738012688488e-03
3.264693084305950611e-03
3.201967264924730598e-03
3.242101852915116843e-03
3.125081660359033554e-03
3.105002368933388116e-03
3.047841188630887304e-03
3.196929897447781718e-03
3.189999487117997200e-03
3.179554395111543977e-03
3.235859819687902841e-03
3.197920013086072086e-03
3.173435632405536416e-03
3.119511084098901179e-03
3.148700789149318311e-03
3.175245933899921956e-03
3.089953732809850011e-03
3.088110532345516440e-03
3.062992236976112836e-03
3.216155169398657050e-03
3.189166462314980358e-03
3.096554075766887182e-03
3.130617937339203686e-03
3.130018900680754841e-03
3.112148669814424756e-03
3.221480558360261762e-03
3.087033231609634127e-03
3.063169164982225065e-03
3.158456433032240298e-03
3.180006595461496496e-03
2.990298851260117258e-03
3.179005207493901339e-03
3.278076309444648718e-03
3.134282196073659866e-03
3.119778230653277428e-03
3.140719038700418887e-03
3.165314522837953722e-03
3.056236273343009621e-03
3.152599169074424886e-03
3.090659482404589740e-03
2.958656987175345421e-03
3.168134471135479989e-03
3.182031353935599240e-03
2.913895811486457137e-03
3.071104469043867830e-03
3.069278744182416582e-03
3.188661043532192794e-03
3.175401438160666608e-03
3.031086961605719207e-03
3.072822083985166704e-03
3.064564452506601724e-03
3.091037522868386213e-03
3.112359564485294317e-03
3.178986048858080740e-03
3.105761054238038391e-03
3.208513411560228682e-03
3.086889116093516523e-03
3.081060586763279940e-03
3.069319243409804072e-03
3.142875349814338356e-03
3.078584738874009814e-03
3.062922001949378633e-03
3.016693085165960634e-03
3.097950460921440694e-03
3.081142972223460848e-03
3.027906328705804676e-03
3.082498246138649315e-03
2.942255538489137352e-03
3.099793368684394205e-03
3.050064841019255873e-03
3.019396741209285501e-03
3.068035924141960646e-03
3.108595158638698553e-03
3.007442490862948740e-03
2.900833327190152373e-03
3.035677886301917788e-03
3.155801458550351081e-03
2.991962868587246752e-03
2.997074931460831822e-03
3.154924315666513684e-03
3.211233671754598531e-03
3.143996702107999808e-03
3.072376296456371097e-03
3.016886371187865908e-03
3.087141936911003918e-03
3.096005207459841604e-03
3.097704299060361714e-03
3.027966638494815170e-03
2.938577985124928623e-03
3.069768506767494350e-03
3.128615447453090160e-03
3.044550060959798875e-03
3.020580272589411253e-03
3.061378990033907736e-03
2.996630201648388652e-03
3.009882891949798491e-03
2.973898962539221497e-03
3.029970628475504163e-03
3.033910625215087507e-03
3.047243662045470355e-03
2.948951707886798227e-03
3.120936832523771645e-03
3.101150711466158991e-03
3.014840807632675982e-03
3.031019098125398246e-03
2.993177363116826181e-03
3.053482036505426878e-03
2.949551589387868281e-03
3.076116298325359908e-03
2.969613162401531312e-03
2.964791302968348800e-03
3.024461190216243354e-03
3.037603272657309322e-03
3.081204466122601602e-03
3.047826091226722364e-03
3.074975182036204010e-03
3.072955249808728868e-03
3.065677875253771095e-03
2.949220517517200327e-03
3.057598502242139284e-03
2.965411972919745030e-03
3.034558536351791239e-03
3.006490542819457469e-03
2.987976571811096996e-03
3.096316252569002603e-03
3.136285776937646538e-03
3.088347670356077906e-03
2.877727197483181780e-03
2.971650892868638125e-03
3.019264054351619361e-03
2.971564891881176441e-03
2.994936026100601407e-03
2.971365718570138838e-03
2.988478641158768146e-03
3.021392997886453505e-03
3.023348791923906147e-03
3.023469431458839559e-03
2.944847379278923809e-03
3.001983786400939762e-03
2.927962850247110664e-03
2.892476436682045286e-03
2.907089004293083971e-03
3.054053965024650184e-03
3.081856481730938131e-03
2.958124982459204612e-03
3.010851670322673822e-03
2.990588512537734663e-03
2.987031182939452884e-03
2.917911810800433332e-03
2.882165624760091218e-03
3.000796589601252822e-03
2.908434146749121641e-03
2.941359246947935786e-03
2.872870689524071545e-03
2.913315477780997580e-03
2.932522302892591123e-03
2.942549969468797808e-03
2.927355325248624449e-03
2.942242662954543120e-03
2.904002245382538653e-03
2.983860588366432035e-03
2.998682986279683268e-03
2.940402735423828986e-03
2.993195334316364233e-03
2.950313966721296310e-03
2.930107280345899644e-03
2.926134880233023997e-03
2.902873482422104693e-03
2.845887567049690692e-03
2.855284512042999181e-03
2.917312295176088897e-03
2.903594665362366559e-03
2.928624797745474611e-03
3.002622490748763171e-03
3.055354111295725816e-03
2.912099636159837072e-03
2.942346202741776256e-03
2.984280368712331679e-03
2.965700293758085932e-03
3.065874008461832913e-03
2.939972863532602960e-03
2.825992933607527052e-03
2.962262516043015839e-03
2.938002520906073806e-03
2.918645742881510741e-03
3.035303797306758856e-03
2.956573256025356831e-03
2.935911705052213910e-03
2.962224634497293528e-03
2.923662667827946638e-03
2.866920536117894235e-03
2.947988467557089744e-03
2.854328093651149929e-03
2.936822501942515286e-03
2.919197425113192589e-03
3.007844502904585566e-03
2.905187892195369714e-03
2.976934059656092223e-03
3.029810993133911015e-03
2.920128185568111358e-03
2.961169951595365914e-03
2.915321207339210269e-03
2.993627657581652765e-03
2.925842305246208197e-03
2.938279842159577989e-03
2.956836727181715464e-03
2.902120657797370613e-03
2.914104298023240894e-03
2.891921531409025279e-03
2.915133958283279425e-03
2.835326618514954957e-03
2.924094562019620425e-03
2.988567964972129679e-03
2.903967776468821885e-03
2.875630840260003183e-03
2.929538218969745308e-03
2.867784903251699088e-03
2.943517447316220618e-03
3.013995984968330204e-03
2.847307571209967223e-03
2.873988250004393553e-03
2.791038551367819483e-03
2.754680695943534374e-03
3.003829258627125319e-03
2.979948025728974999e-03
2.952429795238588426e-03
3.019457420201173900e-03
2.917503439156072294e-03
2.959707795110132038e-03
2.837299043312668714e-03
3.004149131343833174e-03
2.998376168709780600e-03
2.793533983640372666e-03
2.820601836512131536e-03
2.793698847692992031e-03
2.855879324488341982e-03
2.960071210483355020e-03
2.870994899421930140e-03
2.852646208235195494e-03
2.866525402558701193e-03
2.851927277099873190e-03
2.934631246275135313e-03
2.870234707370400255e-03
2.881308951015983371e-03
2.971416841527181000e-03
2.881333138793706807e-03
2.944797832917954092e-03
2.826872630976140499e-03
2.903226949274540121e-03
2.855913025060934519e-03
2.964201007437492971e-03
2.810495000864778395e-03
2.965311037509569224e-03
2.790897223167121584e-03
2.873394328967800952e-03
2.838003788409488703e-03
2.908747583361608741e-03
2.928071086561041293e-03
2.940410096198320215e-03
2.835932054689952429e-03
2.796962418194328184e-03
2.767303293304784143e-03
2.869512007704802786e-03
2.928335731849074190e-03
2.911976448792432184e-03
2.891891762348157858e-03
2.860556951990085063e-03
2.898133170258786022e-03
2.932635471890015187e-03
2.873750164040497334e-03
2.908174999590430743e-03
2.891459026640015150e-03
2.845616013343845157e-03
2.859563616636608390e-03
2.827007842383214269e-03
2.828630914778581824e-03
2.827215563905026083e-03
2.814259446625198575e-03
2.830424628752682952e-03
2.759825085688914770e-03
2.910589017639202917e-03
2.789634356408247137e-03
2.684473741932639178e-03
2.882048840235386378e-03
2.881176234222948378e-03
2.777644682542553846e-03
2.817008315053369429e-03
2.718855014869145034e-03
2.820386561299008821e-03
2.846061867395682180e-03
2.883630575213048941e-03
2.779929652544004502e-03
2.909278347423033869e-03
2.914330812304147689e-03
2.786287199705839244e-03
2.896509100017802870e-03
2.806028623932174063e-03
2.904423871742827391e-03
2.807274979672261511e-03
2.836410252244344916e-03
2.800924048226858913e-03
2.741891983896493998e-03
2.724777258533452300e-03
2.859181734467191194e-03
2.863808571627097458e-03
2.917696020033742899e-03
