2.132624217122793264e-01
1.022458727657794969e-01
9.236328743398189434e-02
7.588866598904132899e-02
8.193900778889656733e-02
7.677242651581764332e-02
6.592781871557235052e-02
7.042149856686591436e-02
6.748251333832740173e-02
6.941090710461139679e-02
6.618244618177414329e-02
7.091671094298362954e-02
7.257532291114329737e-02
6.750216633081436435e-02
6.428666505962610245e-02
7.158994100987911557e-02
7.015294760465622115e-02
6.476711288094520735e-02
6.568945121020078326e-02
6.799859546124935317e-02
6.268674425780773607e-02
6.377930898219347222e-02
5.596083506941795099e-02
6.876979365944863032e-02
6.502946294844150210e-02
6.245080027729273120e-02
7.165626615285873580e-02
6.268122848123311441e-02
5.453036580234765784e-02
6.345965094864368383e-02
5.597701791673898725e-02
7.400371439754963032e-02
6.495205350220203955e-02
7.642224192619323508e-02
6.953492447733879145e-02
6.203689783811569547e-02
6.079721249639988279e-02
6.640994764864444067e-02
5.939328841865063047e-02
6.387800566852092077e-02
6.470594536513089856e-02
6.052199572324752641e-02
6.547918476164341084e-02
6.516216456890105979e-02
6.202624518424272593e-02
6.280669607222080786e-02
6.301254380494356044e-02
6.057483807206153620e-02
6.417212191969155766e-02
6.305297318845987098e-02
6.338282637298106592e-02
6.082886286079883242e-02
5.996635712683200808e-02
6.094409707933664405e-02
5.267337899655103600e-02
5.928539965301751757e-02
8.148616060614585765e-02
6.117953799664974102e-02
6.280123844742774297e-02
5.904156945645808868e-02
6.544959481805562307e-02
6.016007848083972792e-02
5.565070699900388773e-02
4.845012366771697665e-02
6.166403580456972233e-02
6.399960383772849981e-02
6.021800763905048315e-02
6.834375321865081288e-02
6.221311349421739662e-02
7.052377738058566992e-02
6.240162834525108532e-02
6.462872397154569015e-02
6.208105593919754223e-02
6.005857821553945569e-02
6.570718094706534673e-02
6.167809251695871575e-02
5.991851206868886726e-02
6.133105572313070353e-02
6.233953613787889675e-02
5.582825437188148471e-02
6.618374772369861603e-02
6.658158630132675337e-02
5.575976844877004318e-02
6.477377854287624803e-02
5.023297123610973025e-02
7.337982811033726127e-02
5.449840001761913078e-02
7.110512882471084484e-02
5.922907091677188929e-02
6.002084221690893312e-02
6.094590939581394362e-02
6.312285650521516633e-02
6.066502828150987375e-02
5.681362088769674468e-02
6.350601326674222558e-02
5.622158266603946575e-02
6.812027145177125542e-02
6.195857059210539003e-02
6.203785575926303725e-02
5.675065524876117540e-02
