3.384190102338791029e+00
2.151269012033939276e+00
1.459945626914501249e+00
1.246884891420602770e+00
1.450353531688451714e+00
1.042682021543383630e+00
6.319066523164510452e-01
3.912923994734883171e-01
3.907142764106392718e-01
3.823494296893477640e-01
2.672361802123486840e-01
3.732868633270263747e-01
2.226313180923461810e-01
1.814090047031640951e-01
1.535157141909003209e-01
1.317075962387025401e-01
1.337643581144511706e-01
1.887002024799585287e-01
1.310141773093491668e-01
9.522590015083551296e-02
1.086430097855627525e-01
1.179726826529949868e-01
1.009020367190241879e-01
9.594225551560521537e-02
9.155880971252917944e-02
1.276737099438905731e-01
1.005567539818584960e-01
1.134287873376160910e-01
1.282640676982700900e-01
1.248573950137943089e-01
1.042533811293542417e-01
8.015572999045253444e-02
1.111198203936219209e-01
9.568309016525745891e-02
8.508435539528727554e-02
1.102908462285995539e-01
8.762191273830831351e-02
7.667846912331878484e-02
7.778119837120175961e-02
7.431920315511524044e-02
7.545600832067429764e-02
8.602917564101517089e-02
9.216733382269740038e-02
8.542167745158076031e-02
7.744060568325221439e-02
7.547234074585139341e-02
8.274712536856532186e-02
7.738944271206855963e-02
7.340371190942823754e-02
8.276603554375469574e-02
7.206338068097829785e-02
7.455638032499700696e-02
8.612099170684814342e-02
7.796752505376934594e-02
7.994764872081577822e-02
1.164748431257903588e-01
8.239033016562462286e-02
7.723260437510907905e-02
7.677600865438580224e-02
8.461326691135763467e-02
7.257879706844687362e-02
8.068976505473256233e-02
7.769163576513528346e-02
8.974267363641411088e-02
7.897242330200969496e-02
7.868882716074586392e-02
8.120656267646700344e-02
7.281746558099985722e-02
7.462798308767377986e-02
9.982903584651649231e-02
8.085688915662467280e-02
7.558859610185027222e-02
7.163388876989483511e-02
8.058802586235105925e-02
7.199466270767151954e-02
7.057967274263500512e-02
7.461580661125481739e-02
7.288789183087647505e-02
7.037730060145258593e-02
7.615971130132674627e-02
8.300509069673717155e-02
7.438919288106263239e-02
7.585667581856250785e-02
7.365623828396200556e-02
1.029715206492692187e-01
8.011646513082086585e-02
9.917675167135894809e-02
7.526712979562580341e-02
7.165481771156191615e-02
7.997800605371593874e-02
7.933863998576998200e-02
7.375222795084118710e-02
7.302563926018774965e-02
7.871096586156636765e-02
7.439500414766371528e-02
7.797143684700130750e-02
8.019186571799218066e-02
7.542716022673993936e-02
7.221889141388238009e-02
8.471802428551018782e-02
