3.124395480155945037e+00
2.463298654556274503e+00
2.056166228055953837e+00
1.886030903458595365e+00
1.603998678922653243e+00
1.443930690288543595e+00
1.715527415275573730e+00
1.371083559989929146e+00
1.361246327757835495e+00
1.332252070903778174e+00
1.391455851197242799e+00
1.321270052194595257e+00
1.296724428534507645e+00
1.398128051161765972e+00
1.281452471017837436e+00
1.493769647479057383e+00
1.267115434408187857e+00
1.292577750086784327e+00
1.296393842697143528e+00
1.441194663047790536e+00
1.239071432948112506e+00
1.255722920298576462e+00
1.268301519155502266e+00
1.319771779179573112e+00
1.235774948596954248e+00
1.216765832304954609e+00
1.272904037833213708e+00
1.245171436071395910e+00
1.207382071614265362e+00
1.202641423940658649e+00
1.204823965430259713e+00
1.211008810997009189e+00
1.278012550473213160e+00
1.579567550420761135e+00
1.189190779924392594e+00
1.225658081471920013e+00
1.183108028173446735e+00
1.241111851930618348e+00
1.179086105823516917e+00
1.189271535873413166e+00
1.234965804219245955e+00
1.179508857131004396e+00
1.230501099228858974e+00
1.322319103479385305e+00
1.172814571261405980e+00
1.180445482730865470e+00
1.175012536644935546e+00
1.196016232967376691e+00
1.172201961278915405e+00
1.168196509480476486e+00
1.272284714579582143e+00
1.161838036775588945e+00
1.163625994324684054e+00
1.209387147426605136e+00
1.275466920137405369e+00
1.228965083956718551e+00
1.173625118136405909e+00
1.159045350551605180e+00
1.158466612696647635e+00
1.154119344949722237e+00
1.203431910872459376e+00
1.253034657835960353e+00
1.202944666743278601e+00
1.142187305688858068e+00
1.139084165096282852e+00
1.159687190353870356e+00
1.136603955030441204e+00
1.156851068139076233e+00
1.172026568055152929e+00
1.234191519021987871e+00
1.144287921190261903e+00
1.164050554931163717e+00
1.140591234564781287e+00
1.205435292124748203e+00
1.164930877089500383e+00
1.261860105991363445e+00
1.326535983681678799e+00
1.175024014711379960e+00
1.162235012650489896e+00
1.178561543226241959e+00
1.136259345412254262e+00
1.140691397786140371e+00
1.145243585705757239e+00
1.151057481169700525e+00
1.162378826141357457e+00
1.128461617827415386e+00
1.403777551651000932e+00
1.157963170409202602e+00
1.126372190713882393e+00
1.161487771868705776e+00
1.175126975178718558e+00
1.274330540299415615e+00
1.144617019295692373e+00
1.174110757708549446e+00
1.168468790650367684e+00
1.124645271897315890e+00
1.120686269998550477e+00
1.139837630391120848e+00
1.197027003169059745e+00
1.109826203882694262e+00
1.131481371521949830e+00
1.132577449679374793e+00
1.157736158967018092e+00
1.146022674441337541e+00
1.206444545984268091e+00
1.134742656350135714e+00
1.231543311476707370e+00
1.109694299697876030e+00
1.146141922473907560e+00
1.144896537065505981e+00
1.170648618936538599e+00
1.183858116865158072e+00
1.194465788900852310e+00
1.185656581521034258e+00
1.199922280609607705e+00
1.108209106922149578e+00
1.186695145964622444e+00
1.191489333510398874e+00
1.119048469066619811e+00
1.168773392438888559e+00
1.102036387324333289e+00
1.130746999680996012e+00
1.137104777693748403e+00
1.106610026359558185e+00
1.114733543395996174e+00
1.278326328992843708e+00
1.104873156547546476e+00
1.111970255970955002e+00
1.490453165173530659e+00
1.128999688625335729e+00
1.106398646235466021e+00
1.402524260282516533e+00
1.132587669491767812e+00
1.203831632137298602e+00
1.100378646254539516e+00
1.166027408838272050e+00
1.124460306167602619e+00
1.096729557514190656e+00
1.108266028761863753e+00
1.165410615205764833e+00
1.102122772336006085e+00
1.093945980668068030e+00
1.158926450014114318e+00
1.130296867489814838e+00
1.203667704463005084e+00
1.103794721961021352e+00
1.109382382631301844e+00
1.094709676504135087e+00
1.093735944628715595e+00
1.139614561498165202e+00
1.109046800136566091e+00
1.095202253460884068e+00
1.102350636124610928e+00
1.090340137481689453e+00
1.094583173394203079e+00
1.095935497283935467e+00
1.124609698057174700e+00
1.101128366589546159e+00
1.092452434897422719e+00
1.172675909996032662e+00
1.111264155507087681e+00
1.206466381549835098e+00
1.105327021479606708e+00
1.139894757866859454e+00
1.226045316457748502e+00
1.089189475178718558e+00
1.107454597949981689e+00
1.095073632001876796e+00
1.086144152283668562e+00
1.128875247240066493e+00
1.205045208930969336e+00
1.094486554861068717e+00
1.119320522546768171e+00
1.096285984516143897e+00
1.102345135211944660e+00
1.123422261476516804e+00
1.094333365559577942e+00
1.102932999134063730e+00
1.102450848817825291e+00
1.138033241629600623e+00
1.096268100738525320e+00
1.096812134981155484e+00
1.161702004075050310e+00
1.112756323814392045e+00
1.090800586044788467e+00
1.096195906400680542e+00
1.100680881738662631e+00
1.106899374127388036e+00
1.096372442245483469e+00
1.131680152416229213e+00
1.090999341011047452e+00
1.146567841768264762e+00
1.132542258501052945e+00
1.099624079465866044e+00
1.090496009588241666e+00
1.095334579348564041e+00
1.098853881955146772e+00
1.203665725588798585e+00
1.220410264134407008e+00
1.086643185019493085e+00
1.087757972478866630e+00
1.169904855489730888e+00
1.089146657586097744e+00
1.152081925272941509e+00
1.120118800997734088e+00
1.115164123773574767e+00
1.096025357842445480e+00
1.175333505272865287e+00
1.092198703289031902e+00
1.083810710906982333e+00
1.117015075683593706e+00
1.075204615592956436e+00
1.095335605740547225e+00
1.101313510239124271e+00
1.096540895700454765e+00
1.082968522906303299e+00
1.108137294054031274e+00
1.118922134637832633e+00
1.092648628950118939e+00
1.080400558710098213e+00
1.081505880653858220e+00
1.107671744823455873e+00
1.106699095368385288e+00
1.093078845739364535e+00
1.085446281433105398e+00
1.085746340155601564e+00
1.134392021298408437e+00
1.086501489579677626e+00
1.091934268474578751e+00
1.075365530252456736e+00
1.082335907220840499e+00
1.080468226075172344e+00
1.106660580635070890e+00
1.107248805165290895e+00
1.077795418500900215e+00
1.110111103355884588e+00
1.092385205030441231e+00
1.083001938462257341e+00
1.082083286046981785e+00
1.095208798646926773e+00
1.306410413980483964e+00
1.102495458126068195e+00
1.086094223260879454e+00
1.118032081127166677e+00
1.105213380455970729e+00
1.088308581113815343e+00
1.097525058984756496e+00
1.088746035695075998e+00
1.091843194961547914e+00
1.146338239312171936e+00
1.075529986023902929e+00
1.071760861873626736e+00
1.118235233426094100e+00
1.079963757097721189e+00
1.104829185009002623e+00
1.105718716382980249e+00
1.070783438086509776e+00
1.116281016469001797e+00
1.071724824905395446e+00
1.089849014878272904e+00
1.145440195798873795e+00
1.070277274847030613e+00
1.093037963509559729e+00
1.163270925879478446e+00
1.091423166990280080e+00
1.098386979699134791e+00
1.150405844449996939e+00
1.077097507715225166e+00
1.083533825278282237e+00
1.122467067241668781e+00
1.154475704133510527e+00
1.081029213666915956e+00
1.099809149503707895e+00
1.071884543299675085e+00
1.091007440984249177e+00
1.081827976703643834e+00
1.140465356111526551e+00
1.384550108909606836e+00
1.141050202548503867e+00
1.073771448135375950e+00
1.110520295500755372e+00
1.073319329321384519e+00
1.068125731647014520e+00
1.080728257894516098e+00
1.065698585510253871e+00
1.071903960108756992e+00
1.090947779715061294e+00
1.134796494841575631e+00
1.118214483261108505e+00
1.110836266577243769e+00
1.113946176767349305e+00
1.083575321733951657e+00
1.159831919670105016e+00
1.073893640637397784e+00
1.066154960393905560e+00
1.100548198819160550e+00
1.489555847644805864e+00
1.087732336521148646e+00
1.063806754350662187e+00
1.087409620583057457e+00
1.071465030312538147e+00
1.090314252972602871e+00
1.118083298802375891e+00
1.109207580685615646e+00
1.191162214279174902e+00
1.079513614773750296e+00
1.080670542120933497e+00
1.074877929389476794e+00
1.094343734383583122e+00
1.095847365260124162e+00
1.071786949634552011e+00
1.094382136464118860e+00
1.105092411339283043e+00
1.103313141465187108e+00
1.108098237514495876e+00
1.066577199697494427e+00
1.060173494219780022e+00
1.133233267664909283e+00
1.067571423649787965e+00
1.065269564390182389e+00
1.175787093639373726e+00
1.105065277814865077e+00
1.160557714700698906e+00
1.140932694077491760e+00
1.063877812623977626e+00
1.089607561826706039e+00
1.063272204995155290e+00
1.096385980248451242e+00
1.114627292752266019e+00
1.074059846401214546e+00
1.068195056915283159e+00
1.089651080667972671e+00
1.080970811247825569e+00
1.074471731781959427e+00
1.076981608271598834e+00
1.069636693000793448e+00
1.067142978310585022e+00
1.067363278865814280e+00
1.164325200915336644e+00
1.102577666640281784e+00
1.073966739773750234e+00
1.064150251746177611e+00
1.066587659716606185e+00
1.072380734086036735e+00
1.066885700225830069e+00
1.066335360407829391e+00
1.079238333106040892e+00
1.096617519855499268e+00
1.099960538148879952e+00
1.073892216682434064e+00
1.069646346271038162e+00
1.065865674018859899e+00
1.066108002662658594e+00
1.065394620299339401e+00
1.061360237598419243e+00
1.108660110831260592e+00
1.190483170747757002e+00
1.065898960828781217e+00
1.116999459564685715e+00
1.063025628328323258e+00
1.170949219465255764e+00
1.083309354186058115e+00
1.064118388295173689e+00
1.067875429391860864e+00
1.071624823808670079e+00
1.064062802791595486e+00
1.064804280996322738e+00
1.094488191604614302e+00
1.078794763088226416e+00
1.063961130380630449e+00
1.060965617597103172e+00
1.119821529388427717e+00
1.069468936920165980e+00
1.071303244233131391e+00
1.060570103824138632e+00
1.117087052762508304e+00
1.062740919589996391e+00
1.171802728772163293e+00
1.065612112283706558e+00
1.130942831635475265e+00
1.071472537517547563e+00
1.090501570105552709e+00
1.079494574666023166e+00
1.121721286177635113e+00
1.073374033570289710e+00
1.098880131840705765e+00
1.060340399146080026e+00
1.068900614976882935e+00
1.087594429850578415e+00
1.061891264915466371e+00
1.059261618852615383e+00
1.180651424527168203e+00
1.061731654703617078e+00
1.081904101967811505e+00
1.076762474179267848e+00
1.058998344540595937e+00
1.058993896245956412e+00
1.131668312549590993e+00
1.084080010950565276e+00
1.073948116004467046e+00
1.061851755976676914e+00
1.056870020031928981e+00
1.169232935905456516e+00
1.052578640580177360e+00
1.064991436600685182e+00
1.077084946632385298e+00
1.058876831531524676e+00
1.063941787183284804e+00
1.064725408554077157e+00
1.062315876483917343e+00
1.162768238782882602e+00
1.076646544337272582e+00
1.079626502394676280e+00
1.088952902853489002e+00
1.063095020651817268e+00
1.053120464682579138e+00
1.082035049796104431e+00
1.080872603654861486e+00
1.060699722766876185e+00
1.062711192369460989e+00
1.153158996701240557e+00
1.054295520782470685e+00
1.059311144948005712e+00
1.058650050163268963e+00
1.058441272377967923e+00
1.060549643039703449e+00
