2.264569976329803502e+00
1.646633706092834437e+00
1.518553812503814715e+00
1.432207007408142108e+00
1.376985048055648697e+00
1.340807867050170854e+00
1.309694896936416608e+00
1.289111692905426043e+00
1.274197062253952017e+00
1.244957710504531967e+00
1.242487224340438789e+00
1.221700750589370665e+00
1.214597084522247350e+00
1.203053945302963168e+00
1.195083990097045801e+00
1.187760672569274867e+00
1.176159830093383762e+00
1.173410140275955138e+00
1.165916274785995466e+00
1.162156749963760394e+00
1.159245052337646520e+00
1.147243688106536874e+00
1.147098774909973251e+00
1.143604803085327193e+00
1.140210679769515956e+00
1.135749969482421795e+00
1.131442233324050806e+00
1.124292542934417716e+00
1.121026757955551068e+00
1.123561080694198688e+00
1.119125117063522357e+00
1.109794710874557389e+00
1.115602253675460842e+00
1.109180811643600384e+00
1.107892162799835267e+00
1.105598938465118364e+00
1.099273792505264247e+00
1.100549747943878165e+00
1.102295310497283909e+00
1.098138365745544354e+00
1.097983751296996990e+00
1.095012530088424585e+00
1.093585348129272550e+00
1.082926948666572464e+00
1.085457464456558219e+00
1.086852014064788818e+00
1.082721190452575755e+00
1.080646785497665352e+00
1.078015491962432959e+00
1.073576304316520735e+00
1.077416794300079417e+00
1.076068589687347421e+00
1.073631424903869647e+00
1.070788037776946977e+00
1.072859977483749283e+00
1.071191305518150338e+00
1.068616228103637766e+00
1.066636362671852023e+00
1.067525470256805331e+00
1.064541158080100969e+00
1.058366969227790833e+00
1.058248404264449993e+00
1.059502252340316808e+00
1.061809265613555819e+00
1.058488743901252693e+00
1.054631862640380779e+00
1.059772878289222620e+00
1.055527511239051863e+00
1.055962541699409396e+00
1.053176359534263584e+00
1.053019294738769540e+00
1.052022158503532312e+00
1.051877319216728113e+00
1.052748561501503088e+00
1.054034764766693222e+00
1.050886658430099541e+00
1.049576558470725951e+00
1.040916326045989937e+00
1.047833025455474854e+00
1.047711947560310275e+00
1.050054144263267597e+00
1.046989870071411088e+00
1.048294007182121179e+00
1.045011631250381434e+00
1.044897360801696706e+00
1.040655236244201642e+00
1.042921958565711904e+00
1.039195691943168631e+00
1.045563002824783316e+00
1.040497052669525191e+00
1.044829863905906597e+00
1.040987392663955680e+00
1.040029249787330690e+00
1.038598487973213302e+00
1.037725765705108660e+00
1.038021463155746504e+00
1.035879860520362961e+00
1.038198509216308629e+00
1.037200036644935652e+00
1.037152975201606653e+00
1.035715347528457730e+00
1.033458722233772331e+00
1.032580993771553102e+00
1.035134276747703641e+00
1.030490724444389272e+00
1.034250067472457957e+00
1.029630711674690335e+00
1.028882226943969691e+00
1.024929307699203429e+00
1.029203286170959464e+00
1.035010979175567725e+00
1.033336104750633311e+00
1.028977267742156920e+00
1.030168765783309848e+00
1.025938763022422817e+00
1.026234542131423844e+00
1.020774935483932389e+00
1.028524085283279321e+00
1.029459534287452627e+00
1.025239511132240322e+00
1.024062916040420435e+00
1.025326232314109909e+00
1.023544663190841586e+00
1.026009453535079885e+00
1.024393649101257298e+00
1.025088034272193971e+00
1.018518968224525478e+00
1.024280523061752213e+00
1.017802905440330585e+00
1.019925701618194624e+00
1.022104995846748299e+00
1.021918248534202656e+00
1.020948494672775375e+00
1.024975436925888106e+00
1.023102975487709010e+00
1.020917631983756957e+00
1.020412418842315594e+00
1.018120666146278275e+00
1.014268922209739632e+00
1.023097504973411453e+00
1.016575344204902587e+00
1.016909708380699051e+00
1.018897504806518528e+00
1.016899543404579109e+00
1.011203225851059040e+00
1.014529419541359001e+00
1.010136535763740628e+00
1.014448774456977898e+00
1.012503553032874981e+00
1.013400721549987837e+00
1.017841406464576659e+00
1.020452011823654193e+00
1.014727365374565204e+00
1.014490391016006576e+00
1.018772771358489981e+00
1.012029215693473816e+00
1.010442341566085922e+00
1.016200125813484290e+00
1.009710980057716423e+00
1.009228684306144652e+00
1.012929493784904489e+00
1.010960794091224635e+00
1.012773380875587437e+00
1.012166277170181372e+00
1.008453651070594814e+00
1.006952719092369053e+00
1.010382811427116501e+00
1.010222964286804137e+00
1.010519320964813339e+00
1.009685530066490200e+00
1.010402938127517691e+00
1.010536532402038556e+00
1.006879100799560556e+00
1.008936945796012896e+00
1.011533581614494359e+00
1.009179542660713302e+00
1.007125684618949801e+00
1.009105983376503035e+00
1.004998503923416164e+00
1.003342840671539227e+00
1.005104482769966223e+00
1.008053054809570304e+00
1.007127456665039000e+00
1.007584575414657513e+00
1.003987723588943393e+00
1.008741760849952707e+00
1.007973958849906815e+00
1.005997004508972115e+00
1.004074379205703638e+00
1.005784643888473440e+00
1.004695673584937943e+00
9.995919930934905606e-01
1.005189203023910460e+00
1.004710063934326270e+00
1.002307553291320819e+00
9.960512572526931674e-01
1.003046630620956448e+00
9.981486022472381148e-01
1.004443525075912502e+00
1.003705495595931918e+00
1.003195871114730853e+00
1.004107220172882009e+00
1.002511330842971837e+00
1.005917231440544235e+00
1.001013560891151455e+00
1.009627776741981453e+00
9.999449002742767378e-01
1.003895015716552708e+00
9.986586660146713479e-01
1.005095229744911167e+00
9.977602380514144498e-01
9.981720429658890170e-01
9.988028460741043002e-01
9.960114765167236150e-01
1.000352399945259041e+00
1.003340708017349314e+00
9.987553232908248368e-01
9.977533787488936934e-01
9.955838763713836803e-01
1.000244201421737644e+00
9.979416584968566761e-01
9.922807538509368364e-01
9.944148200750351219e-01
1.002865602970123282e+00
9.968444943428039773e-01
1.000859764218330339e+00
9.928949439525603937e-01
9.970410782098769742e-01
1.000874339342117336e+00
9.947571802139282271e-01
9.960310924053191739e-01
9.960529363155364857e-01
9.992622351646422985e-01
9.946004438400268821e-01
9.964983254671097024e-01
9.933309739828110052e-01
9.956479132175445335e-01
9.951470422744751465e-01
9.987695181369781183e-01
1.000347257256507971e+00
9.932670569419861373e-01
9.930108654499053555e-01
9.960365068912505615e-01
9.987485903501510665e-01
9.916623306274413574e-01
9.874745470285415383e-01
9.965093481540679976e-01
9.940506368875503540e-01
9.932835185527801869e-01
9.918500977754592940e-01
9.966984355449676203e-01
9.957407927513122203e-01
9.954460144042969194e-01
9.904336208105086747e-01
9.899071496725082575e-01
9.916061145067215366e-01
9.922801423072814542e-01
9.955961084365845259e-01
9.912527024745940718e-01
9.929236286878585505e-01
9.925889486074447321e-01
9.937108772993087369e-01
9.909529745578765647e-01
9.942870503664016368e-01
9.899130070209503085e-01
9.968684726953506159e-01
9.919244623184204634e-01
9.879763823747634843e-01
9.944811189174651567e-01
9.884438759088516324e-01
9.916720163822173584e-01
9.901020985841750832e-01
9.896025151014328225e-01
9.942007297277450917e-01
9.850239348411560236e-01
9.918066966533660711e-01
9.870886260271072299e-01
9.880111652612686424e-01
9.900814521312714112e-01
9.951787656545638683e-01
9.909833490848540816e-01
9.905927699804305542e-01
9.874189269542693603e-01
9.896096611022948686e-01
9.860782325267791748e-01
9.877159392833709806e-01
9.929865634441376043e-01
9.868183529376983731e-01
9.903668940067291704e-01
9.859850037097931397e-01
9.903160345554351540e-01
9.882435327768326339e-01
9.883586531877517345e-01
9.855779898166656672e-01
9.857833617925644276e-01
9.916915118694304976e-01
9.785660630464554366e-01
9.911346024274826361e-01
9.908539575338363159e-01
9.872164541482925104e-01
9.858057415485381725e-01
9.861964607238768998e-01
9.916168123483657393e-01
9.860183089971542580e-01
9.882461565732956199e-01
9.910023736953735840e-01
9.864552640914916459e-01
9.826237982511520919e-01
9.833797347545624179e-01
9.873703432083129616e-01
9.835045659542083207e-01
9.842198961973189775e-01
9.905454301834106801e-01
9.868617528676986161e-01
9.869156002998351607e-01
9.864977467060088712e-01
9.889914846420287953e-01
9.852149176597595481e-01
9.807350510358809892e-01
9.863375788927077892e-01
9.871950399875640825e-01
9.849209809303283158e-01
9.853778809309006181e-01
9.834706580638885587e-01
9.861856633424759266e-01
9.861019128561019365e-01
9.891143095493316606e-01
9.857079309225081909e-01
9.783528947830200106e-01
9.876414591073989779e-01
9.852320718765258389e-01
9.863525927066802979e-01
9.809183764457702903e-01
9.824174982309341608e-01
9.831266272068023282e-01
9.833226090669632269e-01
9.835304945707321611e-01
9.849073606729507047e-01
9.737325662374496371e-01
9.817295050621033248e-01
9.861494600772857666e-01
9.858430242538451793e-01
9.832107180356979281e-01
9.874326610565185014e-01
9.798542851209640636e-01
9.804516893625259133e-01
9.860261297225951793e-01
9.805942076444625899e-01
9.830440354347228515e-01
9.799079144001007213e-01
9.810319787263870328e-01
9.796161526441573564e-01
9.804942756891250610e-01
9.829887032508850542e-01
9.811205571889877186e-01
9.836148023605346680e-01
9.828319346904754727e-01
9.858718520402908192e-01
9.799767857789993819e-01
9.781917595863341974e-01
9.807330721616744906e-01
9.772372525930405063e-01
9.825700885057448986e-01
9.815802389383315729e-01
9.779787540435791460e-01
9.802134382724762007e-01
9.812607258558273537e-01
9.812339079380035800e-01
9.798013985157012495e-01
9.798417478799820168e-01
9.828722214698791815e-01
9.826474076509476019e-01
9.800961655378341852e-01
9.835465532541275424e-01
9.834394651651382491e-01
9.813903713226318493e-01
9.798255467414855868e-01
9.746044355630875122e-01
9.852147489786148293e-01
9.757754325866698775e-01
9.746451109647751299e-01
9.795458388328551758e-01
9.747910791635513439e-01
9.857923328876495583e-01
9.724471205472946522e-01
9.776845878362655506e-01
9.787174499034881903e-01
9.781744354963302079e-01
9.799158340692519786e-01
9.766516464948654663e-01
9.812124168872833341e-01
9.806810557842254861e-01
9.812546193599700484e-01
9.853376924991608110e-01
9.768176615238189919e-01
9.811437904834747759e-01
9.766643643379211426e-01
9.757419615983963235e-01
9.770598524808883356e-01
9.728119456768036244e-01
9.814860171079635709e-01
9.736712741851806241e-01
9.750548976659775269e-01
9.823439532518386530e-01
9.812507039308547840e-01
9.793165755271912021e-01
9.766669011116028143e-01
9.756417715549469127e-01
9.770089787244796709e-01
9.771736359596252530e-01
9.752939373254776445e-01
9.738561087846755449e-01
9.815482079982758012e-01
9.741880899667739735e-01
9.740407615900039673e-01
9.786853539943695113e-01
9.755852127075195224e-01
9.752698266506194535e-01
9.778913331031798828e-01
9.804734736680984497e-01
9.715352737903595326e-01
9.770891529321670266e-01
9.756034904718399181e-01
9.722252488136291504e-01
9.774587154388427734e-01
9.750226485729217574e-01
