9.458353439718485134e-02
7.320105659216642746e-02
7.046637718006967810e-02
7.099349439516663973e-02
6.940152690559625581e-02
6.694547018408775196e-02
6.574706622213125073e-02
6.785696456953883848e-02
6.493368465453386307e-02
6.388535368070005771e-02
6.857984019815921428e-02
6.816039643064140952e-02
6.419177283719182392e-02
6.586066763848066885e-02
6.231840584799647198e-02
6.280750322341918657e-02
6.233502458035945770e-02
6.660836643911897947e-02
6.900425838306546711e-02
6.182646942883730096e-02
6.323348439857363890e-02
6.312773828953505140e-02
6.307067085057496691e-02
6.050413934513926284e-02
6.261382300034165627e-02
6.188667631521820728e-02
6.228233357146382293e-02
6.259101903624832153e-02
7.203131915628910309e-02
6.107058609277010025e-02
5.994288287684321204e-02
6.667583078891038684e-02
6.125597122684121182e-02
6.052585447579622580e-02
5.996831614896654811e-02
5.968768935650586860e-02
7.180138937756419537e-02
5.942317771539092075e-02
5.928505886159837063e-02
6.641863065585494608e-02
6.009605978056788145e-02
6.073683773353695525e-02
5.975006604194640913e-02
5.978807124495506137e-02
6.279964653775095551e-02
6.498190309479832949e-02
5.896254234015941426e-02
6.341478953510522321e-02
6.159222462214529459e-02
6.261002833396196732e-02
5.813689837604760907e-02
5.966138624399900531e-02
5.852236181683838356e-02
5.961336886510253119e-02
5.944702235050499523e-02
6.207181194797158075e-02
5.871327606774866259e-02
6.301901967264711413e-02
5.756278002262115584e-02
6.202560843154787673e-02
6.634128949418663379e-02
5.797440127469598997e-02
5.792675180919468203e-02
5.956348813325166441e-02
5.797095701843500010e-02
6.453744120895862912e-02
5.810799522325396649e-02
6.450397127494215954e-02
5.953124455362558687e-02
5.733095095306634664e-02
5.992073596268892438e-02
5.735306191258132680e-02
5.814904403686523698e-02
5.810788291506469028e-02
5.771540240198373695e-02
5.814188656955957685e-02
5.725927233509719300e-02
5.642330917716026351e-02
6.123813968151807507e-02
5.805944060720503314e-02
6.309555799514054986e-02
6.169357033818960445e-02
5.660638679563999298e-02
5.694495093822479065e-02
5.674971231818198847e-02
5.636443630605936228e-02
5.775923833437263816e-02
6.700045394711195978e-02
5.866925388574600192e-02
6.561328307911754032e-02
5.793550430610776292e-02
7.249757679924369314e-02
7.540034960582851775e-02
5.713222811371088117e-02
5.929399547353386701e-02
6.149511597305536148e-02
5.625190531834960150e-02
5.852037648484111065e-02
5.696516038291156436e-02
5.769555101916194056e-02
5.832617139816283908e-02
5.638666064850986204e-02
5.614910717867314938e-02
5.582194486819207907e-02
5.731434473395347756e-02
5.646412710845470639e-02
5.554097908362746333e-02
5.497734028846025522e-02
5.836245279945433129e-02
5.611527514830231406e-02
5.653967493958771129e-02
5.885450224578380601e-02
5.521297042444348047e-02
5.611440130695700967e-02
6.236042594164609848e-02
5.558912348747253179e-02
5.968982640840113374e-02
5.783010349981487080e-02
5.733136131986975997e-02
5.635197852365672611e-02
6.097686531022190881e-02
5.477021697349846591e-02
5.506122168153524538e-02
5.739101645164191440e-02
5.820278751291334957e-02
6.065245014801621398e-02
5.515740974061190960e-02
6.122442572936415833e-02
5.604466096498072342e-02
5.643620700016617475e-02
5.595640294626354899e-02
6.276754518598318122e-02
5.624707911536097615e-02
5.537588280066847723e-02
5.661017226614058206e-02
5.543176482245325970e-02
5.617674864642321908e-02
5.517562297359109025e-02
5.723324850574135897e-02
5.653075180575251740e-02
5.990215357020497317e-02
6.083466397225856942e-02
5.855179202556610313e-02
5.682959117367863966e-02
5.650329833105206812e-02
5.632101370766758736e-02
5.929978211969137020e-02
5.513821733556687615e-02
5.623861335963011021e-02
5.549693860113620592e-02
5.488340871594846182e-02
5.502250275760889320e-02
5.439940530247986544e-02
5.563152246549725455e-02
5.732131197489798158e-02
5.525797429494559709e-02
5.515568566136062195e-02
5.501584890484809837e-02
5.545836777426302322e-02
5.861536917462945029e-02
5.901375093311071740e-02
5.496199896931647927e-02
5.723325837962329327e-02
5.577314519509673357e-02
5.642530896514653949e-02
5.731987995654344581e-02
5.623015207424759965e-02
5.480696386471390485e-02
5.685616960935294811e-02
5.527468808740377409e-02
5.733926671743393155e-02
5.473207903467118551e-02
5.696970535442233419e-02
5.698320051655172969e-02
5.611348083242773815e-02
5.492505599372089070e-02
5.376162205636501185e-02
5.371191734448075433e-02
5.616454500146210449e-02
5.517523653060198152e-02
5.438052747026085598e-02
5.490176374465226966e-02
5.607930237054824935e-02
5.329498347081244175e-02
5.446605507098138677e-02
5.465535532310605155e-02
5.472202186286449777e-02
5.661080610007047931e-02
5.579264593869447814e-02
5.474311912432312799e-02
5.456013483367860156e-02
5.486501096747815887e-02
5.420552300289273318e-02
5.428635121881961872e-02
5.610605777427554036e-02
5.576068860664963600e-02
5.591746050119399819e-02
5.449741533771157442e-02
5.384860035777092047e-02
5.493934452347457725e-02
5.410116651840508190e-02
5.348622060194611894e-02
5.600180123746394817e-02
5.412510666251182240e-02
5.534375802613794582e-02
5.482304555550217284e-02
5.409413512423634496e-02
5.452948260679840731e-02
5.564361682906746737e-02
5.454572047106921728e-02
5.403698508813976897e-02
5.435478279925883005e-02
5.405568648874759657e-02
5.568779106624424657e-02
5.360699025355279701e-02
5.394278912246227436e-02
5.622634249366819520e-02
5.380514749698341037e-02
5.440957139059901526e-02
5.385087683983147411e-02
5.360448623262345502e-02
5.473464672267436965e-02
5.329605040699243734e-02
5.375094882026314885e-02
5.289093432575463910e-02
5.361480946466326558e-02
5.425407664291560794e-02
5.372185644134878924e-02
5.401397639513015603e-02
5.339339496940374158e-02
5.513238609582185590e-02
