8.704443782195449286e-02
6.488368589431046940e-02
6.334452582523227016e-02
6.172476258501410212e-02
6.072477120161056535e-02
6.025821658596396124e-02
5.936524776369333373e-02
5.897822752967477045e-02
5.851871057227253647e-02
5.825835162773728565e-02
5.759459339827299046e-02
5.693027849495410631e-02
5.683736161887645993e-02
5.603249423950910912e-02
5.669778591394424722e-02
5.614276147633791292e-02
5.630894341319799684e-02
5.552829500660300122e-02
5.560582554712891618e-02
5.586445965617894971e-02
5.544243101775646332e-02
5.520242658630013233e-02
5.465605190396308904e-02
5.493919461593031739e-02
5.391958617046475194e-02
5.404484393447637341e-02
5.391972927749157096e-02
5.424201091378927364e-02
5.315541048720479056e-02
5.388258462026715434e-02
5.418913272768258876e-02
5.395360492914914874e-02
5.388438328728079735e-02
5.338826737180352167e-02
5.379440189525484806e-02
5.344678152725100551e-02
5.330582831799984128e-02
5.309419483318925104e-02
5.270091130211949221e-02
5.270388207957148879e-02
5.333600010350346421e-02
5.262439123168587835e-02
5.281335838511586056e-02
5.287948643416166133e-02
5.277425974607467818e-02
5.239556807279587003e-02
5.205564916878938769e-02
5.233873229846358610e-02
5.259996668621897548e-02
5.198402536287903553e-02
5.177691069617867264e-02
5.205709337070583975e-02
5.177989715710282215e-02
5.149887660518288890e-02
5.192511384189128776e-02
5.195609905943274209e-02
5.203157029300928271e-02
5.207877811044454852e-02
5.136950045078993166e-02
5.123413074016570923e-02
5.133591602742672289e-02
5.143444079905748478e-02
5.155401076003909150e-02
5.140893013402819678e-02
5.091490635648369956e-02
5.121267537772655754e-02
5.047889398410916606e-02
5.152887881174683660e-02
5.072869618609547604e-02
5.120784977823495537e-02
5.079991751164197877e-02
5.110314892604947423e-02
5.082366814464330668e-02
5.111382379382848479e-02
5.106959064677357718e-02
5.056248336657881426e-02
5.066951064765453511e-02
5.081420062854886260e-02
5.036594770476222199e-02
5.035070673003792796e-02
5.049669334292411493e-02
5.065883259847760167e-02
5.043416796252131462e-02
5.069598201289773204e-02
5.098792479559779295e-02
5.039437643811106593e-02
5.067498432472348352e-02
5.005568039417267190e-02
5.035831029713153800e-02
4.996777850389480524e-02
5.010113754495978261e-02
5.002975369244813675e-02
5.043200002610683658e-02
5.081016181036829976e-02
5.048284359276294930e-02
5.011353545635938850e-02
5.026011445000767852e-02
4.999676261097192598e-02
4.970136826112866307e-02
4.984607370570302148e-02
4.996699322387575942e-02
4.961314864456653484e-02
5.006556753441691182e-02
4.984259542822837979e-02
4.988044863939285201e-02
4.979778503626584862e-02
4.972316878661513229e-02
4.963746091350913076e-02
5.015949753299355635e-02
4.996081380918621778e-02
4.985400471463799499e-02
5.005086727067828423e-02
4.977266038209200022e-02
4.966362590342759953e-02
4.928906577825546004e-02
4.971477495878934977e-02
4.915593545138836201e-02
4.922045092284679096e-02
4.991641183942556459e-02
4.915398293733596463e-02
4.925903780013322908e-02
4.953457607328892037e-02
4.930624404549598799e-02
4.951332302764058224e-02
4.923822300881147696e-02
4.929892679676413370e-02
4.948508820682764181e-02
4.955225585401058092e-02
4.937156594172120022e-02
4.946509662270545671e-02
4.931486689671873980e-02
4.908686899393797237e-02
4.909870130941271921e-02
4.936212392151356071e-02
4.932683249562978822e-02
4.879382913932204385e-02
4.935782932117581401e-02
4.905361977592110484e-02
4.860710652545094379e-02
4.855279565975070127e-02
4.921629228070378143e-02
4.912874037772416852e-02
4.893611779063940237e-02
4.882180510088801606e-02
4.892542076855897759e-02
4.839158579334616739e-02
4.905986035987734695e-02
4.901733680069446375e-02
4.836136344075202959e-02
4.856063866242766452e-02
4.889175727590918535e-02
4.855775199085474170e-02
4.870169258117675731e-02
4.900108932703733239e-02
4.843457652255892670e-02
4.773121427744626832e-02
4.896796052157879192e-02
4.896374193206429193e-02
4.846743246167898450e-02
4.901461406797170961e-02
4.846287836879491912e-02
4.857634089142084249e-02
4.818678803741931888e-02
4.884231609851121675e-02
4.840098984912037661e-02
4.886739509552717048e-02
4.853493297100067161e-02
4.856339414045214575e-02
4.858868119493126719e-02
4.736448751762509235e-02
4.794183399155736020e-02
4.848465656489133607e-02
4.860931193083524449e-02
4.825560014322399782e-02
4.826813269406557416e-02
4.836917225643992679e-02
4.873093953728675765e-02
4.814530966430902170e-02
4.822609818726777964e-02
4.881462093815207293e-02
4.831263558194041213e-02
4.836975014209747570e-02
4.833419374004006147e-02
4.807035310938954226e-02
4.837906512618064814e-02
4.830583818629383824e-02
4.868168512731790853e-02
4.770426439866423673e-02
4.786608348041773014e-02
4.843498490005731377e-02
4.757066668197512671e-02
4.825976608693599568e-02
4.798385940492153057e-02
4.828974229469895629e-02
4.757643575966358229e-02
4.793256816267967013e-02
4.802024292945861889e-02
4.780888779088855040e-02
4.835094056650995897e-02
4.816777127608656839e-02
4.802033361047506471e-02
4.779946977645158773e-02
4.770100185647607044e-02
4.809030888602137260e-02
4.749278188869356793e-02
4.816302140802145026e-02
4.778515924140810944e-02
4.756382001191377523e-02
4.770771009847521449e-02
4.798920033499598503e-02
4.774555484578013598e-02
4.815277757495641658e-02
4.808619152382016121e-02
4.798581691831350221e-02
4.821885317191481474e-02
4.784044551849365307e-02
4.781702816858887650e-02
4.782259770855307873e-02
4.798020925745367926e-02
4.808499049022793570e-02
4.815243788063525848e-02
4.761250243335962001e-02
4.772469938918948162e-02
4.795060848817229299e-02
4.761655567586421667e-02
4.729604966565966601e-02
4.793392412364482630e-02
4.795705552399158467e-02
4.722594246268272539e-02
4.758251068741083112e-02
4.786759587749838535e-02
