2.514552540159225558e+01
2.840996825361251865e+01
2.278249505758285665e+01
1.091787249541282634e+01
4.708106564223766277e+00
4.101238265275955364e+00
2.409137438505887907e+00
1.518944526970386510e+00
1.188020848095417081e+00
7.473638953566551502e-01
4.829750637561082693e-01
4.093871651962399660e-01
3.604707406535744840e-01
2.380448393784463379e-01
2.395930810123682031e-01
2.538061597757041432e-01
2.137830378822982436e-01
2.127206537947058662e-01
1.459565950557589475e-01
1.591887027323246051e-01
1.838716944493353489e-01
1.136633286513388102e-01
1.638577905260026335e-01
1.207603072170168185e-01
1.057744140550494205e-01
1.384558005221188104e-01
1.024213530570268621e-01
1.206013274453580364e-01
1.170800505913794087e-01
9.448538067378103866e-02
8.811801340617239631e-02
8.963418025150894641e-02
9.737678708694874619e-02
8.454361022077501453e-02
1.007665370069444205e-01
9.314569710381329082e-02
1.061936725825071287e-01
7.782087798044085014e-02
8.781505755893885545e-02
7.862650372833013268e-02
9.204643554612994272e-02
8.231846668943762491e-02
9.123655721545219366e-02
8.680939467810094845e-02
8.449224228598177511e-02
9.729508586786687896e-02
7.862783970870076966e-02
8.712890803441405985e-02
7.431174062937498381e-02
8.725575332343578350e-02
7.965156851150095862e-02
9.109400920942425928e-02
7.857357070222496798e-02
7.317708127200603374e-02
7.747754900902509290e-02
7.557038888335228244e-02
7.634739189222454481e-02
7.554024730436503798e-02
7.682106335833668864e-02
8.108353431895375107e-02
7.359920098632574681e-02
7.204723846912383656e-02
7.369641294702887480e-02
7.806913089752197388e-02
7.278153819218277643e-02
8.294316124729812778e-02
7.226984778977930957e-02
7.608972183801233913e-02
7.324780382961035285e-02
7.700895822048187123e-02
8.392852956801652442e-02
7.825508345477283356e-02
7.880282961018383880e-02
7.650870858505368077e-02
8.754333186242729825e-02
8.638067941926419469e-02
8.143802140653133570e-02
8.155833769030869373e-02
7.702469212561845191e-02
8.094203363917767957e-02
7.226234287768602826e-02
7.121006133966148455e-02
8.614320693165064546e-02
7.397052031196653388e-02
7.214220732450485341e-02
8.147143451124429225e-02
7.003718462400138067e-02
8.297476145438849315e-02
7.450101948715746880e-02
7.288291640020906625e-02
8.749791995249688037e-02
8.292058556899428723e-02
7.176358105614781546e-02
8.836171263456345237e-02
8.725693416502326716e-02
8.687012209370732763e-02
8.700552319362760134e-02
8.190023003332316809e-02
7.576151935756206268e-02
7.270683351717889542e-02
