2.453863245248794622e-01
1.036496800929307960e-01
8.394743420183659044e-02
8.021239504218101446e-02
8.199671201407909837e-02
7.748377092182635872e-02
6.879500366747379192e-02
7.269330590963363203e-02
6.726285822689533067e-02
7.782251402735709811e-02
7.044601939618587438e-02
6.925998434424400496e-02
7.396269217133522034e-02
7.211587786674499012e-02
6.531691752374171878e-02
6.865581236779690066e-02
6.075442265719175478e-02
6.122671633958816362e-02
6.818286739289761145e-02
6.727501459419726881e-02
6.578754782676696222e-02
7.219403274357319433e-02
6.307141032069921160e-02
6.277342028915881833e-02
6.919559277594089508e-02
6.734005734324455261e-02
6.947528574615717545e-02
5.825583875179290994e-02
5.130144771188497460e-02
6.358880776911973731e-02
6.420351628214121531e-02
6.574376203119754181e-02
6.516441140323876724e-02
6.529403261840344141e-02
6.579703904688358196e-02
6.262814838439226262e-02
5.737946923822164619e-02
6.904342055320739080e-02
6.352484233677387071e-02
6.593143641948699674e-02
6.518438044935465081e-02
6.978911712765693831e-02
6.071004010736942569e-02
5.687933422625064683e-02
7.006021041423082796e-02
6.365971438586712217e-02
6.439604256302118579e-02
5.940996818244457384e-02
6.780654199421405626e-02
5.647046361118555208e-02
6.919748127460480236e-02
5.610906805843114686e-02
7.056940697133541607e-02
6.390610426664351806e-02
5.963997978717088672e-02
5.646056089550256785e-02
6.502944096922874673e-02
6.087482381612062399e-02
6.003503546118735962e-02
5.609064713120460316e-02
6.319345597177744578e-02
6.465089064091443516e-02
6.083257809281349127e-02
5.893805142492056226e-02
6.495747737586497761e-02
5.987492028623819101e-02
6.506505995988845492e-02
5.983305621892213988e-02
6.207552902400493428e-02
5.821802020072937289e-02
6.313805844634771958e-02
6.691047534346580838e-02
6.287447936832904483e-02
6.498113885521888955e-02
5.588309407234191839e-02
5.766904123127460785e-02
6.426775369793176484e-02
6.968514658510685522e-02
6.118033982813358279e-02
5.877458147704601316e-02
6.257258553057909456e-02
6.082299955189227753e-02
5.154845267534256120e-02
6.946804814040660747e-02
6.007770270109176469e-02
6.010639697313308744e-02
6.354903731495141483e-02
6.005829118192195643e-02
7.157791852951049527e-02
6.672407507896423173e-02
6.061686959117650736e-02
6.038016788661480089e-02
6.010698523372411811e-02
5.238861508667468775e-02
4.965722352266311451e-02
5.770335067063570023e-02
5.692751619964837861e-02
6.170000921934842841e-02
5.961167097091674832e-02
6.130070038139820432e-02
