4.292285185307264106e-01
1.509260051511228107e-01
1.028723357059061483e-01
9.336878381669520832e-02
8.719899145886302050e-02
8.299918524920940621e-02
8.044582758098840769e-02
7.974763199687004422e-02
7.777508711442351896e-02
7.734056636691093167e-02
7.512162461876868702e-02
7.307813515886664446e-02
7.303298665210604390e-02
7.239258958026767443e-02
7.129313098266720772e-02
7.116607241332531530e-02
7.021025080233812832e-02
6.903607985004782399e-02
7.001010680571198574e-02
6.852558961138129068e-02
6.805078128352760880e-02
6.914308005943894941e-02
6.816514817997813835e-02
6.712581675499677825e-02
6.748769061639904587e-02
6.749608583748339941e-02
6.633029349148272802e-02
6.650503927841783236e-02
6.563146942295133845e-02
6.589272793382405791e-02
6.659982321783899928e-02
6.453227292746305244e-02
6.362479726783931699e-02
6.524806637316941937e-02
6.601700482890010546e-02
6.601731715723872795e-02
6.426849799230695270e-02
6.510466715320945008e-02
6.598890482448041550e-02
6.432936762459576241e-02
6.393737494945525568e-02
6.454855916090310175e-02
6.421581164933741481e-02
6.300142836757004206e-02
6.431960432790219395e-02
6.323414910584687632e-02
6.490680440329014977e-02
6.305149778723716236e-02
6.275160055607557907e-02
6.269094320945441112e-02
6.324797034263611450e-02
6.135223872028291309e-02
6.389726788736879715e-02
6.206051726825535103e-02
6.339141623117029722e-02
6.118705878965556566e-02
6.359091687016188432e-02
6.162016336806118433e-02
6.283436654135585164e-02
6.184530783444643076e-02
6.171209658496081690e-02
6.146662563085555919e-02
6.298411091789603289e-02
6.260273805819452364e-02
6.278168698772787493e-02
6.035076273605227692e-02
6.184607760980725261e-02
6.086789939552545575e-02
6.238231926225126095e-02
6.144979273900389588e-02
6.216769738122820965e-02
6.258989122696220764e-02
6.237549336627126045e-02
6.069654470309614885e-02
6.138342427089810149e-02
6.140363306738436111e-02
6.186664779670536518e-02
6.120276229456066835e-02
6.154648370109498667e-02
6.116192543879151594e-02
6.189448465593159338e-02
6.159223492257297206e-02
6.134723792783915858e-02
6.155556672252714828e-02
6.003634525462984983e-02
6.093232411891222333e-02
6.043375182896852660e-02
5.994417428970336831e-02
6.060951481573283867e-02
5.920477228239178630e-02
6.052971272729337077e-02
6.073317338712513197e-02
6.025167077779770147e-02
5.842547827400267069e-02
5.958288662135600988e-02
6.014683527871966112e-02
6.108754740096628694e-02
5.853624022565782209e-02
5.688836048357188979e-02
5.984121273271739150e-02
