4.282989979684352910e-01
8.066423316895962037e-01
6.656400838643312667e-01
4.408442366644740318e-01
2.774024497941136591e-01
2.052870517708361153e-01
1.604675935879349702e-01
1.297643300257623200e-01
1.195813374184072075e-01
1.038491027280688261e-01
9.472042734175920020e-02
9.391405319795012585e-02
8.715714808180928530e-02
8.553207907453179437e-02
8.394279485568403865e-02
8.233928463235497264e-02
8.353798485919833317e-02
8.333582013472914940e-02
8.271788175776600971e-02
8.118976202234626238e-02
8.618792699836194671e-02
8.076266611739993384e-02
8.058883676677942864e-02
7.835694857314229322e-02
7.861820613034069261e-02
7.810926675610244119e-02
7.811018735729158280e-02
7.730983573384582475e-02
7.808719643764197582e-02
8.050209879688918768e-02
7.560240049660206518e-02
7.720913536287844769e-02
7.868488722108304967e-02
7.659510127641259991e-02
7.482567122951150340e-02
7.435125540755689599e-02
7.706829064525663742e-02
7.614285206049681287e-02
7.485545292496681435e-02
7.631112034246324838e-02
7.598993106186389956e-02
7.477989073842764012e-02
7.693322517350316414e-02
7.547549920715392047e-02
7.698751056008040772e-02
7.892231423407793101e-02
7.342761738970875196e-02
7.490504310093820672e-02
7.326546778716147568e-02
7.537055058963597343e-02
7.355897913500666907e-02
7.544534352049231396e-02
7.277807314135134598e-02
7.344510144926608142e-02
7.479919894039631367e-02
7.738070676289499072e-02
7.292746556736529051e-02
7.366133475303650313e-02
7.303806401416659821e-02
7.262968377955257571e-02
7.415679786168039023e-02
7.513995840772987045e-02
7.451255067251622011e-02
7.247204606980085784e-02
7.215014381520450104e-02
7.670168275944888592e-02
7.184754183329641886e-02
7.366020591929554884e-02
7.214786637015641046e-02
7.388825559057295156e-02
7.102444688789547045e-02
7.135949728824197980e-02
7.230404535308480873e-02
7.418814969621598254e-02
7.113778772018850005e-02
7.123824792169033970e-02
7.144843932986259805e-02
7.147940202057360970e-02
7.171312574110924598e-02
7.277501515299081292e-02
7.056128337606787371e-02
7.560766772180795015e-02
7.669083718955517492e-02
7.103892251104115818e-02
7.018793385475874391e-02
7.112103978917003189e-02
7.151802857220172782e-02
7.408648252114653776e-02
7.411596650257706864e-02
7.348173411935568500e-02
7.242928823269903504e-02
7.115609451942145336e-02
7.189796316623688066e-02
7.099195198528468476e-02
7.566248436551541168e-02
7.111740978620946507e-02
7.144092089682817226e-02
7.294004248082637532e-02
7.502955955266953081e-02
7.070627955347300042e-02
