9.348997943517234344e-02
8.409254693736632758e-02
8.078041612688037498e-02
7.926876039968597243e-02
7.517086331629091456e-02
7.821390444619788496e-02
7.742275568760104143e-02
7.549130444725354883e-02
7.396048851725127438e-02
7.393801595187848852e-02
7.427541472845607118e-02
7.434606750806173336e-02
7.443747383852800104e-02
7.322316720253890798e-02
7.176377417312727880e-02
7.333976562238402053e-02
7.196715043650733779e-02
7.129554183532794964e-02
6.989756367272800808e-02
7.179918510632382622e-02
7.198399472981691083e-02
6.897338092741038540e-02
6.969765906946526202e-02
6.998793362743324642e-02
6.933799454321463995e-02
6.941273632562822149e-02
6.985677962915765038e-02
7.051354673587613420e-02
6.845973547961976824e-02
6.894926430864466160e-02
6.762635759595367335e-02
6.817258430851830253e-02
6.596786987243427602e-02
6.705865065256753910e-02
6.919818106624815723e-02
6.630960143067771151e-02
6.460711226488152770e-02
6.729283370077610016e-02
6.453425097796651466e-02
6.849675724903742102e-02
6.789001514100366508e-02
6.432496794602937662e-02
6.565425834721988485e-02
6.744240449948443739e-02
6.195877199578616462e-02
6.715872405717769611e-02
6.694066295814182777e-02
6.711486265477206725e-02
6.765552123801575612e-02
6.678491367234123954e-02
6.616695324579874304e-02
6.322483936738636234e-02
6.527781465815173101e-02
6.500870288453168555e-02
6.485846364456746005e-02
6.592234333770143062e-02
6.348526222217414083e-02
6.305093708344632064e-02
6.263796478095981501e-02
6.419813318385017564e-02
6.504060253500938693e-02
6.288156314856475915e-02
6.581789490042461166e-02
6.257563853222462835e-02
6.555749653942055666e-02
6.278545065886444176e-02
6.357720149680971822e-02
5.786769791609711056e-02
6.454686402446693783e-02
6.327079105087451971e-02
6.341872193540136482e-02
6.219987940664092885e-02
6.347855692729353905e-02
5.844500037944978799e-02
6.137731400214963690e-02
6.103865828158126783e-02
6.203274655466278070e-02
6.343288178452187454e-02
6.297800767545898293e-02
6.355310416676931973e-02
6.104237590399053115e-02
6.345085127072201681e-02
6.264523613370126531e-02
6.225421287947231069e-02
6.472333116042945644e-02
6.198830856010317802e-02
6.259158390263716565e-02
6.246190433286958471e-02
6.364894765946600697e-02
5.919222382621632667e-02
6.086369989853766121e-02
6.238464876595470332e-02
6.342392761467231799e-02
6.196401857046617695e-02
6.084680132981803991e-02
6.274004300228423758e-02
6.259875969133443796e-02
5.881162920138902073e-02
6.246684617880318008e-02
6.298475258259308984e-02
5.792540052077836676e-02
