1.317428211867809340e+00
2.377091495568553481e-01
1.184853549922506022e-01
1.390122141068180495e-01
9.541418875257173804e-02
7.291596274202068184e-02
7.320701991518338558e-02
6.972121856485803681e-02
6.667073300729195462e-02
7.017308484142024960e-02
6.885736638680101107e-02
6.590799907843271355e-02
6.566397991652289656e-02
6.668353872994581266e-02
6.687354847788810897e-02
6.609289877116680811e-02
6.648437645286321696e-02
6.473474511255820907e-02
6.686405634507536222e-02
6.354645874972145170e-02
6.448757875089844438e-02
6.616101207211613766e-02
7.083552051335573196e-02
6.336865340669950442e-02
6.278635205700994204e-02
6.229721532203257028e-02
6.535977131376663474e-02
6.455563566957911448e-02
6.656935655201474955e-02
6.588340030362208055e-02
6.771081633244951936e-02
5.933880780513087899e-02
7.005149275685350341e-02
6.227992138514915760e-02
6.347334538896878819e-02
6.015122317398587798e-02
6.655501106133063227e-02
6.397702215860287533e-02
5.855787726119160430e-02
6.154541840155919319e-02
7.186004087949791896e-02
6.842761666824420663e-02
6.781233105187614574e-02
6.015127135440707234e-02
6.860246018196146378e-02
6.614937479918202301e-02
5.994759306932489346e-02
6.000343638161818177e-02
5.965210096289714353e-02
5.855852082992593632e-02
6.165866108611225971e-02
6.178213578338424133e-02
6.009406783928473994e-02
6.202118151510755545e-02
6.221768264348308264e-02
5.997444839527209942e-02
6.146608432133992411e-02
6.909812175047894134e-02
6.669829378525415908e-02
5.907588484386602778e-02
5.966673054421941375e-02
6.142683140312631823e-02
6.130762487029035868e-02
6.151468373835086711e-02
5.881638286014397726e-02
6.321974166979392462e-02
6.952980741858481861e-02
6.543713785397509142e-02
6.239440239965915458e-02
6.028345810870329446e-02
6.493254402031500838e-02
7.464733197043339763e-02
6.270622752606869188e-02
6.622023543963830028e-02
7.499478035916884444e-02
6.624987053374449542e-02
5.795476570104559494e-02
5.794561595966418732e-02
6.141677667076388819e-02
6.082299054910739189e-02
6.457099963289995859e-02
6.077607328072190396e-02
5.737263709306716919e-02
6.314304806292056482e-02
6.883699669813116151e-02
5.839223982766270776e-02
7.147382479161024094e-02
6.314955014735459948e-02
5.755286860590180104e-02
6.200791825850804351e-02
5.821927327041824529e-02
6.059036436801155251e-02
5.719822724349796911e-02
5.773718578740954371e-02
6.606716588139534274e-02
6.132750806709130753e-02
5.870899456242720249e-02
6.411953613162041377e-02
5.835466376816233341e-02
6.025687462960680613e-02
6.409772268186013366e-02
