1.110728942478696468e-01
9.365399877230326520e-02
7.916793158898750848e-02
7.332350307454665872e-02
7.370328865945338648e-02
7.052202187478542883e-02
7.515887015809614990e-02
7.133236123869816925e-02
6.868777982890605927e-02
7.283487270275751380e-02
6.949057908107837689e-02
7.042948734015226642e-02
6.690834655116001395e-02
7.249464690685272772e-02
6.456316830590366762e-02
7.065878678113221567e-02
6.807086151093244553e-02
6.926840022206307013e-02
6.878014262765645703e-02
6.395160748312871124e-02
6.747550461441279013e-02
6.921998746693133753e-02
6.979334956655899869e-02
6.222734808300932341e-02
6.136915963143110136e-02
6.296956337367494438e-02
6.598156945159038000e-02
6.379312972227732526e-02
6.933637820184231082e-02
6.869581819822391522e-02
6.760874285052219379e-02
6.478763204067945758e-02
6.731498998900255215e-02
6.660401274760564816e-02
6.719641263286273147e-02
6.513616728285948065e-02
6.601491185526052463e-02
6.576228899260362637e-02
6.738693869362274991e-02
6.793052845944960727e-02
6.194565640762448450e-02
6.177189319084087915e-02
5.789624809597929134e-02
6.709542591124773026e-02
6.450876112406452034e-02
6.565492805093527118e-02
6.273566136757532941e-02
6.452119670187433931e-02
6.540267253294587690e-02
6.110342402632037984e-02
6.307415300980209749e-02
6.487357970327138623e-02
6.660431257138649253e-02
6.345833952849110060e-02
6.226801760494708737e-02
6.449183331181605749e-02
6.446830065300067358e-02
5.970431401704748287e-02
6.444905186071991920e-02
5.220816790436704630e-02
6.486922726035118658e-02
6.174783930182457109e-02
6.493102243791024075e-02
6.485811838259299134e-02
5.719518872598806924e-02
6.318113589659332674e-02
5.967299320424596792e-02
6.504137348383665085e-02
6.198314620802800046e-02
6.436857351412375583e-02
5.937808273981014934e-02
6.290938698997100564e-02
5.268590512375036922e-02
5.319318852076927728e-02
6.441409358133871887e-02
6.408739201724529544e-02
6.289685737962523449e-02
5.769237615168094913e-02
6.135458983480930606e-02
6.410657136390605915e-02
6.319109040002028610e-02
5.964225558564066609e-02
4.703320895011226660e-02
5.645181965082883557e-02
6.127743829662601199e-02
5.704789341737826619e-02
6.079100025817751884e-02
6.053805255020658360e-02
6.424376101543506634e-02
5.985368983820080896e-02
6.294408834849794798e-02
6.336675199369588840e-02
4.749569371342658719e-02
5.941327490533391403e-02
5.708664913351337022e-02
6.322466855247815820e-02
5.818117745220661302e-02
6.236589190860589160e-02
6.193310404196381708e-02
6.137577587117751254e-02
6.289572035893797874e-02
6.014539481451113695e-02
6.110768131911754886e-02
5.633146647984783179e-02
4.759780907382567955e-02
6.443917940681179179e-02
5.655161378284295076e-02
6.214441920941074504e-02
5.772442510351538658e-02
5.234688874334096631e-02
6.205923802529771799e-02
5.872263160223762518e-02
6.263129447276392925e-02
5.833730033288399286e-02
6.011949752767880434e-02
5.715582662572463168e-02
5.866923381884892735e-02
5.703497386227051463e-02
6.297089050834377144e-02
6.011904704694946699e-02
6.093974277998010641e-02
6.118900241951148039e-02
6.004191972315311293e-02
6.085731235022346503e-02
6.165598388761282106e-02
5.947453112651904239e-02
5.775809449454148703e-02
5.646597680946190828e-02
6.135748261585831365e-02
6.160445023948947496e-02
6.011259742081165314e-02
5.597719959914684157e-02
6.161478084201613831e-02
5.490061690409978046e-02
5.233919344221552028e-02
5.407430063933134357e-02
5.547890886664390286e-02
5.446728610744078908e-02
5.514459774519006596e-02
5.904818158596754352e-02
5.968164556349317418e-02
4.714217757185300284e-02
6.170286020884910988e-02
5.667294285570581569e-02
6.295034885406494696e-02
5.915610172475378042e-02
6.129145373900731636e-02
5.889723033954699649e-02
5.690913675352930745e-02
5.663867232700189186e-02
5.874502947553992410e-02
6.104400291418035640e-02
5.975232354054848399e-02
5.977774715671936578e-02
5.571455871686339240e-02
5.251855201398333145e-02
6.019656931360562596e-02
5.769747399414579259e-02
5.960370252529779977e-02
5.960112825656930374e-02
5.921936519443989078e-02
5.613185930997133255e-02
5.437797444562117444e-02
6.216508460541566444e-02
5.792949826767047200e-02
5.746920071542262892e-02
6.083101322874426981e-02
5.264526689425110678e-02
5.746116914475957876e-02
5.990830954785148627e-02
6.104827976475159235e-02
5.901805469766259471e-02
5.196772323300440782e-02
5.874622746681173319e-02
5.840628209213415828e-02
5.937455920502543449e-02
5.846432556087772375e-02
5.961266883338491029e-02
5.365802412852645198e-02
6.067250498260060715e-02
5.744424682731429782e-02
4.847908796121676994e-02
5.846803169697523117e-02
6.498684876908858432e-02
4.990320947642127442e-02
6.150055319691697525e-02
5.982202018300692564e-02
6.072926453004280634e-02
5.584099010253946310e-02
5.030416250228882113e-02
5.882239161680142409e-02
5.589489834383130212e-02
5.510418840373555727e-02
5.690995535502831049e-02
5.768566243350505690e-02
5.230675100659330778e-02
5.790476963544885503e-02
5.748539520427584787e-02
5.873381396134694232e-02
5.621927510946989059e-02
5.892510631432135854e-02
5.280583693335453438e-02
5.987746876974900379e-02
5.438704472035169740e-02
5.857115074371298247e-02
5.107697295024991174e-02
5.963443567355473929e-02
5.556109339619676180e-02
6.018835899109641757e-02
5.552776204422116280e-02
5.735534168779850284e-02
5.963946469128132005e-02
5.470750378444790701e-02
5.636045293261607303e-02
5.453697874521215572e-02
5.604964814459283823e-02
5.441090837121009827e-02
5.835379293809334761e-02
5.740656489506364146e-02
5.795111398523052765e-02
5.274030799046158791e-02
6.105447451894482208e-02
5.948298374811808453e-02
5.822524456307291707e-02
5.810158494859933576e-02
5.537930214777588706e-02
5.052055685470501628e-02
5.757724040498336110e-02
5.970185650512575826e-02
5.552374732991059714e-02
5.830790776138504439e-02
5.781196122989058772e-02
5.600855471566319743e-02
5.633065778141220503e-02
5.495377297823627466e-02
5.942658387745420462e-02
5.962693321829040660e-02
5.388881436859568191e-02
5.843205321580171446e-02
5.203041813025872236e-02
5.853271173934141564e-02
6.008172174915671349e-02
5.534559882556398802e-02
5.732259172946214953e-02
5.792280950893958363e-02
5.684773968532681743e-02
5.756863066926598549e-02
5.044979924956957684e-02
5.558154198030630655e-02
5.519809477652112828e-02
5.663428514574964795e-02
5.803026830156644139e-02
5.678961227337519374e-02
5.486017096166809215e-02
5.818924581011136049e-02
5.735606808836261200e-02
5.424045417457819263e-02
5.468428380166490826e-02
5.700944677616159167e-02
5.510073158269127025e-02
5.662928642705082616e-02
5.718133989721536914e-02
5.840623583644628802e-02
4.752973529199758934e-02
5.703900400549173633e-02
5.741663469622532850e-02
5.694048162549734254e-02
5.525893174732724594e-02
5.662109882881243700e-02
5.569835075487693243e-02
5.041980482637882510e-02
5.580385498081644191e-02
5.397477972631652826e-02
6.022148185099164552e-02
5.667455665146311355e-02
5.041644554585218707e-02
5.921681880330045833e-02
5.164912262310584340e-02
5.608119089156389514e-02
5.705867648745576587e-02
5.909714431812365665e-02
5.656639278555909700e-02
5.287755203122893738e-02
5.798697937279939651e-02
5.375398484369119101e-02
5.854431188975771361e-02
5.365253469596306668e-02
5.494839816043774194e-02
5.334961423650384088e-02
5.822909101843833785e-02
5.499029432733853334e-02
5.036619910970330238e-02
5.648384978994726996e-02
5.880246941621104784e-02
5.546899757658441815e-02
5.412199798350533081e-02
5.632331476857264929e-02
5.350386705249547681e-02
5.860036794717113362e-02
5.704877444853385243e-02
5.645702676847576956e-02
5.503282068918148584e-02
5.302895981197555675e-02
5.738734866802890772e-02
4.631092433507243838e-02
5.948113339642683434e-02
4.848886967326204028e-02
5.716276854897538867e-02
5.617008094365397858e-02
5.642532221972942214e-02
5.337396021932363371e-02
5.637387890989582068e-02
5.001285790155331201e-02
5.606741424029072079e-02
5.400896367306510376e-02
5.552655359109242433e-02
5.359843336045742174e-02
5.781081737950444221e-02
5.568579938262700757e-02
5.453953718145688329e-02
5.754690030589700023e-02
5.488011374448736185e-02
5.322200252364079481e-02
5.822554836049675941e-02
5.300710819040735378e-02
5.673649348318576813e-02
5.465229758992791453e-02
5.588185243929425644e-02
5.522004238640268459e-02
4.585702248538534032e-02
5.899793657784660472e-02
5.321676377207040787e-02
5.533880504469076977e-02
5.488509678592284197e-02
5.506534390151500424e-02
5.510317046816150255e-02
5.259012167031566071e-02
5.820212733621398654e-02
5.434267387414971895e-02
5.577680158118406700e-02
5.494799921289086203e-02
5.483215938632687164e-02
5.627270458887020932e-02
4.744870147357384271e-02
4.101072258005539900e-02
5.491239444042245871e-02
5.074653377135594778e-02
5.063232276588678499e-02
5.825417482604582781e-02
5.170923164114356319e-02
5.675272488345702721e-02
5.384840856616695398e-02
5.362940266107519421e-02
5.451304574186602997e-02
5.749325941627224379e-02
5.610657722378770834e-02
5.026596896350384036e-02
5.013011274859309474e-02
5.599865075200795989e-02
5.317198658982912746e-02
5.709365373477339606e-02
5.395641941577196399e-02
5.074568328758080615e-02
5.118612302467227121e-02
5.580856604501605034e-02
5.593741415068507333e-02
5.238081316153208461e-02
5.457343552261591235e-02
5.500148395076394359e-02
5.406597467760244913e-02
5.372674663861592287e-02
4.717183001339435300e-02
4.784668001035849438e-02
4.156236841032902307e-02
5.191415837034583231e-02
5.551695721223950247e-02
4.682797382896145000e-02
5.346616726989547597e-02
5.207402504359682355e-02
5.413532024249434471e-02
5.346282375976443152e-02
5.276121754820148335e-02
4.870519728089372363e-02
5.196861804773410254e-02
5.491326957320173674e-02
5.475106788799166679e-02
5.498380353674292564e-02
5.183682137479384694e-02
4.924657869463165694e-02
5.586465802043676099e-02
5.134872905910015106e-02
5.572446237007776942e-02
5.455560746292273389e-02
4.995885047440727644e-02
4.926432287320494513e-02
5.625909892842173576e-02
5.110170257588227821e-02
5.552242382739980969e-02
4.426671642189224792e-02
5.348694038887818331e-02
5.510395787035425597e-02
5.178423340742786818e-02
4.936995667715867592e-02
5.285550830885767798e-02
5.496799660225708956e-02
5.214776784802476611e-02
5.510023447374502725e-02
5.267579952875773436e-02
5.262493419771393371e-02
5.423512014870842529e-02
5.135052927459279881e-02
5.376043751214941435e-02
5.637657381594181338e-02
5.316907229522863793e-02
5.204376624897122383e-02
5.415442703912655420e-02
5.286250965048869266e-02
5.451669481893380714e-02
5.503953962276379036e-02
5.486166253685951372e-02
5.254869212706883563e-02
4.756479710340499878e-02
3.950272401173909181e-02
5.855690712730089731e-02
5.107956429322560443e-02
4.947622570519646240e-02
5.845704485351840840e-02
4.250008976086974005e-02
5.352532345180709833e-02
4.772780978431304111e-02
5.684242319936553406e-02
5.462149707600474219e-02
5.380778318891922540e-02
4.656250694145758900e-02
5.396820555130640851e-02
4.682789475967486653e-02
5.720586897805333276e-02
5.380654813100894246e-02
5.262092761695384702e-02
5.332873668521642685e-02
5.337213029464085712e-02
5.445598447695374628e-02
5.236752883841593736e-02
5.168386393537124229e-02
5.410919440910220285e-02
5.190848475322127481e-02
5.591013220449288917e-02
5.103152931357423511e-02
5.429951955253878998e-02
5.141734868908921785e-02
5.170651258279879842e-02
5.460598847518364357e-02
5.343012282003958835e-02
5.404013684019446512e-02
4.868065317471822334e-02
4.777607430393496918e-02
5.109896517048279768e-02
4.925441574305296222e-02
5.657702588165799962e-02
5.133314657335479730e-02
5.497615654021501680e-02
5.435787231350938664e-02
5.378488600254058977e-02
5.133831296116113385e-02
5.570101710036397258e-02
4.983604106431206021e-02
5.328801929329832210e-02
5.356117139259974208e-02
4.950690483674406728e-02
5.276297029728690968e-02
5.444867629557847977e-02
5.355426461125413484e-02
4.949820935726165910e-02
5.457658966382344240e-02
5.288001578301191469e-02
5.420490450536211147e-02
5.178610303749640875e-02
4.731455141057570868e-02
4.806427164003253261e-02
5.172127171730001721e-02
5.364708434790373126e-02
5.122207657744486803e-02
5.271390167375405306e-02
5.290719674279292101e-02
4.735189120595653667e-02
5.053631213183204518e-02
5.109542387848099027e-02
5.590968905016779900e-02
5.229875541602571620e-02
5.433812731256087297e-02
5.041679963469505171e-02
5.253215810904900140e-02
4.729771719624598775e-02
4.866293755670388771e-02
5.290933875367045264e-02
5.053466747825344219e-02
5.420856907342871261e-02
5.091828797012567381e-02
4.890040891865889139e-02
5.540777680774530006e-02
