8.927638000249862316e-01
7.147233532369137166e-01
2.021238015095392915e-01
1.377339114993810787e-01
1.390791267653306296e-01
1.139021331754823535e-01
1.050479492545127874e-01
1.370786504571636644e-01
9.690020378679037316e-02
1.100065428142746327e-01
8.721439091488719653e-02
8.021931797886888704e-02
7.805903614809116264e-02
8.911235975101590434e-02
9.627951500937342866e-02
7.952945059165358876e-02
9.276312603304782967e-02
1.053111947452028546e-01
8.422014903277158515e-02
7.886214107895890557e-02
8.447363000363111718e-02
8.582596737891436123e-02
6.941759031886855780e-02
9.151999946683644915e-02
8.875269322966536367e-02
8.163292724639177600e-02
7.111931879694263769e-02
7.589250554020206263e-02
7.174010398487250251e-02
7.055557904765009936e-02
7.925432929148276684e-02
8.025348891814550190e-02
7.245859041189153804e-02
7.222478494669000437e-02
7.009198390568295578e-02
7.796996676052610209e-02
8.473298431684574139e-02
8.070042293518780996e-02
8.559786542008319954e-02
8.639993176485101511e-02
7.863721433406074823e-02
7.041083609064420490e-02
8.648196887224912643e-02
6.692023951560259476e-02
6.612859336038430513e-02
6.624691580732663954e-02
6.682594632109006838e-02
6.914622891073425592e-02
6.612419802074631647e-02
7.097860665991902185e-02
7.780913536126414509e-02
7.688517813881237672e-02
6.712498073776562713e-02
7.110761474817990646e-02
7.143669630090396239e-02
7.291400883346796369e-02
7.061266272639234176e-02
7.341466475899020849e-02
6.806275676935910623e-02
8.464438296854495669e-02
6.647569254040718023e-02
7.231522820579508459e-02
6.551440903296072704e-02
6.908744626988967685e-02
6.964896667127808139e-02
6.943040411919355892e-02
7.031202528625726811e-02
6.593474034840861309e-02
6.964841247225801724e-02
6.628253463655710276e-02
6.906027659773826544e-02
6.972739684705932250e-02
7.341864110901952234e-02
7.956566160544753519e-02
6.995776142304142853e-02
6.527990528071919707e-02
6.911154315186043839e-02
7.414504328742622941e-02
6.618071628113587901e-02
6.575826802601417165e-02
6.544665868704517553e-02
6.742973585613071252e-02
9.327887178088227482e-02
8.152050594488780000e-02
6.640131008500854692e-02
7.412174066218236990e-02
7.212922422836223757e-02
8.164687362809976146e-02
7.093297398338714588e-02
8.107488973687092260e-02
7.038836242631077433e-02
6.742059321453174048e-02
9.906996322174867198e-02
6.793968950708707821e-02
7.426857501578827681e-02
6.696650704368949103e-02
7.220214888453484192e-02
6.528555154179532805e-02
6.934370098014672190e-02
6.636886369436979793e-02
6.447269609818856440e-02
6.735368208338816942e-02
6.778640115633606522e-02
7.828582393626372371e-02
9.228713164726892737e-02
7.162018993869423422e-02
6.883136017868916878e-02
6.695318333183725157e-02
6.502368098124861051e-02
7.448420515904824457e-02
7.735588094840446793e-02
7.855836479614178303e-02
6.811358137677113456e-02
6.934499444440006544e-02
6.544613521546124857e-02
6.983969220270713762e-02
6.867858946944276066e-02
6.732125423848628332e-02
6.380895458782712137e-02
7.447272509336472224e-02
6.692467987537384366e-02
6.482180779178937924e-02
6.545621670161684558e-02
6.406912017613648758e-02
6.304183745135863437e-02
6.484146894887089785e-02
6.899683692802985324e-02
7.738797888159751337e-02
6.502151712775230963e-02
6.840235918139417337e-02
6.564350976919133829e-02
6.756632218137383072e-02
6.319196421653032469e-02
7.071775084361434094e-02
7.111058526982863559e-02
7.499120435987909061e-02
7.208099277690052653e-02
6.585972233985860902e-02
7.672442926714817535e-02
7.136879942069450367e-02
6.550152158364654087e-02
7.185743529970446686e-02
7.471515177438656230e-02
6.690805641934276238e-02
6.646479501699407988e-02
6.640194798509280183e-02
7.053534404064218388e-02
7.526600478837887354e-02
8.027424590662121662e-02
7.477507424230377120e-02
6.373049485807617820e-02
7.337315831954280276e-02
6.350861294195056517e-02
6.835490417356292203e-02
7.482613311459621053e-02
7.536784522545834919e-02
6.300213801984985706e-02
7.332104671125611040e-02
6.372898265719413591e-02
6.893986075495679711e-02
6.342110636333624096e-02
6.533515244101484321e-02
6.791778149083256555e-02
6.397205768153071959e-02
5.989483358959356990e-02
6.797721233839790211e-02
6.314148818453152456e-02
7.042783660193284445e-02
6.925844058394431402e-02
6.175619227190812244e-02
6.389242977524797751e-02
6.376674651478728140e-02
6.655548750112454115e-02
6.948046127955119500e-02
7.021986293296018922e-02
6.106108576059341569e-02
7.060899892201026595e-02
6.176320866371194651e-02
7.571109995866814879e-02
6.221158120160301397e-02
6.603705251589417347e-02
7.704836972678701101e-02
8.182541316375135931e-02
6.322868085776765790e-02
8.663863639036814557e-02
8.067253043254216105e-02
6.339869509140649839e-02
6.849037388960520223e-02
6.739311135684450393e-02
7.990761825814843289e-02
6.656212335452436901e-02
6.459848437458276527e-02
6.738088537007570766e-02
6.625563065831860388e-02
6.373888581370314166e-02
8.181113671511411334e-02
7.564209667965769712e-02
7.144816230361659970e-02
6.802061186172067564e-02
6.821483211591840290e-02
6.636163349573810655e-02
6.473226285850008921e-02
6.407905923202633636e-02
6.375045102710524825e-02
6.639144672701756400e-02
8.006724761488537290e-02
7.067063363268971665e-02
6.813982537016272101e-02
6.203973156089583746e-02
6.685870097950101509e-02
6.254289798438548986e-02
6.138822751740614231e-02
6.892790653432409598e-02
6.527320453897118846e-02
6.468720196125407607e-02
6.314875611724952986e-02
6.735229476665456627e-02
6.204177680735786793e-02
6.255231802041331945e-02
6.631944876785079990e-02
6.874187160904209060e-02
6.596580897457897386e-02
6.300498542065421925e-02
6.753405102839073193e-02
6.257292327160636491e-02
6.697717746719718257e-02
6.771310761570931147e-02
6.269249740988015740e-02
6.053471814220150182e-02
6.364454132504761275e-02
6.661073228654762479e-02
6.095026979222893659e-02
6.880707036703824497e-02
6.604885903807977687e-02
6.412390626966953111e-02
7.014334631152450983e-02
6.532349703212579628e-02
6.509453191732367250e-02
6.669526005163789462e-02
6.556242624918619255e-02
6.559580483163396369e-02
6.290511953334013140e-02
6.726321444536248473e-02
6.382793249562382365e-02
5.942933809633055980e-02
6.088867109889785356e-02
6.673976822445790158e-02
6.983836473897099550e-02
6.625104658926526946e-02
7.029737779870628978e-02
8.297693504641454054e-02
6.404836783806483469e-02
6.214748088891307309e-02
6.822560528914133060e-02
6.144862089306116215e-02
6.411890191646914261e-02
6.823028147220611128e-02
6.573014965280890576e-02
6.089142387111981525e-02
7.126446533637742498e-02
7.169324443365136801e-02
6.918163361648718701e-02
5.932017997528116204e-02
7.697513109693925049e-02
6.055462301398317065e-02
6.986458223933975087e-02
6.759427015359202595e-02
6.403303624441226971e-02
6.208277421693007142e-02
6.952976215630769785e-02
7.376257076238591781e-02
6.429826235398650169e-02
6.546574861742555929e-02
6.306632428740462093e-02
7.484815894315639817e-02
7.183472697002192542e-02
7.625113238270084248e-02
6.637857840086022754e-02
6.240933163091540170e-02
6.594085217763979989e-02
6.525895539050301231e-02
6.324211704234282416e-02
6.509543184811870942e-02
6.137759521603584206e-02
6.536792466106514099e-02
6.085241708283622986e-02
7.254479177296162262e-02
5.908134872714678604e-02
7.606933333600561509e-02
6.117455889781316103e-02
6.108187904581427463e-02
7.243388402586181662e-02
6.659201482931773053e-02
6.492794692516326571e-02
6.568371796980500277e-02
6.460807849653064927e-02
6.326581722746292546e-02
6.968831812342007881e-02
6.238730529323219948e-02
6.210922539855043278e-02
6.056438464981814263e-02
6.548185385142762938e-02
6.337384893248478035e-02
6.209159592166543090e-02
6.886409070342779104e-02
6.473241118714213871e-02
7.569315331677595182e-02
6.269252181053161510e-02
6.244193632155656953e-02
6.792501421024402242e-02
6.353388126318652851e-02
6.339635712405046475e-02
7.803358017156521165e-02
6.098368126899003649e-02
6.544439748550455460e-02
7.857843278596798875e-02
6.316236152624089828e-02
6.374364918718734840e-02
6.518051981305082732e-02
6.588900314643979239e-02
6.017586529254913275e-02
5.824172401800751381e-02
6.943187178423007588e-02
6.184449360395471301e-02
6.507876020545760865e-02
6.874662264560660319e-02
6.917339503765106146e-02
6.730587287495533311e-02
6.642744635231792594e-02
8.559869882340231939e-02
6.194555859391887714e-02
6.751544303571184458e-02
6.615450340633591275e-02
7.051513615995645690e-02
6.251757933447758819e-02
6.517893201361099620e-02
7.149078033554057132e-02
6.084337107216318541e-02
6.348959634080529602e-02
6.347973952069878301e-02
6.040970621630549486e-02
5.999031760419408499e-02
5.982881977533300449e-02
8.039481711884340076e-02
8.456924538438519157e-02
7.204216443002224579e-02
6.145822652305166223e-02
6.481208251168329992e-02
6.135705592731634933e-02
6.906230729073285779e-02
6.126639060055216052e-02
6.674285020679235347e-02
6.069409348070621546e-02
6.959795049081246576e-02
5.969533265878756989e-02
6.643249886110424995e-02
6.947748409273724057e-02
6.903702568883697543e-02
6.588527244826157536e-02
6.545306898032625387e-02
6.174359857415159802e-02
6.320763001218437926e-02
8.122687060075502175e-02
6.762707229703664169e-02
6.453756246094902171e-02
6.174246128648519516e-02
6.604117173391084450e-02
6.862378246771792811e-02
5.932660238196452163e-02
6.165487711007396066e-02
6.831044365962346543e-02
7.301468778712054408e-02
6.795958201090494810e-02
8.251545693104465895e-02
7.129044166455665577e-02
7.027134326597055114e-02
7.246766133233904783e-02
6.102172143136461863e-02
6.288043103801707612e-02
6.095746627077460594e-02
6.014739047735929295e-02
6.038875782862305336e-02
7.980699831619858520e-02
6.986328412468234550e-02
6.250621337754030948e-02
6.260410892466704291e-02
6.270622748881578279e-02
6.234152519454558977e-02
8.176373584506411996e-02
6.890908032034834263e-02
7.908217874666055580e-02
6.101351119577884397e-02
6.519948733970522270e-02
7.617691739151875863e-02
7.095113105451067437e-02
6.278123581781983042e-02
6.658108561299741490e-02
6.280162222372988323e-02
6.792584003259738434e-02
6.475750701812406362e-02
6.208984746287266737e-02
6.164329575995604327e-02
7.089754044078290518e-02
7.593221626554925996e-02
6.402212169642250428e-02
6.724149045223991317e-02
6.371118100980917298e-02
6.390857804566621447e-02
6.515960561111569516e-02
6.406957383578022747e-02
6.776848779059946315e-02
6.236487015460927957e-02
6.202598010500272319e-02
5.883222797885537259e-02
5.980269756168127282e-02
6.086683302496870285e-02
6.082541424781084255e-02
6.146921867504715614e-02
6.097920346384247403e-02
6.084913129607836396e-02
7.083225491146247221e-02
7.650105665127436561e-02
7.916196817532181185e-02
6.396774622301260038e-02
6.521255547180772327e-02
6.799603504128753917e-02
6.547790321831901961e-02
9.263471985235810502e-02
7.693140661964813221e-02
7.795816743435958485e-02
6.352749396736423471e-02
6.557984134182333336e-02
6.303043649221459765e-02
7.094692279895147002e-02
6.523687175785501668e-02
7.864234242588281909e-02
6.157105353350440791e-02
6.136363126337528173e-02
6.240253594083090827e-02
6.162149270375569948e-02
6.569929605970779851e-02
6.103016136214137188e-02
6.584166905532280734e-02
6.663354386265078755e-02
6.280965027709801973e-02
5.827987181022763197e-02
6.365630262841781573e-02
6.345159205297629113e-02
6.150808351424832954e-02
6.518541409944494935e-02
6.542330953913430558e-02
6.461112081383665884e-02
6.135270565127332737e-02
6.088870168353120726e-02
6.854962524026632364e-02
6.618987775097290305e-02
6.300723928647736227e-02
6.711468939358988806e-02
5.981829653183619311e-02
7.610195855299631273e-02
6.369711602727572142e-02
6.541024633993705595e-02
6.616100881869593775e-02
6.323272712528706097e-02
6.400661888842781866e-02
6.540585840120911876e-02
6.030644149209062055e-02
6.187943020214636825e-02
7.349515956516067261e-02
6.678861155485113499e-02
6.214397316177686093e-02
6.173353158558408244e-02
6.716193432298799004e-02
6.533430771902203060e-02
6.351079490035772823e-02
6.215307536224524282e-02
6.254412549858291703e-02
7.604792874306440242e-02
6.938601458134750766e-02
6.688522488810122457e-02
7.219214290380478183e-02
6.957818007717529729e-02
6.100820399199922972e-02
6.526061887542407292e-02
7.126617337887486414e-02
6.913004774910708194e-02
6.372210623386005690e-02
5.967757184058428144e-02
6.497266505534450565e-02
5.975390823557973075e-02
6.606605681280294795e-02
7.385573521256447171e-02
6.193452297399441170e-02
6.752379462122917730e-02
5.918119172255198457e-02
6.417288560420274235e-02
6.154131134351094323e-02
6.583825979381799365e-02
6.875109802621105770e-02
6.703272022306919209e-02
