8.590643865987658556e-02
2.491411007940769196e-02
9.363292250782251358e-03
4.566755699925124402e-03
2.785473214462399344e-03
1.837944497528951624e-03
1.340799997851718295e-03
9.908288107544648872e-04
7.998267389484680712e-04
6.348276819335296360e-04
5.251486400084104389e-04
4.678584066277835605e-04
3.906056183768668883e-04
3.548349704215070385e-04
3.126293773675570481e-04
2.794282149989157742e-04
2.586513391725020288e-04
2.289858838048530775e-04
2.189104256103746647e-04
2.037711368029704252e-04
1.819283895747503179e-04
1.761179782988619991e-04
1.589411551321972984e-04
1.568650976696517275e-04
1.453697092802031031e-04
1.368251812527887436e-04
1.305821258029027268e-04
1.259897621639538459e-04
1.219747661889414292e-04
1.151076988571730941e-04
1.151650781503121894e-04
1.097668367765436371e-04
1.057450267762760594e-04
1.026114777960174289e-04
9.937968614394776903e-05
9.679039803813793154e-05
9.283056211643269621e-05
8.845523549098288044e-05
8.686184773978311026e-05
8.757219251492642581e-05
8.650110828966716802e-05
8.038393030801671774e-05
8.221311478337156261e-05
8.033574893488548533e-05
7.954442116897553205e-05
7.669958049518754164e-05
7.750697650408256410e-05
7.379652604868170253e-05
7.150597450163331977e-05
7.119333945411198967e-05
7.101652348865173151e-05
7.145980041968869425e-05
6.772731733690307660e-05
6.658830125161330216e-05
6.791707826778292764e-05
6.660491420007019336e-05
6.553677610099839946e-05
6.716790298014530306e-05
6.258684945350978415e-05
6.565029522789700314e-05
6.295233760283735830e-05
6.307238686531491112e-05
6.392991987922868778e-05
5.972323729110940029e-05
6.075828508073755047e-05
6.130178838247956740e-05
6.116810484854795613e-05
5.943840206782624672e-05
5.729172328756249017e-05
5.821266689963522421e-05
5.926987040766107167e-05
5.794002978291246190e-05
5.668362422511563420e-05
5.750700982389389239e-05
5.710075004571990820e-05
5.750512140366481671e-05
5.721280097532144255e-05
5.499564706951787203e-05
5.483491841914655781e-05
5.529489118089259353e-05
5.338453584954549699e-05
5.491794509907777037e-05
5.490726191055728285e-05
5.355787969165248498e-05
5.469453451041772659e-05
5.491334740327147491e-05
5.320926036802120209e-05
5.377109951041347677e-05
5.334402807420701774e-05
5.228051499216235297e-05
5.196101306864875586e-05
5.271014910249505517e-05
5.162320848285162545e-05
5.118521355143457077e-05
5.172891532311041428e-05
5.081012055597966483e-05
5.104953240333998002e-05
5.092843513011757696e-05
5.144018913597392709e-05
5.049721788964234482e-05
5.065996803750749840e-05
5.163678525605064568e-05
5.073882451142708414e-05
5.072687928077357301e-05
5.060521891209645884e-05
4.967832183865539074e-05
4.974446376763807913e-05
4.980637956577993355e-05
4.958296296535991159e-05
4.922053343761945469e-05
4.951715532115485714e-05
4.788499099959153546e-05
4.902839302303618643e-05
4.952962560309970584e-05
4.875701993114489732e-05
4.889842881311779127e-05
4.801519556167477114e-05
4.787401338035124598e-05
4.730073278551572274e-05
4.765975961163348740e-05
4.835136964175035300e-05
4.841927388952171760e-05
4.760282065944920597e-05
4.710256347607355755e-05
