4.233970635533332860e-01
4.249025606960058488e-01
4.225132755339145452e-01
4.244809840992093131e-01
4.223477304279804057e-01
4.219219929277897019e-01
4.230027135014534090e-01
4.217324828654527846e-01
4.229380849078297477e-01
4.219573048204183774e-01
4.220292684584855958e-01
4.210654658377170345e-01
4.227005765289068018e-01
4.202459931522607994e-01
4.225425485521555058e-01
4.249284874275326973e-01
4.233233107775449811e-01
4.223503627181053321e-01
4.243679324239492678e-01
4.211105799376964609e-01
4.242452051639556965e-01
4.224927286207675881e-01
4.229703686237334948e-01
4.215557557493448404e-01
4.214103330075740783e-01
4.232106271311640855e-01
4.213827187418937581e-01
4.227788063213229197e-01
4.232011039331555202e-01
4.227019465565681200e-01
4.221492619514465305e-01
4.223568832129240280e-01
4.233236772716045260e-01
4.244506958872079627e-01
4.231513484343886189e-01
4.219427321106195561e-01
4.237309038788080184e-01
4.229980466663837424e-01
4.230130902975797746e-01
4.232143502980470484e-01
4.235096228718757683e-01
4.236101048290729643e-01
4.232672285437583670e-01
4.218886770382523355e-01
4.235019385367632117e-01
4.233272996768355223e-01
4.229795025885105253e-01
4.218704903870820755e-01
4.219251334518194230e-01
4.223909036740660650e-01
4.222084145992994197e-01
4.205871461927890853e-01
4.230247331261635102e-01
4.229428858458995633e-01
4.251948490440845552e-01
4.231421044245362029e-01
4.220802601724862879e-01
4.219898687899112932e-01
4.238645486980676669e-01
4.237724500298499786e-01
4.217677443400025261e-01
4.217478761821985001e-01
4.249060063287615763e-01
4.233718019053340220e-01
4.214782112985849261e-01
4.205227188616991185e-01
4.224315484166145107e-01
4.250284253060817585e-01
4.218005375713109739e-01
4.236682017296552472e-01
4.234286830872297513e-01
4.245174118280410913e-01
4.234237137958407615e-01
4.222445671856403515e-01
4.236690144017338788e-01
4.227414659708738087e-01
4.255159374028444352e-01
4.229501861482858893e-01
4.225314850062131811e-01
4.234104678779840314e-01
4.212120721042156291e-01
4.231314360052347290e-01
4.216393563598394567e-01
4.231765728741884169e-01
4.225692021995782754e-01
4.250050552487373290e-01
4.231195846945047245e-01
4.240405007898807588e-01
4.218440477252006771e-01
4.214444250911474343e-01
4.231825452074408633e-01
4.246715771555900631e-01
4.218866796791553297e-01
4.231428346633910875e-01
4.232313822209834986e-01
4.246205239221453875e-01
4.217942055463790862e-01
4.231342096775770334e-01
4.218453930467367385e-01
4.255948433578014556e-01
4.231087287515402084e-01
4.240183180198073276e-01
4.224699451774358572e-01
4.230021234750747650e-01
4.239102409407496386e-01
4.219331479370593829e-01
4.214257837310433352e-01
4.239715759456157418e-01
4.236567564904689664e-01
4.234197805523872149e-01
4.239628649652004144e-01
4.217516751885413973e-01
4.235485286191105758e-01
4.222711519002914637e-01
4.230745746493339565e-01
4.228195646554231413e-01
4.219553363323211848e-01
4.226980363279581043e-01
4.244508458077907442e-01
4.216124920099973417e-01
4.229724706485867292e-01
4.227596982195973574e-01
4.224729132428765022e-01
4.232888370603323236e-01
