9.133173488080501001e-02
6.887346164633829926e-02
6.707778399189313900e-02
5.932578711460034099e-02
6.289146781588593471e-02
5.620465766017635617e-02
6.407559613386790143e-02
5.935642852758368088e-02
5.931510167817274914e-02
6.026100488379597386e-02
5.990030566851298199e-02
5.405127766231695996e-02
5.697313134248058186e-02
5.840401410435636792e-02
5.146387265995144844e-02
4.948652771612008228e-02
5.386552354320883751e-02
5.273866693799694055e-02
5.442107142880558968e-02
5.489725740626454076e-02
5.706912747894724025e-02
5.480119008570909223e-02
5.617398405447602411e-02
5.537153861174980846e-02
5.057484063630302701e-02
5.461214386547605382e-02
5.120076388120651384e-02
5.519445352256298343e-02
5.520495775466163768e-02
5.387034621089696607e-02
5.260317226250966344e-02
4.940884290263056894e-02
4.767570520440737175e-02
5.238631482546528273e-02
5.582568133249878745e-02
5.366470323254664970e-02
5.395278135935465541e-02
5.348628976692756248e-02
4.633924749990304265e-02
5.344982445240020752e-02
5.286774219324191088e-02
4.770201134184996056e-02
5.323381796479224881e-02
5.427762993300954547e-02
5.273737649743755890e-02
4.802546678110956868e-02
5.276517653837799887e-02
5.230746027082204541e-02
5.072754345213373317e-02
5.209113676100969592e-02
5.285148521264394078e-02
5.173439364880323688e-02
5.230440972372889241e-02
5.227046463017662181e-02
4.975264789536595206e-02
5.065592204531033788e-02
5.018135455126563477e-02
5.151820875083406442e-02
5.222501462946335660e-02
5.206493667016427046e-02
4.936168910935521265e-02
5.146358550215760636e-02
4.320271729181210385e-02
5.067243852342168814e-02
5.204574838280677518e-02
4.646290599678953165e-02
4.891333207488059859e-02
4.937000988672177182e-02
5.191031753395994319e-02
5.051499481002489494e-02
4.388350332155823569e-02
5.210036424299081120e-02
4.799100412055849751e-02
5.286581243077913966e-02
4.384405550857384953e-02
5.241861057778199329e-02
5.011803281183044301e-02
5.246876676877339912e-02
5.095263241479794369e-02
5.151126732428868565e-02
4.872339867676298009e-02
5.080628528570135111e-02
5.107852583751082420e-02
5.062798901150623865e-02
4.420267455279826979e-02
4.711357364431023598e-02
5.078309709206223210e-02
4.992187796160578450e-02
5.048276263599594388e-02
4.799496897806723728e-02
4.738308951879541264e-02
5.072271243358651704e-02
4.505944969132542888e-02
4.168284414336085458e-02
4.847049756596485959e-02
4.791976530104875842e-02
5.003381452212730951e-02
3.984005628153682033e-02
5.168366214881340431e-02
4.858385808765888075e-02
4.952219501137733459e-02
4.844083295514186455e-02
4.834206659967700548e-02
4.597676179061333662e-02
4.924850116173426495e-02
4.445634145910540985e-02
4.227931859592596459e-02
5.139509498452146663e-02
5.018267047901948247e-02
4.915948885803421431e-02
4.589770439391335083e-02
4.719966938719153543e-02
5.139254030461112843e-02
4.867294666667779102e-02
4.951526951044797620e-02
4.389402618010838919e-02
4.960594295213619637e-02
5.077072397495309419e-02
4.492365739618738724e-02
4.784081941470504085e-02
4.570736909906069484e-02
4.962640088051557818e-02
4.733139825984835486e-02
4.543610581507285390e-02
5.023315964887539731e-02
4.395529534667730331e-02
5.028764816621939665e-02
4.936938183382153650e-02
4.841729740922649794e-02
4.427136216933528351e-02
4.884646373490492827e-02
4.364492890114585882e-02
4.584357111404339241e-02
5.007520193854967522e-02
4.094774927943944931e-02
5.119098654637734003e-02
5.049914286161462373e-02
4.770844150334596634e-02
4.394688894972205440e-02
4.832395041982332634e-02
4.853602365280191427e-02
4.656213919321695871e-02
4.454933234180013385e-02
4.604354811211427284e-02
4.182958425953984399e-02
4.958899285023411069e-02
4.880984503154953136e-02
4.847078068802754269e-02
4.814918832853436192e-02
4.385230081776778088e-02
4.808118172610799379e-02
4.975536763668060580e-02
4.792607165873050828e-02
4.338867136587699208e-02
4.388619347785909647e-02
4.717684158434470171e-02
4.239725843071937700e-02
4.931386308744549474e-02
3.581827872743208879e-02
5.023239835475881709e-02
4.391628677646319118e-02
4.421941492085655623e-02
4.884296581149101535e-02
4.668889638657371111e-02
4.953989004716276984e-02
4.796127428611119542e-02
4.522912604734301290e-02
4.662510507429639545e-02
4.585989741608500342e-02
4.561705958719054765e-02
4.895685653512676233e-02
4.708680141096313609e-02
4.581275650610526495e-02
3.892790721729397913e-02
4.304536463071902824e-02
4.212232784678538594e-02
4.185425098985433301e-02
4.826086321845650395e-02
4.740393798177441192e-02
4.391832699378331317e-02
4.351985280712445531e-02
4.214810539657871252e-02
4.783752042179306024e-02
4.913373378415902132e-02
4.886924478535850658e-02
4.368215603753924231e-02
4.724973542615771432e-02
4.710165212551752772e-02
3.949420563876628737e-02
4.828018570939699577e-02
4.618158200755715509e-02
4.693868275110920502e-02
4.635714339092374126e-02
4.183313927302757806e-02
4.654986687625448094e-02
4.772321550796429501e-02
4.848586618900298933e-02
4.490799978375435014e-02
4.275706891591350006e-02
4.502538184945781979e-02
4.700827325383822447e-02
4.119510989015300745e-02
4.724892638623714308e-02
4.554900728786984848e-02
4.057111752529939108e-02
4.918148362388213152e-02
4.633011948317289352e-02
4.735557244469722205e-02
4.347962584967414446e-02
4.195606550201773366e-02
4.714996423572302003e-02
4.252011328935623169e-02
4.377372022718191424e-02
4.785302092010776387e-02
4.219492242361108647e-02
4.731767509753505296e-02
4.679980560516317639e-02
4.486532652129729404e-02
4.698968060935537067e-02
4.581623052557309145e-02
4.773711881910761012e-02
4.021296302477518625e-02
4.893978551651041037e-02
4.456261623029907776e-02
4.388210438191890439e-02
4.333344058444102420e-02
4.913019870097438263e-02
4.676110039775570326e-02
4.217581587533156262e-02
4.316324324657519473e-02
4.949630635480085916e-02
4.490687098974983221e-02
4.525195298095543994e-02
4.602211397141218324e-02
4.435180161769191470e-02
4.738571022947628969e-02
4.161514236281315532e-02
4.314426463097333769e-02
4.581420489897330278e-02
4.424217420940598083e-02
4.759480940798918591e-02
4.671134420981009477e-02
4.736410531525810791e-02
4.180717729032039365e-02
4.605206117654839920e-02
4.153541695947448459e-02
4.404205984125534462e-02
3.903076583519578258e-02
4.814002380395929204e-02
4.714893208195766044e-02
3.340948610566556176e-02
4.806522379318873411e-02
4.380569436276952194e-02
4.238175464173157825e-02
4.595807980125148767e-02
4.234422709171970639e-02
4.408804979175329208e-02
4.656018518532315659e-02
4.445507076258460588e-02
4.473540037870406966e-02
4.330634872118632045e-02
4.733036595086256848e-02
4.492064748580257283e-02
4.592119641602039615e-02
4.309808289011319432e-02
4.603383469705780301e-02
4.517691923926273750e-02
4.379947536314527518e-02
4.756234011923273636e-02
4.354746996735533310e-02
3.742850689838329858e-02
4.772490980103612224e-02
4.545308214922746254e-02
4.547508445878823552e-02
4.602236753950516429e-02
4.537384047483404570e-02
4.339810957511266304e-02
4.479138795286417146e-02
4.695519264787435809e-02
3.639563322067260881e-02
4.666744840020934509e-02
4.443118448058764464e-02
4.500094071651498245e-02
4.170321570709347586e-02
4.464417537674307546e-02
4.542297096922993938e-02
3.703604418163498196e-02
4.731021855647365298e-02
4.687590499718984061e-02
4.423122666776180267e-02
4.353679576888680458e-02
4.535976635913054056e-02
4.548037185644109720e-02
4.538357354079683437e-02
4.459318124378720827e-02
4.500735756009817401e-02
4.439698895439505438e-02
4.424093337729573250e-02
4.607799823085467067e-02
4.150635637342929563e-02
4.176970114931464334e-02
4.299990351622303558e-02
4.460316182424624992e-02
4.303858717903494974e-02
4.475228429461518970e-02
3.900284515693783899e-02
4.543151911348104754e-02
4.572516689077019830e-02
4.532809648662805557e-02
4.138558267926176204e-02
4.434907066946228160e-02
4.611076802636186051e-02
4.581531252091129713e-02
4.015426458790898046e-02
4.645549726362029758e-02
3.958512094492713795e-02
4.156799726188183108e-02
4.469696162268519540e-02
4.492061470324794359e-02
4.183941145117084370e-02
4.298096525793274059e-02
4.348647063598036488e-02
4.347530178104837967e-02
3.624796640748779303e-02
4.364713250348965096e-02
3.722271732985973219e-02
4.844396881138284677e-02
4.341097343713044843e-02
4.457724457606673102e-02
4.359177341684698781e-02
4.276503377283612933e-02
4.113152061278621541e-02
4.157704270134369301e-02
3.638806032637754984e-02
4.489675878236690926e-02
4.306041533127426962e-02
4.438986225674549507e-02
4.286988542104760991e-02
4.472145152588685030e-02
4.402696695178746900e-02
4.215763866280516220e-02
3.858289582033951753e-02
3.982176546317835880e-02
4.477761629968881468e-02
4.390504636491338736e-02
4.401692530761162209e-02
4.275475439305106984e-02
4.203480044379830083e-02
4.566189001003901488e-02
4.500116674850384441e-02
4.229620002831022130e-02
4.522606752191980772e-02
4.307663676639397754e-02
4.267092362667123523e-02
4.332223907113075256e-02
4.373297030106186589e-02
4.245327773193518367e-02
4.445301744466026439e-02
4.079461681346098489e-02
4.368615976224343028e-02
4.509559127812583917e-02
4.479499077424407144e-02
4.267265290642777847e-02
4.066790125022332059e-02
4.197229674706856595e-02
4.449441585068901472e-02
4.169386733944217133e-02
4.663146495198210173e-02
4.224784566710392680e-02
3.098761464158693996e-02
4.691820840040842461e-02
4.538020634402831210e-02
4.462418891489505768e-02
4.241407473261157857e-02
4.400885235518216948e-02
4.510495128730932640e-02
4.208257999271154681e-02
4.202060761551062312e-02
3.552340062645574503e-02
4.682534874106446948e-02
4.094110662117600441e-02
4.170978336284558025e-02
4.340749289840459962e-02
4.186703292652964314e-02
4.247209131717681607e-02
4.686673531929651942e-02
4.095142148435115814e-02
4.153588218614458899e-02
4.093322198217113489e-02
4.436178676163157059e-02
4.438704450925191197e-02
3.853823834409316612e-02
4.203695015360911502e-02
4.503089354063073702e-02
4.120302582159638544e-02
3.830796862021088739e-02
4.446190477659305029e-02
3.783172263453404155e-02
4.046401356657346182e-02
4.126455886289477626e-02
4.313751862694819444e-02
4.371524437641104155e-02
3.715995770568648882e-02
4.549947765966256413e-02
4.530214009185631885e-02
4.250045567750930509e-02
4.067546448980768198e-02
4.299953663721680502e-02
4.321993136157591814e-02
3.955378159880638261e-02
4.318504802261789732e-02
3.681071124350031309e-02
4.522887247925003185e-02
4.087165556848049164e-02
4.340907254566749029e-02
4.367187271515528268e-02
4.142979476600885252e-02
4.447523169219493727e-02
4.397762374331553453e-02
4.225236205384134969e-02
4.215947116414706097e-02
4.240518004323045459e-02
4.176618220905462670e-02
4.349758044506112781e-02
3.890152769163250646e-02
4.619802571833133559e-02
4.127253207067648616e-02
4.129840799917777056e-02
4.337335787713527541e-02
4.398766588419675966e-02
3.781972443684935431e-02
3.916084639107187543e-02
4.474158864468336105e-02
3.871601040785511288e-02
4.118738609055678374e-02
4.152755830436945239e-02
4.314523097127676010e-02
3.873036832859119011e-02
4.339005413154761043e-02
4.381951463098327643e-02
4.407977377995848933e-02
4.445685533185799593e-02
4.468899754186471396e-02
4.030137114847699709e-02
4.115951117128133913e-02
4.373989511902133531e-02
4.037003582343458991e-02
4.429241530597209653e-02
4.494430279980102944e-02
3.533106852943698750e-02
4.287299861510594778e-02
3.977205697447061539e-02
4.005816532298922539e-02
4.202726837247609815e-02
4.506264931211868829e-02
4.427734967321157733e-02
3.891632367546359744e-02
4.473896287381649156e-02
3.814354361966252466e-02
3.938031950965523859e-02
4.369150592635075159e-02
3.536034670347968506e-02
4.472069395706057549e-02
3.515919543181856427e-02
4.163940673073132648e-02
4.236800565073887276e-02
4.193801696722706390e-02
4.236164332057038712e-02
4.061455912888049802e-02
4.453439628705382208e-02
3.867334385092059679e-02
3.911063518996039934e-02
4.277714661632974619e-02
4.149705466503898071e-02
3.907600293556848930e-02
4.577193719645341469e-02
4.303879287714759694e-02
4.005703538035353117e-02
4.254142362624406537e-02
3.676339130227764679e-02
4.057961571961641450e-02
4.295345234374205179e-02
4.433553817992409024e-02
4.125715078165134025e-02
4.419687831153472357e-02
3.676401966561873569e-02
4.359333105385303220e-02
4.310194247712691856e-02
4.177933456376194815e-02
4.131092525397737913e-02
4.080985818679134375e-02
4.392124976341923309e-02
4.037826110919316702e-02
3.556721638888120374e-02
4.489274478207031654e-02
4.273998420685529848e-02
3.767308124030629979e-02
4.395039615531762256e-02
3.624711170171698166e-02
3.485760881255070553e-02
