4.483126562833786188e+00
2.451614672541618134e+00
3.870761976391077219e-01
2.825544860710700323e-01
1.807778110355138801e-01
1.180720070873697569e-01
1.102545982723434764e-01
8.801107001180449863e-02
9.611594013869761977e-02
9.205286008616288262e-02
9.667654257267713214e-02
8.795550756777326118e-02
7.922192816312113861e-02
7.234145599106947544e-02
7.659936839714646950e-02
8.288927723964055472e-02
7.041346659883856995e-02
7.627463482320308297e-02
7.325630530094107140e-02
7.576705126712719729e-02
7.363796535258491927e-02
7.569052949547767917e-02
6.939868355169892533e-02
8.094121087342501242e-02
8.358265306800603811e-02
6.889174747591217396e-02
7.596839235164225268e-02
6.910326355447371505e-02
7.946388661861419900e-02
7.200068343430757190e-02
7.213703941243390649e-02
7.205562745531400581e-02
8.070676020036141041e-02
7.460678220416108730e-02
6.974144935607910767e-02
6.957587717100978397e-02
7.074084421619772356e-02
6.722826372211178347e-02
8.104253383353351992e-02
7.240770845984419168e-02
6.866823993623256961e-02
8.201111703490217286e-02
7.074480677023529951e-02
6.814291616901754778e-02
7.387047040586670887e-02
7.470059908926486580e-02
7.257496758053699759e-02
7.557141170526544827e-02
7.100772614901264268e-02
6.991538586715857762e-02
6.827316327020525877e-02
7.599249440555770618e-02
6.637243616084258224e-02
6.845811650156974348e-02
7.182484970738491070e-02
7.267495992283026784e-02
7.084903028483191534e-02
6.751909378916025328e-02
8.470869773377974477e-02
6.696388583630323577e-02
6.927760327234863680e-02
6.808989702413480172e-02
8.243309086188674306e-02
6.840053653965393055e-02
7.365807519604762599e-02
7.598444828142722485e-02
8.200401686131954249e-02
7.318399296452601788e-02
6.551741253584623947e-02
7.283411667992671645e-02
7.238797698169946448e-02
6.933714775989452406e-02
8.229924711709221685e-02
6.901509944349527859e-02
7.397509653742115332e-02
6.987148423368731709e-02
7.153597258652250046e-02
6.600657733778159120e-02
7.182922517880797886e-02
6.870425445958971977e-02
7.366793826843301418e-02
7.185071468663711824e-02
6.496764165659744961e-02
6.910528863469760086e-02
7.606511139621337236e-02
7.271880846470595017e-02
6.663041211664676167e-02
6.929047162334124599e-02
6.694177365551391701e-02
7.294990718985597256e-02
7.130034542952974619e-02
6.951124107465148083e-02
8.305919002741575519e-02
8.944906204938889160e-02
7.776327156151334463e-02
7.814728513360023887e-02
6.942221152285735220e-02
9.013336262355248207e-02
6.771809533238411227e-02
6.747039386381704917e-02
6.645204637199640663e-02
7.882651553178826598e-02
7.008682261221110821e-02
8.129489516218503520e-02
6.829777271176377951e-02
7.455928747231761744e-02
7.742670110737283340e-02
6.721797491734227137e-02
7.450123249863584152e-02
6.324907227108876595e-02
6.977760628486673333e-02
6.584038425857821619e-02
6.958498829975724720e-02
6.726796376208464545e-02
6.677505241706967187e-02
7.410394451891381962e-02
6.465903408825397769e-02
7.022050958747665106e-02
6.760567864403128902e-02
6.596831118067104927e-02
8.093481086815397518e-02
6.912267234176397435e-02
6.975591825942198398e-02
7.097591654087107016e-02
6.979604346677660553e-02
6.987392211332917047e-02
6.844109262650212300e-02
6.902564696967601610e-02
6.737301424766579949e-02
7.545728979011376292e-02
6.959011885027090172e-02
8.237032003079851339e-02
7.745547881349920671e-02
6.379305614158510551e-02
8.173465298488735709e-02
6.880426923433939634e-02
6.638541005551815144e-02
6.446753685052196425e-02
7.077808412412801842e-02
6.592005847021936704e-02
6.537341073776284373e-02
7.336645321920513829e-02
7.280269338438907778e-02
7.192643444364268945e-02
7.168578694264093887e-02
6.399460518732666414e-02
6.654695592199762200e-02
6.219116484125455230e-02
6.701414201408624483e-02
7.603217215587695921e-02
6.616614749655128080e-02
6.200752386823296658e-02
6.713351719081402103e-02
7.544210345173875398e-02
7.510657906221847313e-02
6.603208953514695667e-02
6.833428628121812620e-02
6.642649928728738828e-02
8.327657597139477563e-02
6.795907791703939549e-02
7.854873690133293285e-02
6.492769572573403591e-02
6.487917571639020831e-02
6.921715278799335513e-02
6.475752991934617675e-02
7.748625213280320445e-02
6.681071016937494000e-02
6.623961200937628080e-02
6.659974845126270804e-02
6.924530050406853265e-02
7.011685863758126969e-02
6.237313316514094680e-02
6.732251025736331329e-02
6.907577605918049923e-02
6.646802187897264680e-02
7.104976536706089640e-02
7.776494430378079470e-02
6.586409804100791521e-02
6.296023348346352355e-02
6.899680939192573415e-02
7.514022243519624666e-02
8.555706019823750008e-02
7.553653697172800496e-02
6.933549058934053433e-02
6.983730108166734396e-02
8.480334831401706297e-02
7.106715658679604863e-02
6.728941705077887137e-02
7.525511429955561438e-02
6.739018571873506280e-02
7.490346529831488909e-02
7.013607515643040247e-02
7.191591160371899050e-02
7.534813330819209454e-02
6.638340959325432500e-02
6.732743120441833651e-02
6.476790022104977895e-02
7.694384895265102275e-02
7.416778855025768502e-02
6.832371789962053688e-02
6.387486490110556858e-02
7.930421003140508684e-02
6.886858564801513760e-02
6.431029279405872656e-02
7.558150202035904264e-02
5.903660839423537088e-02
6.747554341331124528e-02
6.876625889291365645e-02
7.770557141241928034e-02
7.647596998761096998e-02
7.106421445806820891e-02
7.633361884703239453e-02
7.634626185521482811e-02
6.127563688904046763e-02
7.378847306594252253e-02
6.463703234369555517e-02
6.412085425108671188e-02
7.106364457557598491e-02
6.313401853044828260e-02
6.867309040700396439e-02
6.576155929515759002e-02
6.884249416179955006e-02
6.373116217553614904e-02
6.850189493969083276e-02
7.009822869983811655e-02
7.514118382086355796e-02
7.349066520109773237e-02
7.180041017010807547e-02
7.873317121838530053e-02
7.214647509468098685e-02
6.821846616764863647e-02
7.303532535210251198e-02
6.583980280905961380e-02
6.836015131324529870e-02
6.355095075753827705e-02
6.547549934436877606e-02
6.898463751189411186e-02
6.968605790908137532e-02
7.130707083890835962e-02
7.790500642110903540e-02
6.547261082877715854e-02
6.200482787564396553e-02
6.236033024887244203e-02
7.297106821710865054e-02
6.671543663988510620e-02
6.961878390982746689e-02
6.607278389856219292e-02
8.071812695823610273e-02
6.653781649035711565e-02
6.455035723124941116e-02
8.610418361301223900e-02
7.980736722548802120e-02
6.865670403465629068e-02
8.552992581700284702e-02
6.352231139317154884e-02
7.639689563463131217e-02
7.994490621611476111e-02
7.059994596367080710e-02
6.872959397733210962e-02
6.769350369771322262e-02
6.822655495256185754e-02
6.536705372855067253e-02
6.446452642480532402e-02
6.434532507633169973e-02
8.884053856755295964e-02
7.391715253392855400e-02
6.712723294273019448e-02
6.738859739154577644e-02
6.435113415122031832e-02
7.100404843688011558e-02
1.086162731734414827e-01
6.592975360341370161e-02
7.242001475145419531e-02
6.388528795291979756e-02
7.436677885552246681e-02
6.369241667290528874e-02
6.918514795601367340e-02
6.687261319408814575e-02
6.962779946625233252e-02
7.965151582844555433e-02
7.571605861807863269e-02
7.597728601967294881e-02
7.019769618287682866e-02
7.498110461669663107e-02
6.720480497926473173e-02
6.886482296511531320e-02
7.169265976796547479e-02
7.412617341304818253e-02
6.895201692357659506e-02
7.392594305798411147e-02
8.365906789277990918e-02
7.573738886664310721e-02
6.794374116385976103e-02
6.643992820754647532e-02
6.230767015367746214e-02
6.389221868788202974e-02
7.103418828298647958e-02
7.155163944388429065e-02
6.326724811767538148e-02
7.563765874132513667e-02
7.375873908090094244e-02
6.619595482324559799e-02
6.293689594914515795e-02
6.920994639396667314e-02
6.736364185189207265e-02
7.143238645667830677e-02
7.250717311476667648e-02
6.977721046656369663e-02
6.568522162735462855e-02
7.238191059169669928e-02
7.787981959680716215e-02
6.922110592325528278e-02
6.611657715092102150e-02
7.973965467885137104e-02
6.760309211288889619e-02
7.575542271137238048e-02
8.680474260201057057e-02
6.501431488742430431e-02
6.377031660328308371e-02
7.968959514672557809e-02
6.875577225039403162e-02
6.948640791388849269e-02
6.944533472880720648e-02
8.456159152090549080e-02
7.755445785510042822e-02
8.093102244039376836e-02
6.373695245633523299e-02
6.916268975784381490e-02
6.573920778930186781e-02
7.632980263481536909e-02
7.950988957658410017e-02
7.187080500957866713e-02
6.987768399218717563e-02
7.713589532921712177e-02
6.679037066797414990e-02
7.042869591464598344e-02
6.238220312322179800e-02
6.616555757199724108e-02
6.591506224746505882e-02
6.260318192963798545e-02
6.701376092930634576e-02
7.922007225143412601e-02
7.829159202054142286e-02
7.169477675110101644e-02
6.415823042392730657e-02
6.293148442481955041e-02
7.522880764057239544e-02
6.781022580340505257e-02
6.108518452694018663e-02
7.269827446589867403e-02
7.032378482942780451e-02
6.252125597869356843e-02
6.907769569506247431e-02
6.920115914195776319e-02
6.820278314873576275e-02
6.751860973735650251e-02
7.486110522101323272e-02
7.203809437652429482e-02
6.976568778355916878e-02
6.892772626131772606e-02
6.594159524266918204e-02
6.289259940385819037e-02
7.225798852741718847e-02
6.369374494378765572e-02
6.633736345916986521e-02
7.637995388979712530e-02
6.969937041712304104e-02
6.976503039399782613e-02
7.221495165800054239e-02
8.349108112975954510e-02
7.820630448559920400e-02
7.788623187070091436e-02
6.830712484816710284e-02
7.282412008692820682e-02
6.546495222176114404e-02
6.335679975648721152e-02
8.080253523464003829e-02
7.142643616845210930e-02
7.869209483265876548e-02
6.457624296347300175e-02
8.915566028406222976e-02
7.252096787715951731e-02
7.606377587343256252e-02
7.050021832808851807e-02
7.050859744350115865e-02
6.399627211193244236e-02
7.498734831809997226e-02
7.505339225133260406e-02
6.595613904918233572e-02
6.325399243583282316e-02
6.860322277372081501e-02
7.244316180547077932e-02
6.417770836502313669e-02
6.872903707747658741e-02
7.606615336611867451e-02
8.658823865776260620e-02
6.285341489439209839e-02
8.384966774533192391e-02
6.525490834688146835e-02
7.831376841291785851e-02
7.140112494739393745e-02
6.131236522768934716e-02
8.181910616656144775e-02
8.331037150075037978e-02
6.704156060392657546e-02
6.410647803917526866e-02
6.859863732010125503e-02
6.237807793853183264e-02
6.458163236578305655e-02
7.320759775117040291e-02
7.269562194123864451e-02
7.223470886548359615e-02
6.458565600837271048e-02
6.677009130517641555e-02
6.276107618274788524e-02
6.320119743545850322e-02
6.225666358756522245e-02
6.350752233217159259e-02
6.361404826864600071e-02
6.785240530967712180e-02
6.771558128918210573e-02
6.954535952458779091e-02
7.324737457558512521e-02
6.613408094582458319e-02
8.243399392813444138e-02
6.406314503401518146e-02
7.445780020207166949e-02
6.339779112488030943e-02
6.666777737438678297e-02
6.359647262220581576e-02
7.781738524946073265e-02
7.101710702603061809e-02
6.168619286889831521e-02
7.481231940289338744e-02
7.183941120281815695e-02
7.764509346336126439e-02
6.710023319348693005e-02
8.898018431539336803e-02
6.363875920573870693e-02
6.223302666097879632e-02
5.947073205063740237e-02
7.020017754286528300e-02
6.454425918559233977e-02
7.126042483374477043e-02
8.027797621364395064e-02
6.883275467281539661e-02
7.103936159051954524e-02
6.697537153338392613e-02
6.329653998215993560e-02
7.598525256539384598e-02
7.341111426552136832e-02
6.604405979315440545e-02
6.860230414196849535e-02
7.086731061339378301e-02
6.450624564041694542e-02
6.342456594730416786e-02
7.644992127704124119e-02
6.135563967128594698e-02
8.068286553646127068e-02
6.876049030572176091e-02
7.221127203355233448e-02
8.301040064543485641e-02
6.741557437305649436e-02
8.474157260420421556e-02
6.493891155347228383e-02
7.080624185502529255e-02
6.160111176470915717e-02
6.389814310396711716e-02
6.642745270083348641e-02
6.434561610221863071e-02
6.779690268759926142e-02
6.929083543208737483e-02
6.446730792211989580e-02
7.057043894814948870e-02
6.959070086479186845e-02
6.068241480117042563e-02
6.710955354074636670e-02
7.659336450199286106e-02
7.525526730343699844e-02
7.464289982803165580e-02
6.449558827405174610e-02
6.648114464556177661e-02
6.292610982432961242e-02
6.296531836812695182e-02
6.381345057860016157e-02
7.888776755581299038e-02
6.563781476890047373e-02
6.271147014573216771e-02
6.724386989449461505e-02
6.697746828819314824e-02
6.465576359381278171e-02
6.329652326802412410e-02
6.482000603030124708e-02
8.533537207171321137e-02
6.901206278552611539e-02
6.810342956955234284e-02
7.814542567978302601e-02
6.612937158594528464e-02
8.168044445415337251e-02
9.043451402957240759e-02
