2.061594860255718253e-01
8.604793939739466269e-02
8.072274358943104522e-02
7.423182033002376223e-02
7.498659415170549902e-02
7.446903681382537055e-02
7.303404074162245241e-02
7.229870732873677763e-02
7.077414238825439907e-02
7.217436818405985333e-02
6.938141923397779520e-02
7.031843110918999107e-02
7.026921248063444647e-02
6.919692745432257097e-02
6.833275813609361593e-02
6.789463066495954324e-02
7.052712265402077962e-02
7.076210534200072511e-02
6.721755374222994350e-02
6.824219558387994988e-02
6.719737930223346201e-02
6.685417223721742963e-02
6.838729271665215659e-02
6.598670924082399025e-02
6.644052505493164285e-02
6.674971735104918980e-02
6.701239184476434629e-02
6.554506597109138744e-02
6.602591095492243989e-02
6.311381705105305329e-02
6.615360224619508400e-02
6.477780284360051821e-02
6.457604302093386539e-02
6.657761218026279904e-02
6.488270700909197497e-02
6.464075447991490808e-02
6.511727591976523843e-02
6.461804449558257446e-02
6.662399564869701807e-02
6.303452998399734775e-02
6.384268295019865369e-02
6.466426134109497237e-02
6.297270429320633855e-02
6.534334539435804334e-02
6.433392779901624114e-02
6.362469389103353468e-02
6.406618263572454175e-02
6.325835548341274261e-02
6.403183303773403445e-02
6.560808727517723760e-02
6.443798343650997129e-02
6.426109532825648174e-02
6.332480102777481024e-02
6.398576701059938143e-02
6.385902148671447620e-02
6.090927350334823104e-02
6.144895859062671911e-02
6.193794854916632314e-02
6.390385887585579849e-02
6.100447150878608032e-02
6.427371134981513245e-02
6.279572453349828443e-02
6.118084624409675376e-02
6.343147990293801497e-02
6.251150700263678750e-02
6.272270183078944294e-02
6.362892671488225294e-02
6.056726684793829751e-02
6.274169692769646089e-02
6.314346944913268311e-02
6.230714482255279851e-02
6.160563381388783205e-02
6.190848229452967921e-02
6.070469749160110895e-02
6.354155343957244850e-02
5.980032822117209435e-02
6.123113501816988130e-02
5.490611837245523708e-02
6.247530172578990432e-02
5.945829541422426728e-02
6.260912751778960339e-02
5.929169312119483837e-02
6.100301795639097996e-02
5.919039683416485453e-02
6.263312932103871911e-02
6.193678349256515753e-02
6.197500481270253742e-02
5.986069576814770365e-02
6.222803543321788616e-02
6.221950442530214953e-02
6.143072338774799995e-02
6.162995703518390350e-02
6.100698189809918709e-02
5.952204646542668537e-02
6.131395398639142430e-02
6.032140748575329919e-02
6.010838026180863325e-02
6.214678461663424719e-02
6.050085600465535812e-02
6.104493009857833719e-02
