2.654682594299316190e+00
4.505840638875961424e-01
1.967366048097610454e-01
1.357220097016543225e-01
9.597603826597332632e-02
8.873953735269606014e-02
7.844227158278227474e-02
7.541776809841393980e-02
7.678948592022061259e-02
7.228500226140022189e-02
7.205715598724782289e-02
7.192315880581737209e-02
7.241663494519889888e-02
7.397128360904753341e-02
7.342013615183531905e-02
6.820958756282925750e-02
6.875895167328417712e-02
6.852598580904305237e-02
6.954288233816623144e-02
7.005511235725134234e-02
6.896934798359870278e-02
7.284096610732376798e-02
6.732728783786297300e-02
6.720411704108118778e-02
6.915118302032351172e-02
6.844956635124981037e-02
6.790676946379244072e-02
6.887416026182473228e-02
7.061330272257328178e-02
7.444223343767225609e-02
6.814449204318225040e-02
6.753851660899817810e-02
6.830981467477977020e-02
6.774009397439659241e-02
6.760612208209931806e-02
6.928085372224450367e-02
6.703431730344891482e-02
6.575753617845475629e-02
6.622803615499288366e-02
6.846066527627409082e-02
6.818940371647477794e-02
7.583481839485466114e-02
6.991767627559601628e-02
7.003284891694784575e-02
6.555940454080701196e-02
6.532672777026891919e-02
7.092115984112024041e-02
6.528070750646293441e-02
6.560617340914905171e-02
6.704237953014671736e-02
6.531026245094835592e-02
6.512231998145580347e-02
7.090922522172331266e-02
6.568732037954032321e-02
6.669866191782057585e-02
6.901218355353921918e-02
6.862882965058088314e-02
6.635933394916355976e-02
6.653817761316895008e-02
6.745229107700288773e-02
6.557199060730635465e-02
6.431620043143629339e-02
6.585047320462762699e-02
6.604806627333163760e-02
6.569123530946671674e-02
6.470210580527782640e-02
6.386412288621068356e-02
6.703308242745698031e-02
6.318962472118437590e-02
6.668286310322582566e-02
6.287139882892370246e-02
6.378931513149291299e-02
6.388868446275591806e-02
6.789006843045354567e-02
6.686521558463573434e-02
7.064489424880593393e-02
6.482752719148993092e-02
7.328479106910526508e-02
6.535034118779003975e-02
6.852962554804981066e-02
6.257271482981741073e-02
6.407238470017910525e-02
6.363371603284030675e-02
6.666050221212208027e-02
6.507653574645519412e-02
6.313757448457181509e-02
6.526171535067259999e-02
6.556175135634839668e-02
6.330057372711599128e-02
6.404443534091114332e-02
6.226355062611400870e-02
6.375845517776906890e-02
6.367050171643495737e-02
6.342989747878163831e-02
6.253972000256180497e-02
6.205652838572859459e-02
6.218743090145290031e-02
6.482962827570735997e-02
6.463736976496875508e-02
6.352181716077029416e-02
