4.269341899156570697e-01
4.241464999467134400e-01
4.244349269345402687e-01
4.199631880223750890e-01
4.212114183157682490e-01
4.248202312812209280e-01
4.234206840395927651e-01
4.226266627311706658e-01
4.225984665304422516e-01
4.228934811055660159e-01
4.240272743999958238e-01
4.216630508154630697e-01
4.231106770038604581e-01
4.212625092417001671e-01
4.216032343283295791e-01
4.217518146485090269e-01
4.234933267980813820e-01
4.202017461806535903e-01
4.228872690945863488e-01
4.238332193046808194e-01
4.224941267222165897e-01
4.220952794104814720e-01
4.236047248244285690e-01
4.226015467047691265e-01
4.224810061901807523e-01
4.227978912740945616e-01
4.241638214215636138e-01
4.217491247653961106e-01
4.227439067885279678e-01
4.216041871607303371e-01
4.222469082921743166e-01
4.245639959871768676e-01
4.237613002955913366e-01
4.218085214048624132e-01
4.244236651211977240e-01
4.222546995580196416e-01
4.242337945699691804e-01
4.237678863257169914e-01
4.229161075949668946e-01
4.249923180788755528e-01
4.233440060466527877e-01
4.254294999986886761e-01
4.236712920367717850e-01
4.220523046329617278e-01
4.222708326727152017e-01
4.212512671053409430e-01
4.230700185224413601e-01
4.232448056936263803e-01
4.216818830668926377e-01
4.239368650019169071e-01
4.230167899131774822e-01
4.221114351153373856e-01
4.219500600472092522e-01
4.225686800554394607e-01
4.242850783020257754e-01
4.222123967856168947e-01
4.210398019850253859e-01
4.237252848967909546e-01
4.216855836361646515e-01
4.219581522643566229e-01
4.236976796910166820e-01
4.250794437751174160e-01
4.232283644080161999e-01
4.245198090821504788e-01
4.224029473364352971e-01
4.218588692247867700e-01
4.215524594485760002e-01
4.243760389983654013e-01
4.213790481239557129e-01
4.247351151853799855e-01
4.233874478340148850e-01
4.227126907706260650e-01
4.232970865219831680e-01
4.236971856355666866e-01
4.230019325464963731e-01
4.230497555285692157e-01
4.219665003344416632e-01
4.220503197312355237e-01
4.244256666749715579e-01
4.231702553778886600e-01
4.217599642872810195e-01
4.224755352586507806e-01
4.204834987223148302e-01
4.221908174082636966e-01
4.221765926256775825e-01
4.212287088781594968e-01
4.230825095027684890e-01
4.233369298353791277e-01
4.223274189680814583e-01
4.233664033338427335e-01
4.227958045154809885e-01
4.223114285692572412e-01
4.219431320652365924e-01
4.230809022784233209e-01
4.230000043213367200e-01
4.221590775400400064e-01
4.218458396494388363e-01
4.243737883716821591e-01
4.241886946707963957e-01
4.241043603122234273e-01
