1.581051956303417549e-01
2.914554981980472734e-02
9.744541976833715272e-03
4.415776775567792009e-03
2.395321316143963607e-03
1.547426840406842608e-03
1.058565668208757450e-03
7.901098779984750244e-04
6.068529022741131268e-04
4.995360611064824730e-04
4.088317823334364394e-04
3.451774721906986023e-04
2.952643722892389850e-04
2.780123680349788563e-04
2.419418223507818647e-04
2.132803672066074785e-04
1.902466100000310722e-04
1.848307179534458577e-04
1.678095357783604446e-04
1.475059936274192263e-04
1.492871019218000562e-04
1.408168979105539490e-04
1.284259874228155143e-04
1.196674224229354893e-04
1.201590040909650335e-04
1.206765724964498044e-04
1.069435265890206210e-04
1.038630777475191345e-04
9.887419662845786227e-05
1.020767904992680980e-04
9.661728758146637174e-05
8.915108075598254962e-05
9.035352644787053361e-05
8.645188117952783981e-05
8.440070369033491628e-05
8.128678138746180852e-05
7.988309565917007290e-05
8.060309075517579534e-05
7.660832743567879972e-05
7.760147022054298175e-05
7.491462771213264692e-05
7.336854278037208675e-05
7.145454623241675801e-05
6.919936423400940785e-05
6.984250079767661613e-05
6.852617060758348143e-05
6.586915726984443446e-05
6.517513022117782005e-05
6.648521743045421371e-05
6.344093930238159157e-05
6.487992022812250341e-05
6.234543298887729667e-05
6.306278809461219367e-05
6.124941695816232877e-05
6.181723918416537453e-05
6.101998356825788587e-05
5.929412198383943015e-05
5.981312622679979649e-05
6.100741991758695641e-05
5.727024677071312908e-05
5.848383690135961014e-05
5.943736427980183954e-05
5.875205025404283917e-05
5.736590605010860789e-05
5.740457161664380394e-05
5.441569222057296266e-05
5.370366364331858011e-05
5.567160987084207645e-05
5.667899648869933809e-05
5.554598916205577634e-05
5.507498598490201592e-05
5.385637625295203342e-05
5.398301123932469853e-05
5.409208261880849239e-05
5.399561850936151905e-05
5.301471064740325985e-05
5.414804327301681313e-05
5.280935780319850973e-05
5.189286886889021735e-05
5.148136749085097271e-05
5.052542138400895272e-05
5.202426124014891359e-05
5.177991584787378304e-05
5.107661423608078432e-05
5.097332762488804265e-05
5.104546838992973708e-05
4.914306912723986871e-05
4.962210480698558669e-05
5.037314921537472319e-05
5.032289350310747706e-05
5.019254344915679986e-05
4.894062441962887289e-05
4.884544465312501361e-05
4.825289091058948787e-05
5.033570687373867258e-05
5.000899679544090651e-05
4.806883684977946998e-05
4.938887920616252705e-05
4.925822932818845986e-05
4.885512729742913426e-05
