1.630775481462478638e-01
1.628484763205051422e-01
1.465463377535343170e-01
1.550032123923301697e-01
1.549421399831771851e-01
1.565567962825298309e-01
1.401231810450553894e-01
1.510483101010322571e-01
1.629081219434738159e-01
1.531173065304756165e-01
1.535902135074138641e-01
1.577965579926967621e-01
1.548210792243480682e-01
1.541161611676216125e-01
1.617196351289749146e-01
1.577954255044460297e-01
1.513045094907283783e-01
1.542593948543071747e-01
1.673874445259571075e-01
1.639279387891292572e-01
1.491491049528121948e-01
1.510326974093914032e-01
1.585948914289474487e-01
1.584254354238510132e-01
1.583054251968860626e-01
1.587904319167137146e-01
1.403967551887035370e-01
1.664169132709503174e-01
1.576535552740097046e-01
1.553017459809780121e-01
1.697882823646068573e-01
1.446029916405677795e-01
1.481119059026241302e-01
1.671275123953819275e-01
1.567564345896244049e-01
1.547048799693584442e-01
1.622743457555770874e-01
1.669662371277809143e-01
1.580249071121215820e-01
1.533856093883514404e-01
1.692345924675464630e-01
1.530509889125823975e-01
1.559707820415496826e-01
1.605339013040065765e-01
1.552858091890811920e-01
1.654787398874759674e-01
1.627827286720275879e-01
1.411876715719699860e-01
1.587088331580162048e-01
1.645540110766887665e-01
1.647825837135314941e-01
1.554932780563831329e-01
1.548898778855800629e-01
1.541280783712863922e-01
1.536073088645935059e-01
1.616544649004936218e-01
1.525856927037239075e-01
1.540536358952522278e-01
1.535276919603347778e-01
1.525924690067768097e-01
1.593497283756732941e-01
1.665390953421592712e-01
1.508398130536079407e-01
1.519634313881397247e-01
1.666159667074680328e-01
1.549513675272464752e-01
1.454359628260135651e-01
1.446138769388198853e-01
1.565262265503406525e-01
1.451309174299240112e-01
1.569075100123882294e-01
1.492345444858074188e-01
1.526759639382362366e-01
1.470120623707771301e-01
1.512919180095195770e-01
1.588354073464870453e-01
1.609223783016204834e-01
1.567794829607009888e-01
1.483380794525146484e-01
1.559841334819793701e-01
1.428058333694934845e-01
1.632476225495338440e-01
1.442299075424671173e-01
1.432505883276462555e-01
1.599202640354633331e-01
1.430944465100765228e-01
1.581879891455173492e-01
1.474312618374824524e-01
1.464507654309272766e-01
1.489132307469844818e-01
1.364380866289138794e-01
1.406464818865060806e-01
1.458829045295715332e-01
1.537496075034141541e-01
1.528091207146644592e-01
1.639425419270992279e-01
1.563649885356426239e-01
1.440611556172370911e-01
1.530847512185573578e-01
1.462285406887531281e-01
1.399607807397842407e-01
1.413279250264167786e-01
1.482490822672843933e-01
1.563653349876403809e-01
1.482130214571952820e-01
1.428117752075195312e-01
1.585407927632331848e-01
1.415642276406288147e-01
1.514721475541591644e-01
1.575506031513214111e-01
1.519081443548202515e-01
1.386049315333366394e-01
1.589509285986423492e-01
1.599119752645492554e-01
1.433611772954463959e-01
1.335257627069950104e-01
1.518676616251468658e-01
1.530131772160530090e-01
1.385880429297685623e-01
1.527648940682411194e-01
1.534678526222705841e-01
1.419597808271646500e-01
1.442400813102722168e-01
1.537593230605125427e-01
1.469344310462474823e-01
1.556108184158802032e-01
1.515807770192623138e-01
1.536222510039806366e-01
1.528306677937507629e-01
1.534828133881092072e-01
1.432962734252214432e-01
1.490755565464496613e-01
1.482294816523790359e-01
1.416914276778697968e-01
1.534654013812541962e-01
1.461319625377655029e-01
1.433952003717422485e-01
1.375231947749853134e-01
1.566621214151382446e-01
1.422917135059833527e-01
1.508501023054122925e-01
1.432279162108898163e-01
1.554968990385532379e-01
1.367006562650203705e-01
1.520222015678882599e-01
1.583194248378276825e-01
1.427302584052085876e-01
1.455058827996253967e-01
1.545233167707920074e-01
1.412888206541538239e-01
1.539235971868038177e-01
1.401854529976844788e-01
1.448135375976562500e-01
1.384880989789962769e-01
1.420795507729053497e-01
1.455812118947505951e-01
1.443835943937301636e-01
1.402650326490402222e-01
1.309826299548149109e-01
1.465379558503627777e-01
1.475554853677749634e-01
1.425342932343482971e-01
1.430566348135471344e-01
1.391349323093891144e-01
1.341048590838909149e-01
1.483152993023395538e-01
1.462334059178829193e-01
1.454286426305770874e-01
1.451056078076362610e-01
1.528799571096897125e-01
1.382989343255758286e-01
1.438691243529319763e-01
1.503473818302154541e-01
1.327582821249961853e-01
1.389151997864246368e-01
1.500961296260356903e-01
1.477362513542175293e-01
1.522862277925014496e-01
1.419437006115913391e-01
1.462651826441287994e-01
1.440657787024974823e-01
1.528175622224807739e-01
1.455715186893939972e-01
1.538871526718139648e-01
1.550274007022380829e-01
1.507352963089942932e-01
1.388734392821788788e-01
1.532697789371013641e-01
1.475830748677253723e-01
1.456523984670639038e-01
1.464750282466411591e-01
1.584357917308807373e-01
1.434100791811943054e-01
1.419854126870632172e-01
1.394960545003414154e-01
1.424381770193576813e-01
1.487662605941295624e-01
1.490236334502696991e-01
1.424275040626525879e-01
1.524844132363796234e-01
1.329377628862857819e-01
1.533132568001747131e-01
1.487934477627277374e-01
1.428621523082256317e-01
1.416999734938144684e-01
1.402870565652847290e-01
1.421104297041893005e-01
1.502208337187767029e-01
1.470663920044898987e-01
1.507286615669727325e-01
1.276919227093458176e-01
1.406800188124179840e-01
1.505184993147850037e-01
1.482643969357013702e-01
1.483444906771183014e-01
1.398309506475925446e-01
1.512620076537132263e-01
1.490967236459255219e-01
1.526180207729339600e-01
1.366263832896947861e-01
1.406114101409912109e-01
1.476148255169391632e-01
1.521886922419071198e-01
1.362301297485828400e-01
1.307594105601310730e-01
1.510559506714344025e-01
1.415689960122108459e-01
1.497819051146507263e-01
1.443756483495235443e-01
1.443749964237213135e-01
1.294277627021074295e-01
1.453308202326297760e-01
1.412138044834136963e-01
1.437604650855064392e-01
1.350056789815425873e-01
1.385896503925323486e-01
1.503627859055995941e-01
1.412496231496334076e-01
1.480794064700603485e-01
1.416730135679244995e-01
1.408479772508144379e-01
1.490421704947948456e-01
1.397170126438140869e-01
1.524972096085548401e-01
1.522191651165485382e-01
1.267240494489669800e-01
1.546640507876873016e-01
1.512706205248832703e-01
1.364624984562397003e-01
1.469071730971336365e-01
1.531834788620471954e-01
1.400820761919021606e-01
1.372644305229187012e-01
1.318021789193153381e-01
1.420127376914024353e-01
1.498120948672294617e-01
1.466927714645862579e-01
1.448531970381736755e-01
1.456750333309173584e-01
1.383400596678256989e-01
1.528282500803470612e-01
1.464528664946556091e-01
1.433595009148120880e-01
1.441289782524108887e-01
1.530853509902954102e-01
1.430473290383815765e-01
1.422835066914558411e-01
1.494229361414909363e-01
1.478623896837234497e-01
1.395896449685096741e-01
1.397930048406124115e-01
1.499674879014492035e-01
1.529068723320960999e-01
1.497863344848155975e-01
1.503506936132907867e-01
1.415100395679473877e-01
1.552531793713569641e-01
1.424744948744773865e-01
1.438020206987857819e-01
1.505881734192371368e-01
1.468302458524703979e-01
1.439073942601680756e-01
1.519671194255352020e-01
1.343085151165723801e-01
1.390143372118473053e-01
1.393996849656105042e-01
1.505971252918243408e-01
1.440749652683734894e-01
1.354316957294940948e-01
1.438309065997600555e-01
1.360655277967453003e-01
1.451630480587482452e-01
1.404390260577201843e-01
1.410458758473396301e-01
1.419478915631771088e-01
1.380796171724796295e-01
1.487555839121341705e-01
1.283351015299558640e-01
1.447994317859411240e-01
1.451371200382709503e-01
1.414508074522018433e-01
1.467053666710853577e-01
1.384889073669910431e-01
1.446309201419353485e-01
1.457384750247001648e-01
1.525249779224395752e-01
1.414245851337909698e-01
1.476959772408008575e-01
1.271179560571908951e-01
1.437080465257167816e-01
1.383144222199916840e-01
1.362813897430896759e-01
1.400735192000865936e-01
1.426787637174129486e-01
1.438341736793518066e-01
1.394070349633693695e-01
1.334518902003765106e-01
1.322835925966501236e-01
1.394387595355510712e-01
1.380785219371318817e-01
1.212526187300682068e-01
1.434987522661685944e-01
1.374473962932825089e-01
1.423956751823425293e-01
1.501674726605415344e-01
1.374966911971569061e-01
1.438766717910766602e-01
1.401722244918346405e-01
1.353933587670326233e-01
1.366536468267440796e-01
1.378116682171821594e-01
1.436029672622680664e-01
1.471065394580364227e-01
1.409923359751701355e-01
1.331537086516618729e-01
1.323782317340373993e-01
1.430255901068449020e-01
1.512956172227859497e-01
1.401532441377639771e-01
1.339517161250114441e-01
1.387406550347805023e-01
1.474381685256958008e-01
1.472443938255310059e-01
1.385348010808229446e-01
1.487610228359699249e-01
1.310796737670898438e-01
1.346856132149696350e-01
1.397019345313310623e-01
1.374754719436168671e-01
1.438410095870494843e-01
1.428375691175460815e-01
1.300256419926881790e-01
1.485662721097469330e-01
1.358139105141162872e-01
1.471977308392524719e-01
1.367702335119247437e-01
1.456770449876785278e-01
1.428561918437480927e-01
1.349803097546100616e-01
1.439587138593196869e-01
1.320645175874233246e-01
1.448631659150123596e-01
1.353531647473573685e-01
1.408715210855007172e-01
1.364164687693119049e-01
1.400784440338611603e-01
1.396256014704704285e-01
1.399915851652622223e-01
1.489272154867649078e-01
1.488712951540946960e-01
1.370843574404716492e-01
1.315393224358558655e-01
1.360564082860946655e-01
1.248190701007843018e-01
1.460316330194473267e-01
1.491604894399642944e-01
1.380450986325740814e-01
1.370941847562789917e-01
1.378481462597846985e-01
1.434338986873626709e-01
1.421708017587661743e-01
1.485551670193672180e-01
1.462938599288463593e-01
1.469483152031898499e-01
1.444967724382877350e-01
1.399566307663917542e-01
1.337437033653259277e-01
1.503168717026710510e-01
1.382954120635986328e-01
1.382525637745857239e-01
1.346111707389354706e-01
1.439563743770122528e-01
1.380082331597805023e-01
1.298584081232547760e-01
1.390896476805210114e-01
1.354070082306861877e-01
1.421313360333442688e-01
1.412556543946266174e-01
1.508938558399677277e-01
1.409492269158363342e-01
1.351797506213188171e-01
1.355080418288707733e-01
1.499437429010868073e-01
1.439280658960342407e-01
1.463413909077644348e-01
1.484094448387622833e-01
1.365141496062278748e-01
1.349101997911930084e-01
1.464785747230052948e-01
1.392935067415237427e-01
1.405675336718559265e-01
1.462340950965881348e-01
1.456885747611522675e-01
1.367081403732299805e-01
1.414920464158058167e-01
1.412262916564941406e-01
1.466132402420043945e-01
1.425283327698707581e-01
1.389132477343082428e-01
1.413231268525123596e-01
1.337320655584335327e-01
1.418723873794078827e-01
1.430253088474273682e-01
1.450966782867908478e-01
1.454751752316951752e-01
1.377322189509868622e-01
1.366035863757133484e-01
1.442650891840457916e-01
1.475857533514499664e-01
1.460004858672618866e-01
1.451614797115325928e-01
1.324248649179935455e-01
1.309849172830581665e-01
1.417000815272331238e-01
1.331767011433839798e-01
1.294618919491767883e-01
1.425084210932254791e-01
1.438063308596611023e-01
1.344108767807483673e-01
1.423535570502281189e-01
1.375680472701787949e-01
1.405728198587894440e-01
1.464572958648204803e-01
1.348833926022052765e-01
1.389556266367435455e-01
1.412200964987277985e-01
1.348066329956054688e-01
1.370691414922475815e-01
1.383609343320131302e-01
1.438327208161354065e-01
1.300629936158657074e-01
1.221930049359798431e-01
1.397135630249977112e-01
1.365976221859455109e-01
1.409112140536308289e-01
1.336859911680221558e-01
1.279745884239673615e-01
1.344424206763505936e-01
1.352618299424648285e-01
1.435973644256591797e-01
1.305906921625137329e-01
1.398081462830305099e-01
1.356234960258007050e-01
1.399121284484863281e-01
1.447289064526557922e-01
1.417673956602811813e-01
1.478614956140518188e-01
1.370542347431182861e-01
1.348486915230751038e-01
1.435122154653072357e-01
1.437264904379844666e-01
1.343405693769454956e-01
1.352181714028120041e-01
1.342920307070016861e-01
1.358305718749761581e-01
1.412741988897323608e-01
1.327636130154132843e-01
1.467913873493671417e-01
1.405673585832118988e-01
1.326995491981506348e-01
1.423510089516639709e-01
1.467462405562400818e-01
1.485206186771392822e-01
1.377824172377586365e-01
1.307327598333358765e-01
1.305168904364109039e-01
1.450711563229560852e-01
1.320945490151643753e-01
1.362789683043956757e-01
1.382146105170249939e-01
1.392778102308511734e-01
1.290698647499084473e-01
1.439096815884113312e-01
1.395451352000236511e-01
1.423652023077011108e-01
1.374402195215225220e-01
1.411256454885005951e-01
1.453853882849216461e-01
1.464486457407474518e-01
1.368444189429283142e-01
1.324504129588603973e-01
1.338456273078918457e-01
1.524954140186309814e-01
1.431921645998954773e-01
1.368322819471359253e-01
1.437637619674205780e-01
1.496911160647869110e-01
1.368818394839763641e-01
1.431633457541465759e-01
1.288218013942241669e-01
1.392967961728572845e-01
1.424416005611419678e-01
1.455994658172130585e-01
1.331607773900032043e-01
1.443197838962078094e-01
1.408539712429046631e-01
1.445461176335811615e-01
1.362067852169275284e-01
1.446978636085987091e-01
1.363626122474670410e-01
1.357640754431486130e-01
1.363505441695451736e-01
1.376386173069477081e-01
1.406487524509429932e-01
1.366422772407531738e-01
1.390056721866130829e-01
1.395829282701015472e-01
1.379322800785303116e-01
1.427418217062950134e-01
1.356656998395919800e-01
1.342450417578220367e-01
1.395850293338298798e-01
1.477828659117221832e-01
1.439254507422447205e-01
1.458969973027706146e-01
1.324843764305114746e-01
1.392495036125183105e-01
1.370771043002605438e-01
1.363419145345687866e-01
1.458792537450790405e-01
1.446782760322093964e-01
1.400051657110452652e-01
1.367052979767322540e-01
1.394596621394157410e-01
1.387596875429153442e-01
1.327374260872602463e-01
1.365121584385633469e-01
1.375066265463829041e-01
1.401484645903110504e-01
1.373602487146854401e-01
1.472722329199314117e-01
1.376266628503799438e-01
1.402091607451438904e-01
1.375773400068283081e-01
1.355585046112537384e-01
1.316422857344150543e-01
1.494839005172252655e-01
1.308884583413600922e-01
1.325219161808490753e-01
1.450011059641838074e-01
1.391102671623229980e-01
1.461011953651905060e-01
1.362590529024600983e-01
1.380252204835414886e-01
1.367398072034120560e-01
1.234870720654726028e-01
1.374291423708200455e-01
1.457070019096136093e-01
1.408646441996097565e-01
1.349962707608938217e-01
1.406349241733551025e-01
1.395948603749275208e-01
1.330164112150669098e-01
1.407271213829517365e-01
1.428932361304759979e-01
1.449600569903850555e-01
1.312120612710714340e-01
1.382955834269523621e-01
1.430640965700149536e-01
1.499129272997379303e-01
1.287055350840091705e-01
1.416882872581481934e-01
1.432973556220531464e-01
1.350926570594310760e-01
1.356345713138580322e-01
1.424074731767177582e-01
1.422912068665027618e-01
1.414494514465332031e-01
1.381154879927635193e-01
1.331612747162580490e-01
1.300921924412250519e-01
1.260668672621250153e-01
1.456712558865547180e-01
1.446602679789066315e-01
1.281715705990791321e-01
1.430719718337059021e-01
1.323661096394062042e-01
1.362293660640716553e-01
1.409931294620037079e-01
1.405780278146266937e-01
1.297069620341062546e-01
1.420307643711566925e-01
1.308196708559989929e-01
1.353457942605018616e-01
1.319585051387548447e-01
1.413151696324348450e-01
1.393477544188499451e-01
1.275722887367010117e-01
1.337922550737857819e-01
1.435927245765924454e-01
1.417219750583171844e-01
1.428762972354888916e-01
1.331945993006229401e-01
1.411363184452056885e-01
1.320195049047470093e-01
1.434636972844600677e-01
1.262253839522600174e-01
1.238630618900060654e-01
1.327467486262321472e-01
1.346509829163551331e-01
1.384281404316425323e-01
1.326083131134510040e-01
1.399827674031257629e-01
1.377897225320339203e-01
1.408289261162281036e-01
1.405102349817752838e-01
1.434555277228355408e-01
1.365980431437492371e-01
1.384259387850761414e-01
1.430113092064857483e-01
1.199670620262622833e-01
1.409605629742145538e-01
1.340939477086067200e-01
1.396284103393554688e-01
1.451887302100658417e-01
1.376978103071451187e-01
1.306306924670934677e-01
1.363436784595251083e-01
1.355621367692947388e-01
1.303757671266794205e-01
1.433648504316806793e-01
1.336612142622470856e-01
1.395251378417015076e-01
1.301127262413501740e-01
1.403734721243381500e-01
1.315390821546316147e-01
1.280398108065128326e-01
1.431135125458240509e-01
1.396567896008491516e-01
1.302940305322408676e-01
1.335028931498527527e-01
1.423729658126831055e-01
1.375157088041305542e-01
1.459711231291294098e-01
1.380629874765872955e-01
1.333509963005781174e-01
1.368476040661334991e-01
1.438854187726974487e-01
1.359451673924922943e-01
1.359537951648235321e-01
1.416768208146095276e-01
1.386032477021217346e-01
1.410026587545871735e-01
1.346127949655056000e-01
1.366692502051591873e-01
1.416800059378147125e-01
1.400205381214618683e-01
1.372904703021049500e-01
1.290728449821472168e-01
1.361372582614421844e-01
1.326057724654674530e-01
1.345021612942218781e-01
1.320352926850318909e-01
1.291754096746444702e-01
1.330996342003345490e-01
1.378174573183059692e-01
1.290965043008327484e-01
1.498861089348793030e-01
1.402434837073087692e-01
1.423869654536247253e-01
1.456869281828403473e-01
1.438392177224159241e-01
1.364817246794700623e-01
1.351749431341886520e-01
1.305954717099666595e-01
1.359138339757919312e-01
1.397097893059253693e-01
1.441306993365287781e-01
1.407509967684745789e-01
1.318905279040336609e-01
1.280013658106327057e-01
1.352973580360412598e-01
1.385562643408775330e-01
1.307978834956884384e-01
1.238385476171970367e-01
1.402078494429588318e-01
1.425054669380187988e-01
1.347583793103694916e-01
1.385062076151371002e-01
1.327337734401226044e-01
1.360518522560596466e-01
1.430003531277179718e-01
1.333852596580982208e-01
1.342239249497652054e-01
1.385400313884019852e-01
1.408527009189128876e-01
1.421823278069496155e-01
1.447178758680820465e-01
1.347714681178331375e-01
1.396829560399055481e-01
1.305342521518468857e-01
1.338458340615034103e-01
1.366665549576282501e-01
1.360157616436481476e-01
1.386994607746601105e-01
1.432336978614330292e-01
1.400722227990627289e-01
1.317149996757507324e-01
1.437734030187129974e-01
1.338283605873584747e-01
1.401862725615501404e-01
1.412927508354187012e-01
1.310567967593669891e-01
1.442535147070884705e-01
1.423442885279655457e-01
1.369523778557777405e-01
1.385079026222229004e-01
1.314419731497764587e-01
1.351509578526020050e-01
1.324781384319067001e-01
1.326388493180274963e-01
1.376035567373037338e-01
1.418033428490161896e-01
1.373650804162025452e-01
1.372951641678810120e-01
1.252867914736270905e-01
1.296246573328971863e-01
1.359756775200366974e-01
1.335327476263046265e-01
1.354029420763254166e-01
1.377360820770263672e-01
1.347076371312141418e-01
1.370317526161670685e-01
1.370088867843151093e-01
1.390102989971637726e-01
1.389437690377235413e-01
1.350603513419628143e-01
1.389905624091625214e-01
1.357174497097730637e-01
1.355455946177244186e-01
1.364583969116210938e-01
1.307878773659467697e-01
1.321148872375488281e-01
1.425510495901107788e-01
1.423148959875106812e-01
1.437237448990345001e-01
1.368689276278018951e-01
1.387035176157951355e-01
1.390828005969524384e-01
1.259023863822221756e-01
1.373717226088047028e-01
1.363894082605838776e-01
1.411626394838094711e-01
1.256006751209497452e-01
1.333238855004310608e-01
1.396260522305965424e-01
1.363385431468486786e-01
1.422911211848258972e-01
1.345779336988925934e-01
1.411988399922847748e-01
1.422985903918743134e-01
1.368514746427536011e-01
1.362607255578041077e-01
1.344826240092515945e-01
1.325188260525465012e-01
1.357696466147899628e-01
1.394998505711555481e-01
1.375514268875122070e-01
1.324594207108020782e-01
1.344834566116333008e-01
1.298217754811048508e-01
1.258983965963125229e-01
1.432874873280525208e-01
1.366240084171295166e-01
1.299164276570081711e-01
1.365926265716552734e-01
1.358424797654151917e-01
1.335728820413351059e-01
1.432662270963191986e-01
1.303605660796165466e-01
1.441407389938831329e-01
1.298416424542665482e-01
1.261092945933341980e-01
1.394846700131893158e-01
1.430912949144840240e-01
1.435897611081600189e-01
1.423435285687446594e-01
1.364489533007144928e-01
1.364802233874797821e-01
1.394586637616157532e-01
1.364586353302001953e-01
1.262291967868804932e-01
1.456301398575305939e-01
1.313208788633346558e-01
1.273969262838363647e-01
1.325285360217094421e-01
1.384600549936294556e-01
1.404071077704429626e-01
1.303372196853160858e-01
1.404024139046669006e-01
1.410280428826808929e-01
1.339748576283454895e-01
1.385857425630092621e-01
1.408281773328781128e-01
1.317085158079862595e-01
1.432896628975868225e-01
1.347483769059181213e-01
1.301068142056465149e-01
1.377760730683803558e-01
1.465828232467174530e-01
1.402978170663118362e-01
1.351443529129028320e-01
1.216429211199283600e-01
1.403466388583183289e-01
1.359830573201179504e-01
1.382701713591814041e-01
1.322725955396890640e-01
1.460159160196781158e-01
1.340094693005084991e-01
1.353406198322772980e-01
1.302594393491744995e-01
1.415975913405418396e-01
1.305062286555767059e-01
1.318739466369152069e-01
1.410675644874572754e-01
1.304258089512586594e-01
1.378689147531986237e-01
1.407578550279140472e-01
1.402570530772209167e-01
1.378028057515621185e-01
1.410051435232162476e-01
1.401934325695037842e-01
1.369202695786952972e-01
1.263767015188932419e-01
1.374010741710662842e-01
1.447092965245246887e-01
1.409358866512775421e-01
1.327627263963222504e-01
1.316280458122491837e-01
1.201362404972314835e-01
1.438647843897342682e-01
1.291273012757301331e-01
1.342862565070390701e-01
1.388432085514068604e-01
1.416906565427780151e-01
1.371989771723747253e-01
1.429521180689334869e-01
1.262804046273231506e-01
1.442058011889457703e-01
1.395611837506294250e-01
1.425972431898117065e-01
1.371895410120487213e-01
1.393435299396514893e-01
1.390848793089389801e-01
1.239794623106718063e-01
1.310242991894483566e-01
1.364712417125701904e-01
1.331663951277732849e-01
1.343828216195106506e-01
1.225431654602289200e-01
1.415668353438377380e-01
1.367119736969470978e-01
1.362997107207775116e-01
1.254289913922548294e-01
1.415429450571537018e-01
1.359484717249870300e-01
1.237406935542821884e-01
1.428553089499473572e-01
1.278801541775465012e-01
1.375271789729595184e-01
1.330829653888940811e-01
1.398333422839641571e-01
1.322326529771089554e-01
1.350605711340904236e-01
1.397399865090847015e-01
1.325110495090484619e-01
1.418420895934104919e-01
1.264962404966354370e-01
1.370844915509223938e-01
1.405570730566978455e-01
1.404894888401031494e-01
1.304659023880958557e-01
1.267587710171937943e-01
1.331979371607303619e-01
1.274859905242919922e-01
1.419994849711656570e-01
1.358793806284666061e-01
1.309664156287908554e-01
1.368517316877841949e-01
1.308981534093618393e-01
1.459772214293479919e-01
1.316326055675745010e-01
1.483120396733283997e-01
1.424543187022209167e-01
1.219702046364545822e-01
1.348045319318771362e-01
1.364002972841262817e-01
1.239211838692426682e-01
1.344121508300304413e-01
1.268495544791221619e-01
1.352446600794792175e-01
1.356577575206756592e-01
1.330933012068271637e-01
1.367124691605567932e-01
1.389039754867553711e-01
1.303942147642374039e-01
1.319125629961490631e-01
1.373726055026054382e-01
1.293416451662778854e-01
1.279673688113689423e-01
1.348399780690670013e-01
1.335266865789890289e-01
1.348699331283569336e-01
1.216766629368066788e-01
1.392949149012565613e-01
1.261397749185562134e-01
1.323484573513269424e-01
1.297371294349431992e-01
1.250417102128267288e-01
1.417955011129379272e-01
1.403196528553962708e-01
1.277271620929241180e-01
1.286233775317668915e-01
1.402476914227008820e-01
1.439204998314380646e-01
1.335328463464975357e-01
1.259109918028116226e-01
1.282688807696104050e-01
1.347437202930450439e-01
1.351631805300712585e-01
1.289944332093000412e-01
1.323108375072479248e-01
1.337988022714853287e-01
1.289895772933959961e-01
1.422947309911251068e-01
1.324605904519557953e-01
1.391023099422454834e-01
1.357289291918277740e-01
1.337543874979019165e-01
1.302628181874752045e-01
1.442926824092864990e-01
1.384969204664230347e-01
1.259326767176389694e-01
1.316433548927307129e-01
1.376135908067226410e-01
1.339115276932716370e-01
1.284563541412353516e-01
1.329095549881458282e-01
1.353093311190605164e-01
1.316445134580135345e-01
1.362327970564365387e-01
1.359101496636867523e-01
1.356510296463966370e-01
1.257622651755809784e-01
1.283015906810760498e-01
1.370134167373180389e-01
1.351278983056545258e-01
1.428337134420871735e-01
1.326760984957218170e-01
1.335209645330905914e-01
1.363207511603832245e-01
1.373862437903881073e-01
1.426179260015487671e-01
1.400114558637142181e-01
1.333185750991106033e-01
1.291932798922061920e-01
1.353263482451438904e-01
1.335369013249874115e-01
1.416014954447746277e-01
1.424286104738712311e-01
1.391378454864025116e-01
1.355102732777595520e-01
1.431048512458801270e-01
1.358359903097152710e-01
1.364259161055088043e-01
1.358894407749176025e-01
1.301466319710016251e-01
1.447076760232448578e-01
1.345165334641933441e-01
1.347814835608005524e-01
1.326775103807449341e-01
1.371884346008300781e-01
1.312099471688270569e-01
1.316248476505279541e-01
1.464784480631351471e-01
1.365084834396839142e-01
1.302501596510410309e-01
1.367837581783533096e-01
1.262956913560628891e-01
1.423941254615783691e-01
1.308267544955015182e-01
1.279908232390880585e-01
1.404385790228843689e-01
1.411647498607635498e-01
1.463091969490051270e-01
1.435593403875827789e-01
1.351393274962902069e-01
1.291645634919404984e-01
1.297873258590698242e-01
1.256515122950077057e-01
1.318201348185539246e-01
1.366637311875820160e-01
1.375445090234279633e-01
1.319626122713088989e-01
1.384336929768323898e-01
1.433520987629890442e-01
1.387485899031162262e-01
1.349424272775650024e-01
1.442284807562828064e-01
1.388671677559614182e-01
1.314929574728012085e-01
1.284338254481554031e-01
1.378978751599788666e-01
1.362356171011924744e-01
1.358968727290630341e-01
1.368972137570381165e-01
1.292138770222663879e-01
1.404126398265361786e-01
1.340485587716102600e-01
1.288899742066860199e-01
1.379114985466003418e-01
1.397722251713275909e-01
1.327560450881719589e-01
1.409619525074958801e-01
1.344708614051342010e-01
1.231747288256883621e-01
1.363432593643665314e-01
1.408597752451896667e-01
1.359922997653484344e-01
1.283802986145019531e-01
1.370552442967891693e-01
1.334535479545593262e-01
1.422960124909877777e-01
1.393329836428165436e-01
1.397827342152595520e-01
1.355450674891471863e-01
1.330298483371734619e-01
1.232693418860435486e-01
1.362311746925115585e-01
1.345215402543544769e-01
1.410946398973464966e-01
1.411110088229179382e-01
1.285266783088445663e-01
1.289859563112258911e-01
1.341513581573963165e-01
1.313795335590839386e-01
1.399217508733272552e-01
1.356879882514476776e-01
1.291033327579498291e-01
1.303710695356130600e-01
1.431664377450942993e-01
1.261788550764322281e-01
1.406277865171432495e-01
1.355534195899963379e-01
1.311317570507526398e-01
1.355601698160171509e-01
1.267432048916816711e-01
1.332049090415239334e-01
1.356947533786296844e-01
1.443285159766674042e-01
1.337912660092115402e-01
1.316515617072582245e-01
1.366788186132907867e-01
1.378150377422571182e-01
1.387154683470726013e-01
1.377903334796428680e-01
1.313589736819267273e-01
1.494736038148403168e-01
1.374056451022624969e-01
1.241082455962896347e-01
1.304268501698970795e-01
1.286080405116081238e-01
1.277282480150461197e-01
1.308839004486799240e-01
1.252986043691635132e-01
1.387569606304168701e-01
1.364728100597858429e-01
1.333366446197032928e-01
1.336208004504442215e-01
1.440920047461986542e-01
1.423294432461261749e-01
1.319276168942451477e-01
1.283768601715564728e-01
1.379237771034240723e-01
1.320766415446996689e-01
1.332779042422771454e-01
1.363690793514251709e-01
1.352968439459800720e-01
1.326848529279232025e-01
1.384210176765918732e-01
1.345531679689884186e-01
1.300575826317071915e-01
1.402075663208961487e-01
1.217865608632564545e-01
1.359637640416622162e-01
1.331999674439430237e-01
1.363658867776393890e-01
1.294172368943691254e-01
1.385929156094789505e-01
1.461426690220832825e-01
1.354003977030515671e-01
1.337558589875698090e-01
1.279658377170562744e-01
1.371197998523712158e-01
1.354366466403007507e-01
1.381590589880943298e-01
1.343940179795026779e-01
1.372805684804916382e-01
1.224258933216333389e-01
1.303346101194620132e-01
1.338620129972696304e-01
1.322310045361518860e-01
1.298393364995718002e-01
1.409553512930870056e-01
1.276159118860960007e-01
1.357355862855911255e-01
1.364914216101169586e-01
1.330781206488609314e-01
1.186251658946275711e-01
1.321531198918819427e-01
1.320506222546100616e-01
1.312088593840599060e-01
1.331159695982933044e-01
1.316205225884914398e-01
1.366459242999553680e-01
1.362808085978031158e-01
1.313243918120861053e-01
1.324961483478546143e-01
1.272492483258247375e-01
1.289391648024320602e-01
1.284899748861789703e-01
1.282288879156112671e-01
1.420969255268573761e-01
1.280132066458463669e-01
1.442590542137622833e-01
1.434291340410709381e-01
1.440821327269077301e-01
1.445951201021671295e-01
1.328288614749908447e-01
1.357531119138002396e-01
1.324587166309356689e-01
1.372972764074802399e-01
1.358787864446640015e-01
1.405679211020469666e-01
1.348683387041091919e-01
1.355898641049861908e-01
1.282704845070838928e-01
1.327792704105377197e-01
1.252405587583780289e-01
1.292497776448726654e-01
1.323663666844367981e-01
1.392965018749237061e-01
1.308073420077562332e-01
1.378427594900131226e-01
1.330876369029283524e-01
1.399431303143501282e-01
1.358406394720077515e-01
1.283653546124696732e-01
1.367059797048568726e-01
1.381977014243602753e-01
1.340236440300941467e-01
1.289723142981529236e-01
1.369313970208168030e-01
1.433002613484859467e-01
1.226636469364166260e-01
1.477134265005588531e-01
1.378692649304866791e-01
1.402687430381774902e-01
1.239529345184564590e-01
1.268421430140733719e-01
1.286541372537612915e-01
1.366343423724174500e-01
1.362403482198715210e-01
1.327145807445049286e-01
1.347667798399925232e-01
1.391437612473964691e-01
1.292875055223703384e-01
1.376708932220935822e-01
1.419534422457218170e-01
1.373745054006576538e-01
1.278402339667081833e-01
1.377531439065933228e-01
1.371170505881309509e-01
1.346115134656429291e-01
1.353114917874336243e-01
1.405746079981327057e-01
1.463470421731472015e-01
1.304243411868810654e-01
1.301462613046169281e-01
1.389731541275978088e-01
1.358942463994026184e-01
1.238821726292371750e-01
1.367826722562313080e-01
1.329186260700225830e-01
1.392680592834949493e-01
1.360790543258190155e-01
1.357181146740913391e-01
1.451883129775524139e-01
1.335431504994630814e-01
1.327107064425945282e-01
1.337332725524902344e-01
1.349477656185626984e-01
1.306121088564395905e-01
1.256961803883314133e-01
1.213832516223192215e-01
1.371450740844011307e-01
1.391968838870525360e-01
1.283256392925977707e-01
1.347096059471368790e-01
1.367763690650463104e-01
1.282228268682956696e-01
1.396497301757335663e-01
1.363703943789005280e-01
1.374918706715106964e-01
1.447619944810867310e-01
1.324978806078433990e-01
1.246053762733936310e-01
1.334178745746612549e-01
1.335678976029157639e-01
1.361875943839550018e-01
1.320691071450710297e-01
1.215254496783018112e-01
1.368576772511005402e-01
1.373850740492343903e-01
1.347743868827819824e-01
1.264831665903329849e-01
1.375804841518402100e-01
1.372426338493824005e-01
1.446693539619445801e-01
1.310205906629562378e-01
1.331465318799018860e-01
1.300299521535634995e-01
1.352536939084529877e-01
1.456948518753051758e-01
1.256740279495716095e-01
1.367221958935260773e-01
1.325077097862958908e-01
1.231908611953258514e-01
1.288915872573852539e-01
1.283498965203762054e-01
1.307070385664701462e-01
1.414917223155498505e-01
1.387461125850677490e-01
1.293497309088706970e-01
1.443123370409011841e-01
1.339118201285600662e-01
1.290787495672702789e-01
1.324635446071624756e-01
1.339645497500896454e-01
1.429154910147190094e-01
1.307899616658687592e-01
1.386361233890056610e-01
1.288085840642452240e-01
1.285095922648906708e-01
1.349488608539104462e-01
1.272353827953338623e-01
1.296534668654203415e-01
1.331743821501731873e-01
1.358851306140422821e-01
1.363602951169013977e-01
1.413054205477237701e-01
1.192142739892005920e-01
1.396161094307899475e-01
1.379415318369865417e-01
1.386801823973655701e-01
1.296354625374078751e-01
1.394056491553783417e-01
1.332738809287548065e-01
1.441635489463806152e-01
1.275193188339471817e-01
1.347166486084461212e-01
1.314153261482715607e-01
1.382275074720382690e-01
1.380240134894847870e-01
1.305775865912437439e-01
1.216992512345314026e-01
1.378111429512500763e-01
1.368420310318470001e-01
1.225883364677429199e-01
1.221018768846988678e-01
1.381214484572410583e-01
1.423061750829219818e-01
1.371258534491062164e-01
1.346905454993247986e-01
1.310637425631284714e-01
1.246348209679126740e-01
1.355051789432764053e-01
1.245496422052383423e-01
1.272069402039051056e-01
1.317784972488880157e-01
1.395899280905723572e-01
1.291780918836593628e-01
1.307045277208089828e-01
1.367965526878833771e-01
1.285602115094661713e-01
1.360227223485708237e-01
1.388714723289012909e-01
1.282007209956645966e-01
1.391819901764392853e-01
1.296880003064870834e-01
1.349678859114646912e-01
1.499262712895870209e-01
1.373410280793905258e-01
1.297207493335008621e-01
1.347742434591054916e-01
1.339184530079364777e-01
1.366298943758010864e-01
1.306885313242673874e-01
1.297458112239837646e-01
1.383811533451080322e-01
1.381041780114173889e-01
1.260080467909574509e-01
1.361655294895172119e-01
1.346261650323867798e-01
1.221807710826396942e-01
1.385699566453695297e-01
1.323874648660421371e-01
1.351046375930309296e-01
1.349722482264041901e-01
1.390202790498733521e-01
1.370765045285224915e-01
1.327248997986316681e-01
1.444656141102313995e-01
1.418288536369800568e-01
1.309435516595840454e-01
1.263728700578212738e-01
1.361028365790843964e-01
1.354857459664344788e-01
1.355743147432804108e-01
1.345062796026468277e-01
1.328156106173992157e-01
1.398691460490226746e-01
1.397518515586853027e-01
1.333705335855484009e-01
1.213297024369239807e-01
1.283548921346664429e-01
1.370649971067905426e-01
1.403752043843269348e-01
1.315679699182510376e-01
1.332717128098011017e-01
1.367288976907730103e-01
1.311548054218292236e-01
1.357913725078105927e-01
1.369160674512386322e-01
1.322874128818511963e-01
1.311245318502187729e-01
1.333077624440193176e-01
1.350928097963333130e-01
1.361734233796596527e-01
1.327866166830062866e-01
1.286054849624633789e-01
1.383211649954319000e-01
1.391914077103137970e-01
1.381239667534828186e-01
1.272477656602859497e-01
1.353249847888946533e-01
1.295963767915964127e-01
1.356001198291778564e-01
1.393384188413619995e-01
1.388226896524429321e-01
1.180546060204505920e-01
1.311970148235559464e-01
1.309308577328920364e-01
1.335720885545015335e-01
1.334525421261787415e-01
1.177843306213617325e-01
1.280228737741708755e-01
1.292106341570615768e-01
1.426361799240112305e-01
1.336268726736307144e-01
1.298489905893802643e-01
1.277088355273008347e-01
1.300751008093357086e-01
1.347647681832313538e-01
1.285006348043680191e-01
1.401219293475151062e-01
1.383260115981101990e-01
1.419891938567161560e-01
1.322458088397979736e-01
1.349363066256046295e-01
1.320766210556030273e-01
1.278764735907316208e-01
1.312351003289222717e-01
1.384732350707054138e-01
1.364674456417560577e-01
1.340493895113468170e-01
1.328179948031902313e-01
1.322524175047874451e-01
1.221412215381860733e-01
1.379580646753311157e-01
1.325121670961380005e-01
1.326993256807327271e-01
1.400696858763694763e-01
1.342256590723991394e-01
1.364588774740695953e-01
1.274641957134008408e-01
1.344614904373884201e-01
1.406519338488578796e-01
1.331596896052360535e-01
1.343407109379768372e-01
1.346199307590723038e-01
1.321889422833919525e-01
1.368608064949512482e-01
1.373109109699726105e-01
1.399561204016208649e-01
1.368772014975547791e-01
1.329786777496337891e-01
1.271150875836610794e-01
1.301944646984338760e-01
1.317167114466428757e-01
1.280011627823114395e-01
1.350297033786773682e-01
1.332409232854843140e-01
1.317274421453475952e-01
1.325363498181104660e-01
1.385717876255512238e-01
1.362646892666816711e-01
1.334606297314167023e-01
1.374124698340892792e-01
1.313905082643032074e-01
1.398618668317794800e-01
1.352559961378574371e-01
1.276206206530332565e-01
1.286884006112813950e-01
1.314572803676128387e-01
1.293319500982761383e-01
1.347324699163436890e-01
1.248110290616750717e-01
1.352470442652702332e-01
1.357334535568952560e-01
1.364537850022315979e-01
1.316648051142692566e-01
1.351504065096378326e-01
1.344106160104274750e-01
1.354013904929161072e-01
1.336395777761936188e-01
1.217191200703382492e-01
1.389511600136756897e-01
1.341183129698038101e-01
1.208011396229267120e-01
1.358208823949098587e-01
1.307935658842325211e-01
1.248548384755849838e-01
1.377821788191795349e-01
1.337780728936195374e-01
1.349925212562084198e-01
1.348869856446981430e-01
1.313079483807086945e-01
1.308836620301008224e-01
1.363047361373901367e-01
1.278538424521684647e-01
1.231896597892045975e-01
1.382731050252914429e-01
1.306090243160724640e-01
1.392849721014499664e-01
1.271785087883472443e-01
1.237043961882591248e-01
1.433648094534873962e-01
1.326586417853832245e-01
1.398465000092983246e-01
1.384952887892723083e-01
1.335251461714506149e-01
1.386066563427448273e-01
1.369416788220405579e-01
1.309258956462144852e-01
1.295748241245746613e-01
1.314370166510343552e-01
1.390802003443241119e-01
1.407944075763225555e-01
1.247982401400804520e-01
1.397229991853237152e-01
1.400912329554557800e-01
1.221551205962896347e-01
1.392779424786567688e-01
1.326347179710865021e-01
1.338005661964416504e-01
1.245003975927829742e-01
1.339248120784759521e-01
1.296317614614963531e-01
1.398568581789731979e-01
1.418656967580318451e-01
1.369119957089424133e-01
1.275638416409492493e-01
1.360136382281780243e-01
1.403123475611209869e-01
1.402382478117942810e-01
1.194402109831571579e-01
1.315722502768039703e-01
1.278277076780796051e-01
1.346859671175479889e-01
1.327030565589666367e-01
1.230250559747219086e-01
1.413816511631011963e-01
1.279656179249286652e-01
1.261490862816572189e-01
1.184844374656677246e-01
1.343969292938709259e-01
1.349813379347324371e-01
1.338476091623306274e-01
1.261632852256298065e-01
1.257223393768072128e-01
1.295475121587514877e-01
1.364007070660591125e-01
1.330701541155576706e-01
1.301401201635599136e-01
1.318884827196598053e-01
1.303703989833593369e-01
1.321359723806381226e-01
1.260251458734273911e-01
1.368179917335510254e-01
1.369604282081127167e-01
1.359413899481296539e-01
1.289750002324581146e-01
1.281527485698461533e-01
1.392940990626811981e-01
1.305854190140962601e-01
1.348593235015869141e-01
1.236990075558423996e-01
1.313506402075290680e-01
1.206181608140468597e-01
1.339796632528305054e-01
1.378318592905998230e-01
1.308936066925525665e-01
1.187151577323675156e-01
1.345930229872465134e-01
1.289807595312595367e-01
1.401773989200592041e-01
1.445866432040929794e-01
1.372403576970100403e-01
1.338194850832223892e-01
1.280771680176258087e-01
1.320121828466653824e-01
1.395060606300830841e-01
1.312571335583925247e-01
1.334114260971546173e-01
1.365428362041711807e-01
1.375870443880558014e-01
1.415103636682033539e-01
1.179868057370185852e-01
1.433645188808441162e-01
1.375181674957275391e-01
1.336918901652097702e-01
1.423320081084966660e-01
1.306619606912136078e-01
1.304993517696857452e-01
1.375397294759750366e-01
1.331394016742706299e-01
1.306646894663572311e-01
1.371995769441127777e-01
1.351075172424316406e-01
1.329791396856307983e-01
1.369735747575759888e-01
1.374620310962200165e-01
1.333402544260025024e-01
1.416069604456424713e-01
1.389778368175029755e-01
1.302691400051116943e-01
1.370994150638580322e-01
1.371023729443550110e-01
1.344170048832893372e-01
1.270343475043773651e-01
1.322371549904346466e-01
1.300711147487163544e-01
1.360294967889785767e-01
1.363712623715400696e-01
1.476921923458576202e-01
1.307976283133029938e-01
1.351756472140550613e-01
1.337005048990249634e-01
1.346218902617692947e-01
1.290413402020931244e-01
1.343758627772331238e-01
1.335140950977802277e-01
1.300825811922550201e-01
1.352492049336433411e-01
1.304853018373250961e-01
1.440213769674301147e-01
1.339824143797159195e-01
1.369556151330471039e-01
1.360875181853771210e-01
1.355234496295452118e-01
1.229219697415828705e-01
1.269490458071231842e-01
1.388038210570812225e-01
1.211395487189292908e-01
1.312235053628683090e-01
1.382602564990520477e-01
1.331453230232000351e-01
1.385040432214736938e-01
1.375636197626590729e-01
1.397007144987583160e-01
1.301410812884569168e-01
1.360839270055294037e-01
1.247873678803443909e-01
1.449632681906223297e-01
1.369368433952331543e-01
1.301644332706928253e-01
1.234031431376934052e-01
1.285392213612794876e-01
1.312152296304702759e-01
1.396749131381511688e-01
1.360285542905330658e-01
1.292785424739122391e-01
1.262427028268575668e-01
1.366290338337421417e-01
1.271015703678131104e-01
1.314547136425971985e-01
1.340520065277814865e-01
1.339632663875818253e-01
1.325590740889310837e-01
1.272563580423593521e-01
1.310496907681226730e-01
1.252811551094055176e-01
1.209470722824335098e-01
1.430612355470657349e-01
1.300691440701484680e-01
1.273458749055862427e-01
1.395724080502986908e-01
1.385235190391540527e-01
1.263288836926221848e-01
1.302663572132587433e-01
1.332803666591644287e-01
1.328474432229995728e-01
1.470293737947940826e-01
1.411427669227123260e-01
1.367707103490829468e-01
1.234739851206541061e-01
1.400421652942895889e-01
1.398651450872421265e-01
1.341948136687278748e-01
1.276245880872011185e-01
1.306015793234109879e-01
1.414323002099990845e-01
1.402299087494611740e-01
1.341638825833797455e-01
1.334839854389429092e-01
1.438160352408885956e-01
1.268661357462406158e-01
1.328430678695440292e-01
1.438602954149246216e-01
1.275738514959812164e-01
1.414263136684894562e-01
1.353697739541530609e-01
1.301744543015956879e-01
1.317411717027425766e-01
1.368579883128404617e-01
1.373655460774898529e-01
1.275670118629932404e-01
1.425769999623298645e-01
1.260768603533506393e-01
1.378391385078430176e-01
1.295588240027427673e-01
1.331905089318752289e-01
1.432980336248874664e-01
1.311605926603078842e-01
1.332044191658496857e-01
1.348144225776195526e-01
1.386673152446746826e-01
1.356791742146015167e-01
1.319615300744771957e-01
1.413921900093555450e-01
1.378722377121448517e-01
1.312550604343414307e-01
1.287924833595752716e-01
1.285127643495798111e-01
1.312189903110265732e-01
1.307571716606616974e-01
1.348838098347187042e-01
1.402408555150032043e-01
1.267631463706493378e-01
1.348902359604835510e-01
1.396430954337120056e-01
1.377449519932270050e-01
1.404478698968887329e-01
1.387238912284374237e-01
1.412207037210464478e-01
1.366541422903537750e-01
1.327949631959199905e-01
1.278288885951042175e-01
1.407906822860240936e-01
1.353211719542741776e-01
1.392734237015247345e-01
1.280890442430973053e-01
1.368579566478729248e-01
1.304849404841661453e-01
1.314370632171630859e-01
1.390853971242904663e-01
1.266802940517663956e-01
1.362289767712354660e-01
1.336877904832363129e-01
1.424632780253887177e-01
1.304427962750196457e-01
1.314892638474702835e-01
1.284096594899892807e-01
1.317926608026027679e-01
1.384508460760116577e-01
1.316915228962898254e-01
1.443709209561347961e-01
1.370177604258060455e-01
1.371035799384117126e-01
1.326984129846096039e-01
1.184980645775794983e-01
1.346455402672290802e-01
1.342180911451578140e-01
1.254534833133220673e-01
1.303646508604288101e-01
1.334937252104282379e-01
1.301232855767011642e-01
1.294063925743103027e-01
1.260329000651836395e-01
1.175053399056196213e-01
1.353886052966117859e-01
1.323619037866592407e-01
1.351303122937679291e-01
1.306814774870872498e-01
1.340206116437911987e-01
1.341502461582422256e-01
1.280441638082265854e-01
1.292394064366817474e-01
1.351785343140363693e-01
1.446442231535911560e-01
1.335781365633010864e-01
1.410576701164245605e-01
1.341853979974985123e-01
1.386253386735916138e-01
1.313543822616338730e-01
1.328688785433769226e-01
1.282980814576148987e-01
1.249742079526185989e-01
1.324070133268833160e-01
1.353713199496269226e-01
1.264778263866901398e-01
1.252669468522071838e-01
1.340573504567146301e-01
1.347679272294044495e-01
1.312389038503170013e-01
1.376785263419151306e-01
1.394629143178462982e-01
1.330238804221153259e-01
1.249734293669462204e-01
1.385186538100242615e-01
1.362704187631607056e-01
1.344930380582809448e-01
1.353650838136672974e-01
1.335208304226398468e-01
1.273144073784351349e-01
1.351537145674228668e-01
1.370851285755634308e-01
1.280917935073375702e-01
1.298214159905910492e-01
1.186839044094085693e-01
1.387301050126552582e-01
1.303911171853542328e-01
1.329866964370012283e-01
1.364806964993476868e-01
1.306259743869304657e-01
1.384908296167850494e-01
1.337323784828186035e-01
1.394447423517704010e-01
1.291061006486415863e-01
1.354182902723550797e-01
1.303874254226684570e-01
1.359953880310058594e-01
1.287835203111171722e-01
1.299276892095804214e-01
1.297160182148218155e-01
1.334171425551176071e-01
1.323389783501625061e-01
1.328302212059497833e-01
1.255795396864414215e-01
1.335261277854442596e-01
1.299633756279945374e-01
1.324820108711719513e-01
1.293783225119113922e-01
1.348359063267707825e-01
1.370523460209369659e-01
1.338841319084167480e-01
1.350059509277343750e-01
1.285621523857116699e-01
1.289361119270324707e-01
1.311705261468887329e-01
1.348673310130834579e-01
1.383288949728012085e-01
1.307096630334854126e-01
1.441321447491645813e-01
1.261998638510704041e-01
1.403506286442279816e-01
1.369826905429363251e-01
1.284165941178798676e-01
1.296557672321796417e-01
1.349306553602218628e-01
1.320576220750808716e-01
1.298850141465663910e-01
1.296297349035739899e-01
1.487984731793403625e-01
1.395106203854084015e-01
1.359534114599227905e-01
1.291786208748817444e-01
1.287325471639633179e-01
1.371748484671115875e-01
1.357771139591932297e-01
1.376208327710628510e-01
1.418798342347145081e-01
1.345035228878259659e-01
1.378740184009075165e-01
1.364104263484477997e-01
1.256826408207416534e-01
1.366031579673290253e-01
1.389595568180084229e-01
1.406458839774131775e-01
1.321080252528190613e-01
1.337167620658874512e-01
1.318532340228557587e-01
1.308487672358751297e-01
1.198235731571912766e-01
1.315853856503963470e-01
1.250906139612197876e-01
1.285264231264591217e-01
1.408264599740505219e-01
1.362900398671627045e-01
1.402817852795124054e-01
1.376713067293167114e-01
1.299390271306037903e-01
1.417630091309547424e-01
1.323281563818454742e-01
1.260077096521854401e-01
1.372888237237930298e-01
1.341317687183618546e-01
1.403838917613029480e-01
1.363397873938083649e-01
1.285822633653879166e-01
1.346166748553514481e-01
1.311692912131547928e-01
1.400451399385929108e-01
1.363501809537410736e-01
1.370016559958457947e-01
1.328566335141658783e-01
1.327791027724742889e-01
1.364949215203523636e-01
1.356982067227363586e-01
1.339996531605720520e-01
1.322843842208385468e-01
1.337200179696083069e-01
1.291842348873615265e-01
1.318310908973217010e-01
1.303000077605247498e-01
1.280180439352989197e-01
1.253736633807420731e-01
1.391077712178230286e-01
1.366664562374353409e-01
1.389655545353889465e-01
1.324217915534973145e-01
1.375021282583475113e-01
1.297841556370258331e-01
1.284856945276260376e-01
1.293770931661128998e-01
1.288069244474172592e-01
1.375226303935050964e-01
1.290359199047088623e-01
1.214620340615510941e-01
1.367667205631732941e-01
1.320818141102790833e-01
1.398483142256736755e-01
1.262333411723375320e-01
1.337922066450119019e-01
1.310867331922054291e-01
1.395613513886928558e-01
1.245407443493604660e-01
1.346277743577957153e-01
1.382604576647281647e-01
1.326387785375118256e-01
1.367354467511177063e-01
1.372549757361412048e-01
1.247349474579095840e-01
1.310176514089107513e-01
1.396294012665748596e-01
1.291364021599292755e-01
1.329706721007823944e-01
1.297350078821182251e-01
1.315295398235321045e-01
1.272494979202747345e-01
1.340884193778038025e-01
1.346452794969081879e-01
1.278847437351942062e-01
1.324602235108613968e-01
1.306529045104980469e-01
1.347972340881824493e-01
1.359168291091918945e-01
1.309731919318437576e-01
