1.681782182838235662e-01
1.736030253980840876e-01
1.718350728707654096e-01
1.638513622539383985e-01
1.640251204371452332e-01
1.617409879607813739e-01
1.638647296598979286e-01
1.692053638398647308e-01
1.616884187928267769e-01
1.533499988062041186e-01
1.549186381910528376e-01
1.528269808207239344e-01
1.619598354612077906e-01
1.604290982442242719e-01
1.600515044161251732e-01
1.622826930667672918e-01
1.657787082450730420e-01
1.617260601903711126e-01
1.605141263987336919e-01
1.549302616289683632e-01
1.598449461162090302e-01
1.507754783545221522e-01
1.558953379946095563e-01
1.541333443352154442e-01
1.582250525908810712e-01
1.589952606175626948e-01
1.648797994213444806e-01
1.530882545879908851e-01
1.603936499782971092e-01
1.610822784049170397e-01
1.528341669057096674e-01
1.584411832903112605e-01
1.532594598829746246e-01
1.538461633026599884e-01
1.587038716035229780e-01
1.625469130064760015e-01
1.505297736397811226e-01
1.670851728745869347e-01
1.501144255910600855e-01
1.552666340555463598e-01
1.540389965687479212e-01
1.521079854241439155e-01
1.585640124976634979e-01
1.472458679761205480e-01
1.508809184389454938e-01
1.468736566603183746e-01
1.574109851249626824e-01
1.497873951281820104e-01
1.484724320471286774e-01
1.484324820339679718e-01
1.566942903612341120e-01
1.545099131762981415e-01
1.595306407128061488e-01
1.547001009540898420e-01
1.619983810399259760e-01
1.571325335119451716e-01
1.625639099095548823e-01
1.568746678531169891e-01
1.443538591265678406e-01
1.627436397331101514e-01
1.419374421238899231e-01
1.552273269210542872e-01
1.576687629733766749e-01
1.507760371480669215e-01
1.636877746454306892e-01
1.537394204310008339e-01
1.566683671304157921e-01
1.498388334044388481e-01
1.492497968886579707e-01
1.568294151553085991e-01
1.536919208509581469e-01
1.521938320781503484e-01
1.521173593189035222e-01
1.499109928097043798e-01
1.550301361296858027e-01
1.529323538499219037e-01
1.579654823456491664e-01
1.543866087283407018e-01
1.558040917984076790e-01
1.553547845355101875e-01
1.435283816286495873e-01
1.582389484558786585e-01
1.529236419924668022e-01
1.500293804066521741e-01
1.550095480467592046e-01
1.551624674882207677e-01
1.555206302021230891e-01
1.575519564960684016e-01
1.522459520825318047e-01
1.473461958978857234e-01
1.461784270192895696e-01
1.544478682002850822e-01
1.499618078981126978e-01
1.538299673369952492e-01
1.560184503240244769e-01
1.531296654471329399e-01
1.656929430152688787e-01
1.550784467586449333e-01
1.536339154200894452e-01
1.623935385474137016e-01
1.508203308497156336e-01
1.442711640681539342e-01
1.559325754642486572e-01
1.551483784403119848e-01
1.508153815354619787e-01
1.463802824062960528e-01
1.483655550650187782e-01
1.453594698437622734e-01
1.561173786010061071e-01
1.433809074972356989e-01
1.494932376912661842e-01
1.552669310144015602e-01
1.498202165322644330e-01
1.344312746077775955e-01
1.571861367140497401e-01
1.456428265997341820e-01
1.487876299236501887e-01
1.521812666739736364e-01
1.467964117016111181e-01
1.401241964527538963e-01
1.449500588434083082e-01
1.476892733148165993e-01
1.436167976685932823e-01
1.481430546513625435e-01
1.517521478235721588e-01
1.461917561079774663e-01
1.560597590037754723e-01
1.484127864241600037e-01
1.508448767874921992e-01
1.463075008775506780e-01
1.450080727892262555e-01
1.523103442575250432e-01
1.483356931379863075e-01
1.429470655109201238e-01
1.459256687334605507e-01
1.507416910358837792e-01
1.439473948308399864e-01
1.431281210056372932e-01
1.521035635045596413e-01
1.494535729289054871e-01
1.403558485742126272e-01
1.379612992916788294e-01
1.513240608785833552e-01
1.550395515348230169e-01
1.541326902806758881e-01
1.455069955970559881e-01
1.478820081268037989e-01
1.393421973500932887e-01
1.446692682802677155e-01
1.542643649237496473e-01
1.486026820327554510e-01
1.403570031481129743e-01
1.466954510126795008e-01
1.498707511595317177e-01
1.493190441812787816e-01
1.491241109158311651e-01
1.607567950018814751e-01
1.508895323744841865e-01
1.495569130139691449e-01
1.481071870241846278e-01
1.415385641157627106e-01
1.393493711948394775e-01
1.388078254780598930e-01
1.408646117363657191e-01
1.368051793958459661e-01
1.416294146329164505e-01
1.431652882269450477e-01
1.449596296463693812e-01
1.481597785438810155e-01
1.431725301912852577e-01
1.436333150735923103e-01
1.525569174970899389e-01
1.460437487278665736e-01
1.460498470280851557e-01
1.530619678752762891e-01
1.441851050726004890e-01
1.515811250678130440e-01
1.425787109349455073e-01
1.462984835462910749e-01
1.362259973372731969e-01
1.537991852632590584e-01
1.490258691566331006e-01
1.400240095598357104e-01
1.450675662074770167e-01
1.451641997056347944e-01
1.445155175668852710e-01
1.508180296846798607e-01
1.478599437645503334e-01
1.476555743387767128e-01
1.438742817512580208e-01
1.458800993859767914e-01
1.543438892279352381e-01
1.421800771994250201e-01
1.386958006769418716e-01
1.382600053080490776e-01
1.504632303757326983e-01
1.427623225109917737e-01
1.429324432143143364e-01
1.522141987723963641e-01
1.438428570649453453e-01
1.489942180258887194e-01
1.423330599708216571e-01
1.442847454122134498e-01
1.438733118453196236e-01
1.459676639309951118e-01
1.484963649085589699e-01
1.488491775734084033e-01
1.570746004581451416e-01
1.565137707761355690e-01
1.491285147411482714e-01
1.455731423837798022e-01
1.428301174725805089e-01
1.421674585768154808e-01
1.405323632061481476e-01
1.452193967998027802e-01
1.384958390678678319e-01
1.441871683512415125e-01
1.462995367390768908e-01
1.446051318198442459e-01
1.523011161812714287e-01
1.444016998367650129e-01
1.484755937542234228e-01
1.455672484423433111e-01
1.418177512075219915e-01
1.426015459001064301e-01
1.444784754088946632e-01
1.395896683846201136e-01
1.495384568614619158e-01
1.341527040515627101e-01
1.479818315378257088e-01
1.300579383969306946e-01
1.407863428550107099e-01
1.486022280795233630e-01
1.388879889356238462e-01
1.416539991540568255e-01
1.471243426203727722e-01
1.416894442268780419e-01
1.477035704467977717e-01
1.427480307008539007e-01
1.455013759966407583e-01
1.503968185612133690e-01
1.442046378340040014e-01
1.542327563677515223e-01
1.467028733875070379e-01
1.420209437076534464e-01
1.490169492151056096e-01
1.392904919173036382e-01
1.398418716021946617e-01
1.460034064948558807e-01
1.483785233327320763e-01
1.461980401405266472e-01
1.456581944865839862e-01
1.417569145560264587e-01
1.391219784106527135e-01
1.481130165713173963e-01
1.355715947491782092e-01
1.454220153391361237e-01
1.409628247576100446e-01
1.394791528582572937e-01
1.382914220115968040e-01
1.446717030235699364e-01
1.383578404784202576e-01
1.438487118908337303e-01
1.439019521432263471e-01
1.437138159360204503e-01
1.303430537560156532e-01
1.429635818515505030e-01
1.476116068661212921e-01
1.458366784666265681e-01
1.518690527549811653e-01
1.385451603148664668e-01
1.535280777939728447e-01
1.461472122796944328e-01
1.369050331413745880e-01
1.424705838518483259e-01
1.451242606022528359e-01
1.390525246305125140e-01
1.421669551304408363e-01
1.416246401412146472e-01
1.426301864641053296e-01
1.529671315635953710e-01
1.445741201085703753e-01
1.527995211737496473e-01
1.514544008033616163e-01
1.366398749606949903e-01
1.407020943505423449e-01
1.431290219937051966e-01
1.392689725118023969e-01
1.494095389332090185e-01
1.482142359018325806e-01
1.416569229747567937e-01
1.439912430942058563e-01
1.416572114186627485e-01
1.461739369801112465e-01
1.414531299046107582e-01
1.346827545868498899e-01
1.489643949483122065e-01
1.411806600434439563e-01
1.332345258976732061e-01
1.427907108196190544e-01
1.428047695330210975e-01
1.323844782475914195e-01
1.328874272959572889e-01
1.313810303275074198e-01
1.410876022917883776e-01
1.364923002464430712e-01
1.383887614522661402e-01
1.454816790563719653e-01
1.356105101960045911e-01
1.439245122351816841e-01
1.349777701709951594e-01
1.430019864014216713e-01
1.372466662100383095e-01
1.499426934335912898e-01
1.438118842031274602e-01
1.413511458252157404e-01
1.331814173609018326e-01
1.413583143481186577e-01
1.351901207651410863e-01
1.413788018482071973e-01
1.466708992208753393e-01
1.452633967357022382e-01
1.434571506189448453e-01
1.425036692193576149e-01
1.487956850656441399e-01
1.328319311141967773e-01
1.467860011117798902e-01
1.412336070622716711e-01
1.389375792018004707e-01
1.366157310881785103e-01
1.419129158769334986e-01
1.460723946137087725e-01
1.335740632244518944e-01
1.403058490582874962e-01
1.397364208740847491e-01
1.362471798700945758e-01
1.386449475373540685e-01
1.495603945638452337e-01
1.430350153573921868e-01
1.397963022547108747e-01
1.479071841708251289e-01
1.420070608811719037e-01
1.353461274078913978e-01
1.367901467851229957e-01
1.378252966595547579e-01
1.384389469666140460e-01
1.370153922055448725e-01
1.460919928337846563e-01
1.379341605518545344e-01
1.402259639331272789e-01
1.443625395851475812e-01
1.376640671598059751e-01
1.452559583953448585e-01
1.492860546069485761e-01
1.377265868442399122e-01
1.442082497690405085e-01
1.308615439172302053e-01
1.421238875814846703e-01
1.398672227348600194e-01
1.429324118154389478e-01
1.419886962643691353e-01
1.401658063488347150e-01
1.352838549230779841e-01
1.412992144801787087e-01
1.422425151935645393e-01
1.351128869823046974e-01
1.459087096154689789e-01
1.462912697877202794e-01
1.385105667369706250e-01
1.372452021709510139e-01
1.377073388014520838e-01
1.378872325377804853e-01
1.348363155765192889e-01
1.456990790154252813e-01
1.380215414932795814e-01
1.342926866241863915e-01
1.377113740891218185e-01
1.381400818271296405e-01
1.447343240891184046e-01
1.416205444506236366e-01
1.395685795162405207e-01
1.488286608031817726e-01
1.461625503642218493e-01
1.411239483526774696e-01
1.447630343692643262e-01
1.327387642647538946e-01
1.401818128568785571e-01
1.439673416316509247e-01
1.351541581430605599e-01
1.447362867849213697e-01
1.392090921955449201e-01
1.416182725557259270e-01
1.436980579580579565e-01
1.361250451632908531e-01
1.346145900232451342e-01
1.482808717659541420e-01
1.477554440498352051e-01
1.417698067213807867e-01
1.415773938809122279e-01
1.476127350968974017e-01
1.447049821061747454e-01
1.394763924181461334e-01
1.450979949108191780e-01
1.354270686528512291e-01
1.454283062900815771e-01
1.441326777317694374e-01
1.417096118841852381e-01
1.355823563145739652e-01
1.397112097058977320e-01
1.362662730472428418e-01
1.433440513376678660e-01
1.336197469915662572e-01
1.452849672308989815e-01
1.475943454674311928e-01
1.353147256055048653e-01
1.435240347470556066e-01
1.413784181433064557e-01
1.430996150842734627e-01
1.345809599650757693e-01
1.401978534247194097e-01
1.389171050063201240e-01
1.488925250513213061e-01
1.412570918244974993e-01
1.443407120449202441e-01
1.374296370361532404e-01
1.399667364146028326e-01
1.352729337023837186e-01
1.416247444493430041e-01
1.443788159106458857e-01
1.401104458740779213e-01
1.339012269995042137e-01
1.337843617158276655e-01
1.438020643379007146e-01
1.433585586824587532e-01
1.403588413127831169e-01
1.404816481683935359e-01
1.369108504482678124e-01
1.407352818974426933e-01
1.394754834473133087e-01
1.408807379858834363e-01
1.420913876167365364e-01
1.342039307845490359e-01
1.400744055530854515e-01
1.408575057451214030e-01
1.455360283809048749e-01
1.397925402436937525e-01
1.362750075225319102e-01
1.450984477996826172e-01
1.486422898513930224e-01
1.336411711360727117e-01
1.376249875341142848e-01
1.352259378348077967e-01
1.333544105291366577e-01
1.395226695707866005e-01
1.413093134760856628e-01
1.413537801376410774e-01
1.433201245963573456e-01
1.404577334012304113e-01
1.353372958089624212e-01
1.384795890854937650e-01
1.409053775881017878e-01
1.367909179202147774e-01
1.386853230318852714e-01
1.415542747293199732e-01
1.471330358513764092e-01
1.412484414343322947e-01
1.383632392223392293e-01
1.418824142643383690e-01
1.364887617528438568e-01
1.353665425309113213e-01
1.358288915029593757e-01
1.380076488213879682e-01
1.405097043939999291e-01
1.404657055224691198e-01
1.431116791708128833e-01
1.339093470679862119e-01
1.402228620967694572e-01
1.433128389929022029e-01
1.421734972723892876e-01
1.321292362575020030e-01
1.408100958381380274e-01
1.376333058412586019e-01
1.435370610228606514e-01
1.375000391687665746e-01
1.375957988202571869e-01
1.370183998452765561e-01
1.428491851048810102e-01
1.445892735251358696e-01
1.415002670671258733e-01
1.387082689574786476e-01
1.370578767465693570e-01
1.499542216105120562e-01
1.474932692945003510e-01
1.369029813046966360e-01
1.404943455542836950e-01
1.398042022649730876e-01
1.408379280141421608e-01
1.469570238675390050e-01
1.351410996701036260e-01
1.407661634896482661e-01
1.395522148481437019e-01
1.446414946445397087e-01
1.430855893662997536e-01
1.440532026546341993e-01
1.417437376720564746e-01
1.408417182309286975e-01
1.460721194744110107e-01
1.390802546271256157e-01
1.441375709005764671e-01
1.333876606076955795e-01
1.311507602887494184e-01
1.426029418195997045e-01
1.432527085500104047e-01
1.397100085658686541e-01
1.398278714290686897e-01
1.391711038138185308e-01
1.320681127586535164e-01
1.370209862611123375e-01
1.377100987093789197e-01
1.329736097582749077e-01
1.360808664134570412e-01
1.424997738961662486e-01
1.402425638266972252e-01
1.359475265656198695e-01
1.355604752898216248e-01
1.338593922555446625e-01
1.368945222347974777e-01
1.390905955008097938e-01
1.393626624984400653e-01
1.423783791916710950e-01
1.387688427099159905e-01
1.372946500778198242e-01
1.356923495020185277e-01
1.356437333992549232e-01
1.396697578685624219e-01
1.432709885495049573e-01
1.410983114370278069e-01
1.337468054677758977e-01
1.353561803698539734e-01
1.418657861649990082e-01
1.367031633853912354e-01
1.427538107548441126e-01
1.374039878802640058e-01
1.306841290955032542e-01
1.383909865149429985e-01
1.394936232162373446e-01
1.299033659909452632e-01
1.312475505151919075e-01
1.358625266168798640e-01
1.413804372506482221e-01
1.416667156985827736e-01
1.413892912013190173e-01
1.384813359805515953e-01
1.262281728642327405e-01
1.398384773305484108e-01
1.336854132158415698e-01
1.389717648604086586e-01
1.365484071097203544e-01
1.363683912370886042e-01
1.441385596990585327e-01
1.407863167779786207e-01
1.363149961190564252e-01
1.460982773985181615e-01
1.386912715222154424e-01
1.402637138962745667e-01
1.428756474384239861e-01
1.387761618409837916e-01
1.377500215811388873e-01
1.331140276576791570e-01
1.337994874588080696e-01
1.416211341108594701e-01
1.371449705745492742e-01
1.414321458765438744e-01
1.319553766931806371e-01
1.369010553296123311e-01
1.406654444124017522e-01
1.392486829842840002e-01
1.420069310281957820e-01
1.408131990049566462e-01
1.413097469402211093e-01
1.396083464579922773e-01
1.426771213965756513e-01
1.324560706104551122e-01
1.347119009920529076e-01
1.405981997294085406e-01
1.370760048074381732e-01
1.347901219768183612e-01
1.412558215005057238e-01
1.307178714445658974e-01
1.419780988778386877e-01
1.367668030517441846e-01
1.373922968549387835e-01
1.385276035538741402e-01
1.376447097531386665e-01
1.426070156906332209e-01
1.422613311026777461e-01
1.386634244450501152e-01
1.366734494056020544e-01
1.455260584396975421e-01
1.385639448251043127e-01
1.420760231890848824e-01
1.394603098077433490e-01
1.301934330591133782e-01
1.394738751862730219e-01
1.378476843237876892e-01
1.359641328454017639e-01
1.438526442008359052e-01
1.378264528300081060e-01
1.416350483362163737e-01
1.291636090193475916e-01
1.408105511218309402e-01
1.360376950885568426e-01
1.347079508538757131e-01
1.332565732300281525e-01
1.449692206723349475e-01
1.374413823442799665e-01
1.389558874070644379e-01
1.368617585727146813e-01
1.405806227454117485e-01
1.465888044663838097e-01
1.455901941018445112e-01
1.348728287432874873e-01
1.479107705610138990e-01
1.424640097788401893e-01
1.320158360259873487e-01
1.355283598282507607e-01
1.367672841463770106e-01
1.388552202177899264e-01
1.343615943832056903e-01
1.309724782726594261e-01
1.439962983131408691e-01
1.325668671301432899e-01
1.317641687180314825e-01
1.407085207423993400e-01
1.409923141556126691e-01
1.329005270131996819e-01
1.345096113426344775e-01
1.306799336203507134e-01
1.316800202642168238e-01
1.366102727396147631e-01
1.364857043538774684e-01
1.392950495438916303e-01
1.366964844720704175e-01
1.358680820890835472e-01
1.406518407166004181e-01
1.281213999858924202e-01
1.419509202241897583e-01
1.405371017754077911e-01
1.358491948672703453e-01
1.391327625938824364e-01
1.404799861567360975e-01
1.408001780509948730e-01
1.405723600515297600e-01
1.357197021799428083e-01
1.377119845045464419e-01
1.292721583907093241e-01
1.385482390012059972e-01
1.336841072354997828e-01
1.386629901826381683e-01
1.409505754709243774e-01
1.383498465376240827e-01
1.366534962185791680e-01
1.378918071942669965e-01
1.303747876414231011e-01
1.350498811474868111e-01
1.436293369957379051e-01
1.400189942547253319e-01
1.436598096042871475e-01
1.360609321189778231e-01
1.282229769442762568e-01
1.326468890266759015e-01
1.327024059636252307e-01
1.400267311504908851e-01
1.350393034517765045e-01
1.394728802676711843e-01
1.324966219919068433e-01
1.435423051672322370e-01
1.298726278224161812e-01
1.361100588526044652e-01
1.337138291980539129e-01
1.374013748552118108e-01
1.385469428662742808e-01
1.274932008236646652e-01
1.391381432435342125e-01
1.441164745816162773e-01
1.346728096583059975e-01
1.339727086680276014e-01
1.352125267897333338e-01
1.409166774579456993e-01
1.321703102439641953e-01
1.367133909038134865e-01
1.328086653458220578e-01
1.359321634684290125e-01
1.387428870158536054e-01
1.406563339488846875e-01
1.433839625013726138e-01
1.382921316793986610e-01
1.372698401766163923e-01
1.311167169894491003e-01
1.318106773708547785e-01
1.416923850774765015e-01
1.441278878067220881e-01
1.352504539702619746e-01
1.400380107973303034e-01
1.344874956245933340e-01
1.387280635535717010e-01
1.354465343590293691e-01
1.432309134730271050e-01
1.319249357495989039e-01
1.358758184526647761e-01
1.354022707257951930e-01
1.405126617423125557e-01
1.365451999008655548e-01
1.411346202450139142e-01
1.411269919148513130e-01
1.353032381406852058e-01
1.356495900877884575e-01
1.381238885223865509e-01
1.481569334864616394e-01
1.359948111431939222e-01
1.303779812795775317e-01
1.298732917223657801e-01
1.442655936947890571e-01
1.341954145048345759e-01
1.320328967911856555e-01
1.327099377023322202e-01
1.395316147910697080e-01
1.440802727426801488e-01
1.305889870439256861e-01
1.335526606334107302e-01
1.372015580002750590e-01
1.339253056794404984e-01
1.363766752183437347e-01
1.370315413389887049e-01
1.278792915067502312e-01
1.339148599654436111e-01
1.391326433845928856e-01
1.409854761191776940e-01
1.357083879411220551e-01
1.385935917496681213e-01
1.336804250521319293e-01
1.324794784720454977e-01
1.312982094074998662e-01
1.361731937421219729e-01
1.398398822971752831e-01
1.392791595842157171e-01
1.350768844463995644e-01
1.407971334244523809e-01
1.389447141970907018e-01
1.319669982684510134e-01
1.408539478267942235e-01
1.278841309249401093e-01
1.327594167419842430e-01
1.416768649859087847e-01
1.311126244919640638e-01
1.310246283454554461e-01
1.395088577909129046e-01
1.335066211010728643e-01
1.339178412620510294e-01
1.337221898138523102e-01
1.377754485500710391e-01
1.308032159826585106e-01
1.381593115095581248e-01
1.335309626800673388e-01
1.363592384649174594e-01
1.321781783231667229e-01
1.388792954385280609e-01
1.445282591240746595e-01
1.291968290294919774e-01
1.403054786579949476e-01
1.363384079720292852e-01
1.347801956747259333e-01
1.301251567367996409e-01
1.425384581089019775e-01
1.372497965182576940e-01
1.399912078465734289e-01
1.361647695302963257e-01
1.297732133950506017e-01
1.363814393324511431e-01
1.417635796325547315e-01
1.346796245447226814e-01
1.409078378762517736e-01
1.275247380669627950e-01
1.365646775811910629e-01
1.344356135066066549e-01
1.360702421516180038e-01
1.332427481455462359e-01
1.386711283453873345e-01
1.375011362667594716e-01
1.321818144725901700e-01
1.332777461835316368e-01
1.371845379471778870e-01
1.387951006846768476e-01
1.340178182082516767e-01
1.326586721198899366e-01
1.375708170235157013e-01
1.369863562285900116e-01
1.353252657822200111e-01
1.376741504562752627e-01
1.280159583049161054e-01
1.407141988830906965e-01
1.396234514457838916e-01
1.301311004374708369e-01
1.407990397087165169e-01
1.384685827153069593e-01
1.386688633688858696e-01
1.369369884154626182e-01
1.372073369898966499e-01
1.413250719862324811e-01
1.334125665681702710e-01
1.346009857952594757e-01
1.325087180095059491e-01
1.344763317278453163e-01
1.279513564492975042e-01
1.476233920880726525e-01
1.372347043028899483e-01
1.419797811125005915e-01
1.404628774949482628e-01
1.313363747405154325e-01
1.356686127505132011e-01
1.370645772133554652e-01
1.401552965066262535e-01
1.414129180567605115e-01
1.348999312945774742e-01
1.298344406698431208e-01
1.322758863014834307e-01
1.329934320279530235e-01
1.391634925135544487e-01
1.457424701324530891e-01
1.338406630924769691e-01
1.364029347896575928e-01
1.270271781831979752e-01
1.388310502682413294e-01
1.372407626892839239e-01
1.338240424437182330e-01
1.329035045845168017e-01
1.330459522349493884e-01
1.361791353140558436e-01
1.343666038342884728e-01
1.369291682328496740e-01
1.343593613377639107e-01
1.410871456776346400e-01
1.393727665500981427e-01
1.304739255990300939e-01
1.303636631263153933e-01
1.329171258424009516e-01
1.319305955299309441e-01
1.333645528980663963e-01
1.321781809840883448e-01
1.360434424132108688e-01
1.356336937419005684e-01
1.392904578575066277e-01
1.366839845265661046e-01
1.368428157376391507e-01
1.340074243822268196e-01
1.337527467736176201e-01
1.381791747574295237e-01
1.301529612392187119e-01
1.319879229579652979e-01
1.336334675018276408e-01
1.367591108594621852e-01
1.298050909702266886e-01
1.295959199113505267e-01
1.368185382868562505e-01
1.378921273031405159e-01
1.337702625564166359e-01
1.363357225699084185e-01
1.310142142964260958e-01
1.392722273511546038e-01
1.371620121811117365e-01
1.335596067032643608e-01
1.393391484660761737e-01
1.392734465854508497e-01
1.340352291507380389e-01
1.392315982707909294e-01
1.345996622528348730e-01
1.368342930717127703e-01
1.395102143287658691e-01
1.275250406137534431e-01
1.249726145927395199e-01
1.372449616236346148e-01
1.309617010078259758e-01
1.382686128573758222e-01
1.388412362762860008e-01
1.330832695322377301e-01
1.374946311116218567e-01
1.403927169740200043e-01
1.378617765648024462e-01
1.277984952820198916e-01
1.334500445851257988e-01
1.385835347963230990e-01
1.307362184992858223e-01
1.370097664850098707e-01
1.294319725462368675e-01
1.333140480731214716e-01
1.315711382776498795e-01
1.378428025969437309e-01
1.386897577238934420e-01
1.255632689488785647e-01
1.333044418799025632e-01
1.431029955191271685e-01
1.371212974190711975e-01
1.366221263472522929e-01
1.315535493195056915e-01
1.325872335582971573e-01
1.342137615595545008e-01
1.353441444890839673e-01
1.370468299303735926e-01
1.324147414416074753e-01
1.348163794193948939e-01
1.346857026219367981e-01
1.347396549369607732e-01
1.357630826532840729e-01
1.398071769092764094e-01
1.317730391664164447e-01
1.343027741781302742e-01
1.444107538887432762e-01
1.394801214337348938e-01
1.339061949402093887e-01
1.347022487648895928e-01
1.368756352790764519e-01
1.353539518479789927e-01
1.327214217079537295e-01
1.349903435579367927e-01
1.360279268452099510e-01
1.425059432429926776e-01
1.345552903200898931e-01
1.320397954966340826e-01
1.332749793572085284e-01
1.274764670857361504e-01
1.357825544795819572e-01
1.379576644727162071e-01
1.343538061316524312e-01
1.360551214643887230e-01
1.404311816607202723e-01
1.374384965747594833e-01
1.427045906228678607e-01
1.324626811380897329e-01
1.318253225513867088e-01
1.317716363285268977e-01
1.369983937059129908e-01
1.307067674185548589e-01
1.364532384489263728e-01
1.399546039423772148e-01
1.387754654777901553e-01
1.352239996194839478e-01
1.352484976606709577e-01
1.404094685401235387e-01
1.425952158336128428e-01
1.246430937732968952e-01
1.242296719657523252e-01
1.381993458739348701e-01
1.352862210146018318e-01
1.323594876698085121e-01
1.367452836462429711e-01
1.349972156541688062e-01
1.325153471635920621e-01
1.372962676520858571e-01
1.392109644200120733e-01
1.309091933071613312e-01
1.391057058104447075e-01
1.332536222679274462e-01
1.278419625014066696e-01
1.258929669857025146e-01
1.341120334608214282e-01
1.427851196910653875e-01
1.347419784537383369e-01
1.320619088198457525e-01
1.365974401789052106e-01
1.359151450118848137e-01
1.341839331601347163e-01
1.389464863709040932e-01
1.319984192294733905e-01
1.426273030894143201e-01
1.365455782839230248e-01
1.324614642986229607e-01
1.315855740436485954e-01
1.370457589094127848e-01
1.292070738439048960e-01
1.376083110060010717e-01
1.398245609764541819e-01
1.379757462335484408e-01
1.404252579169613935e-01
1.319891743894134328e-01
1.353760691625731372e-01
1.324653274246624657e-01
1.314745316548006915e-01
1.385100747325590798e-01
1.358300710895231911e-01
1.335995173347847842e-01
1.325841484857457064e-01
1.413989734968968681e-01
1.360293983348778435e-01
1.263103032750742816e-01
1.351795654211725428e-01
1.353869698941707611e-01
1.375940386205911636e-01
1.354621686041355133e-01
1.398986335843801498e-01
1.386207262320177935e-01
1.360595135816506096e-01
1.335210281291178414e-01
1.374432553670235924e-01
1.365376929087298297e-01
1.362910291978291222e-01
1.400102169385978035e-01
1.311209239065647125e-01
1.377727618174893476e-01
1.348273011722735115e-01
1.435911341437271782e-01
1.309252674026148699e-01
1.306299168084348872e-01
1.363265083304473213e-01
1.291134469211101532e-01
1.374371243374688245e-01
1.346209267420428179e-01
1.391652928931372546e-01
1.356983312538691810e-01
1.392511789287839696e-01
1.331475422318492696e-01
1.320199492786611750e-01
1.311298167066914655e-01
1.361611647797482394e-01
1.323153903441769697e-01
1.325491012207099251e-01
1.364144666918686577e-01
1.292302366346120834e-01
1.343924839581762121e-01
1.420612760952540687e-01
1.431041136384010315e-01
1.354620485965694621e-01
1.353854805763278768e-01
1.364279168524912544e-01
1.287080217152833939e-01
1.407335823667900943e-01
1.339460153664861486e-01
1.329665423503943733e-01
1.315112502447196297e-01
1.405755065913711355e-01
1.309188742722783849e-01
1.370729617774486542e-01
1.309413226055247403e-01
1.396737859717437080e-01
1.386393087783030220e-01
1.321458742022514343e-01
1.377152845795665548e-01
1.288022220666919515e-01
1.352925657161644646e-01
1.356837754803044416e-01
1.333175107304538920e-01
1.342092731169291786e-01
1.307333047900881007e-01
1.344234592148235985e-01
1.326083623405013845e-01
1.370232113237891958e-01
1.367583868226834587e-01
1.349006218037434868e-01
1.363826745322772316e-01
1.317242320094789698e-01
1.374930856483323194e-01
1.366494500211306862e-01
1.428332626819610596e-01
1.298251173325947472e-01
1.281013941126210309e-01
1.374235892934458636e-01
1.395356742931263827e-01
1.324557675314801120e-01
1.347661209957940198e-01
1.314668982688869669e-01
1.347775241093976117e-01
1.302892871733222768e-01
1.325815123106752202e-01
1.386067305824586204e-01
1.365622622626168348e-01
1.319038048386573792e-01
1.275552963571889020e-01
1.424921607332570173e-01
1.340612119862011620e-01
1.310873728777681158e-01
1.301981482122625544e-01
1.317253740770476245e-01
1.372297049633094124e-01
1.400261031729834460e-01
1.364396640232631019e-01
1.347358258707182788e-01
1.360536268247025393e-01
1.378706384982381628e-01
1.383836804223912142e-01
1.445144340395927429e-01
1.380767002701759338e-01
1.328874054763998225e-01
1.411607047276837446e-01
1.375356532101120188e-01
1.325609404593706131e-01
1.381956099399498650e-01
1.257381620151656054e-01
1.400788389146327972e-01
1.328328451407807254e-01
1.377274266311100670e-01
1.315603804375444219e-01
1.389148219355515190e-01
1.351251463804926112e-01
1.333539762667247108e-01
1.356650417936699771e-01
1.347345308001552389e-01
1.336035709828138351e-01
1.293860389185803317e-01
1.355160746191229060e-01
1.430339738726615906e-01
1.267374437302350998e-01
1.306064810071672633e-01
1.338637958147696205e-01
1.354858300515583702e-01
1.356680930725165657e-01
1.367216932454279610e-01
1.328750457614660263e-01
1.357488374092749306e-01
1.417015373174633219e-01
1.318611720842974566e-01
1.378258554530995272e-01
1.340991423598357490e-01
1.372179160160677813e-01
1.329462914062397860e-01
1.330435675169740484e-01
1.260474236415965177e-01
1.377322450280189514e-01
1.343465282448700615e-01
1.361177151224442772e-01
1.369997262954711914e-01
1.308847939861672305e-01
1.355212807123150065e-01
1.374082772859505364e-01
1.305559152471167661e-01
1.370960846543312073e-01
1.341733261942863464e-01
1.335650655840124323e-01
1.363956997437136553e-01
1.348512976297310539e-01
1.284438919808183477e-01
1.368867885321378708e-01
1.339184117636510185e-01
1.304232347756624222e-01
1.334139034152030945e-01
1.317665270928825572e-01
1.318638266197272590e-01
1.321956847927399925e-01
1.359947802765028857e-01
1.308155270027262784e-01
1.290907535169805720e-01
1.336925141513347626e-01
1.322628765233925530e-01
1.302029862999916077e-01
1.268278645085436918e-01
1.331917356167520716e-01
1.324693800083228401e-01
1.374627556651830673e-01
1.279693905796323583e-01
1.435875701052801989e-01
1.352292086396898463e-01
1.335182690194674782e-01
1.311545026089463994e-01
1.423438877931662849e-01
1.342539244464465431e-01
1.323496755212545395e-01
1.369412272636379435e-01
1.314412222376891426e-01
1.276624655084950544e-01
1.308986730873584747e-01
1.278604308941534706e-01
1.390309355088642784e-01
1.249834126127617739e-01
1.266885942646435448e-01
1.377771486129079626e-01
1.380163149109908394e-01
1.380263013499123670e-01
1.299264622586114026e-01
1.403525450399943642e-01
1.330544836819171906e-01
1.318420964692320063e-01
1.325277670153549858e-01
1.325116617871182345e-01
1.337650687034641073e-01
1.286151898758751966e-01
1.290675995073148064e-01
1.349423242998974704e-01
1.318374547575201228e-01
1.326804791710206322e-01
1.365652643144130707e-01
1.351222374609538368e-01
1.352373430771487139e-01
1.410520789878708936e-01
1.336132136306592277e-01
1.321897682334695623e-01
1.376944759062358192e-01
1.309593878686428070e-01
1.348848707441772654e-01
1.379086287426097013e-01
1.309783799307686902e-01
1.344081855245999046e-01
1.270286847970315269e-01
1.307851653546094894e-01
1.390025394835642525e-01
1.332758710320506856e-01
1.350602284073829651e-01
1.338930656867367841e-01
1.308864067707742884e-01
1.369515641459397026e-01
1.325289175978728584e-01
1.348559579678944298e-01
1.337530910968780518e-01
1.299226076475211433e-01
1.323094953383718297e-01
1.336391525609152697e-01
1.336514401648725703e-01
1.373373685138566114e-01
1.383304694401366330e-01
1.325074782861130618e-01
1.385635877294199847e-01
1.345835157803126625e-01
1.357704134924071215e-01
1.324698203908545591e-01
1.337660088070801445e-01
1.376714895346335121e-01
1.350026918309075452e-01
1.270017794200352379e-01
1.349969591413225367e-01
1.276623862130301379e-01
1.308073326945304871e-01
1.289423009646790408e-01
1.396365075239113518e-01
1.347480091665472224e-01
1.406336437378610804e-01
1.310340615787676521e-01
1.394005997904709526e-01
1.340624791170869634e-01
1.375976593366690925e-01
1.342006147439990804e-01
1.392534447035619072e-01
1.245135981589555740e-01
1.332236185137714579e-01
1.288245280406304649e-01
1.348212962704045392e-01
1.269011814147233963e-01
1.330962377999510005e-01
1.358254626393318176e-01
1.401793083974293419e-01
1.355331268693719671e-01
1.339810613010610774e-01
1.335939208843878456e-01
1.399529922221388056e-01
1.311599090695381165e-01
1.288474697087492182e-01
1.371191269052880191e-01
1.375242450407573036e-01
1.373860410281590172e-01
1.309633438608475975e-01
1.383405673716749384e-01
1.277870291045733742e-01
1.335153534476246073e-01
1.365638061293533989e-01
1.305039362715823270e-01
1.369444137173039533e-01
1.334449225770575620e-01
1.288401122604097560e-01
1.303272848682744123e-01
1.347504407167434692e-01
1.337485701910086922e-01
1.354866027832031250e-01
1.323239002376794815e-01
1.330139099487236687e-01
1.386201301855700396e-01
1.298418750188180260e-01
1.309100413428885556e-01
1.312192870037896253e-01
1.319232716092041680e-01
1.378393782568829440e-01
1.323449015617370605e-01
1.319941750594547936e-01
1.363981568387576393e-01
1.290709812726293371e-01
1.360695287585258484e-01
1.308870906276362323e-01
1.312876910503421590e-01
1.338175790650504016e-01
1.328646511371646688e-01
1.298348613615546987e-01
1.330686275448118017e-01
1.395215471940381147e-01
1.335893645882606506e-01
1.354281029530934044e-01
1.354233409677232935e-01
1.335840102817331121e-01
1.350387052765914253e-01
1.370055569069726087e-01
1.372902270938669012e-01
1.334018215004886820e-01
1.289529321449143506e-01
1.335906923881598762e-01
1.281176938542298027e-01
1.316371924643005564e-01
1.340928620525768944e-01
1.323189466659511759e-01
1.431295887700148872e-01
1.439054384827613831e-01
1.313085936542068288e-01
1.350401384489876844e-01
1.398988453937428378e-01
1.328713446855545044e-01
1.353289769696337796e-01
1.423869851444448664e-01
1.354471439761774920e-01
1.372629909643105217e-01
1.349323264190128990e-01
1.343180308384554766e-01
1.304662416556051918e-01
1.327904774142163180e-01
1.384229878229754351e-01
1.319417772548539258e-01
1.382485362035887622e-01
1.397779387022767827e-01
1.325303513024534419e-01
1.385491091225828364e-01
1.361918499959366702e-01
1.348421962133475593e-01
1.266860035913331128e-01
1.410644687712192535e-01
1.391159125736781410e-01
1.376573275774717331e-01
1.308690370725733854e-01
1.351526078901120476e-01
1.294170679258448697e-01
1.425244015242372320e-01
1.310047714837959953e-01
1.274432707577943802e-01
1.345390267670154572e-01
1.352216670555727862e-01
1.291348894259759239e-01
1.313517258635588936e-01
1.375028618744441322e-01
1.347415481827088646e-01
1.401822167847837641e-01
1.337693123412983798e-01
1.341861018112727455e-01
1.357352201427732274e-01
1.343707112329346753e-01
1.320354209414550117e-01
1.339973770081996918e-01
1.366536039859056473e-01
1.317639816552400589e-01
1.379419118165969849e-01
1.301374847867659279e-01
1.406506103064332769e-01
1.326360870152711868e-01
1.307522603975874997e-01
1.415317271436963842e-01
1.338820688958679006e-01
1.263558646397931196e-01
1.354743354022502899e-01
1.344376288886581228e-01
1.345493596579347417e-01
1.361899631364004992e-01
1.345675510487386040e-01
1.339161699371678449e-01
1.338971118841852381e-01
1.286524816283158013e-01
1.363325020564453982e-01
1.392742054803030871e-01
1.327504691268716619e-01
1.309850795992783257e-01
1.352739334106445312e-01
1.309274749032088569e-01
1.308238974639347740e-01
1.351157857903412529e-01
1.351434455386229805e-01
1.297867662672485545e-01
1.295449802918093585e-01
1.318695074213402652e-01
1.297358104160853676e-01
1.337268597313336083e-01
1.290340567273753070e-01
1.398687099239655784e-01
1.318806707859039307e-01
1.317785643041133881e-01
1.365705265530518242e-01
1.317030651760952853e-01
1.384674954627241328e-01
1.276321961943592265e-01
1.300662513822317123e-01
1.350978048784392260e-01
1.340307109057903290e-01
1.324082690158060738e-01
1.376026767705167964e-01
1.340021975338459015e-01
1.369303624544824793e-01
1.361954491585493088e-01
1.371634873960699275e-01
1.332605074026755043e-01
1.293845466737236216e-01
1.314607656427792259e-01
1.350999945508582212e-01
1.338784561625548652e-01
1.341823826410940834e-01
1.370570782039846613e-01
1.313014429594789312e-01
1.373186659600053594e-01
1.297224249158586695e-01
1.356785079198224164e-01
1.382503017250980570e-01
1.345182784966059975e-01
1.290089533265147970e-01
1.344965568610600182e-01
1.375082614166396044e-01
1.411234667258603193e-01
1.340541437800441549e-01
1.397648419120482155e-01
1.418865450790950111e-01
1.295719561832291700e-01
1.324471344373055748e-01
1.334427685609885506e-01
1.342710927128791809e-01
1.329830642789602280e-01
1.283407700913292981e-01
1.331339840378080175e-01
1.310439934687954999e-01
1.341719132448945806e-01
1.343126147985458374e-01
1.406328369464193151e-01
1.300917161362511731e-01
1.406153174383299731e-01
1.360760852694511414e-01
1.328030760799135401e-01
1.259782960904496096e-01
1.342261571969304845e-01
1.400027413453374669e-01
1.296234833342688464e-01
1.355974847184760190e-01
1.354444335613931849e-01
1.358695306948252968e-01
1.292211591665233805e-01
1.356835131134305761e-01
1.315530809972967341e-01
1.269306543150118538e-01
1.339197632457528875e-01
1.333506165870598503e-01
1.311243620834180168e-01
1.254905877368790723e-01
1.283306548638003253e-01
1.335952239377158068e-01
1.375871077179908752e-01
1.353707877652985669e-01
1.341262845588581942e-01
1.324001790157386116e-01
1.322313297007765009e-01
1.390762704291514107e-01
1.310507801494427971e-01
1.422093249857425690e-01
1.319024554852928355e-01
1.225698044789688967e-01
1.327159968870026685e-01
1.281013414263725281e-01
1.403198455061231420e-01
1.312368703739983655e-01
1.372821586472647570e-01
1.363624435450349615e-01
1.274318862706422806e-01
1.293985247611999512e-01
1.397840707962001994e-01
1.369209560964788630e-01
1.409546754189900108e-01
1.255996778075184062e-01
1.363047598195927523e-01
1.380540076643228531e-01
1.331275712166513636e-01
1.351064222731760689e-01
1.346464609461171247e-01
1.343005773212228582e-01
1.299844990883554652e-01
1.363366419183356382e-01
1.307869888842105865e-01
1.341751414750303462e-01
1.342525961143629931e-01
1.332259758242539116e-01
1.240535825490951538e-01
1.354222404105322741e-01
1.362675393798521706e-01
1.368503331073692986e-01
1.361083292535373024e-01
1.443089597991534523e-01
1.282277109899691292e-01
1.395700448857886411e-01
1.300910325454814054e-01
1.312382026974643900e-01
1.305381272520337865e-01
1.430501355124371432e-01
1.255664942520005323e-01
1.274472946035010434e-01
1.400872037879058174e-01
1.307716007743562892e-01
1.332428167973245814e-01
1.342702670288937472e-01
1.405275272471564196e-01
1.309820339083671570e-01
1.305276626454932309e-01
1.257940163569790937e-01
1.311641753252063558e-01
1.336557096136467837e-01
1.294825234051261709e-01
1.365021440599645808e-01
1.357459322150264547e-01
1.346707054014716909e-01
1.429364590772560784e-01
1.332605278917721459e-01
1.305504515767097473e-01
1.380571299897772886e-01
1.325696382139410212e-01
1.271622681191989235e-01
1.321389470249414444e-01
1.342198513448238373e-01
1.307508176458733462e-01
1.342521256634167381e-01
1.347199218081576444e-01
1.290459191160542585e-01
1.301616970449686050e-01
1.325609242277485944e-01
1.310660511787448690e-01
1.337610493813242152e-01
1.263985397028071500e-01
1.362552366086415001e-01
1.332281080207654289e-01
1.339293782200132177e-01
1.372624955007008263e-01
1.386518148439271070e-01
1.314127639468227193e-01
1.302071423935038663e-01
1.337255175624574854e-01
1.355990437524659253e-01
1.324779306139264867e-01
1.311642290758235074e-01
1.397042881165231898e-01
1.358346907155854322e-01
1.324865674333912946e-01
1.286142620124987312e-01
1.379216765718800641e-01
1.380610231842313573e-01
1.262701882847717949e-01
1.373493735279355810e-01
1.321905438921281151e-01
1.448336887572492793e-01
1.311717985996178337e-01
1.263199100004775144e-01
1.284136239971433446e-01
1.388710085302591324e-01
1.331807888512100413e-01
1.299827239875282481e-01
1.313000470399856567e-01
1.280333841485636615e-01
1.392923391291073509e-01
1.391001274543149091e-01
1.294282062777451225e-01
1.293377109936305336e-01
1.333884011421884730e-01
1.321701976869787409e-01
1.335740640227283671e-01
1.302472174699817464e-01
1.306261212698050789e-01
1.353066505065985969e-01
1.283041701785155586e-01
1.306801669831786916e-01
1.326856988349131294e-01
1.254208197018929771e-01
1.345550306141376495e-01
1.293673656348671153e-01
1.294537987560033798e-01
1.332798629466976359e-01
1.322875741337026789e-01
1.325675730726548485e-01
1.316919946776969053e-01
1.298311831695692919e-01
1.343125365674495697e-01
1.282547573958124354e-01
1.291431478623832896e-01
1.252778896263667396e-01
1.340017765760421753e-01
1.347296291163989357e-01
1.300789088542972372e-01
1.340866644999810509e-01
1.370159967669418999e-01
1.278074790856667808e-01
1.371444189654929258e-01
1.327674726822546669e-01
1.316092309675046257e-01
1.356323973408767036e-01
1.353893341230494596e-01
1.271754875779151917e-01
1.270964938615049555e-01
1.321214514651468941e-01
1.310813639845166967e-01
1.256878684673990443e-01
1.319204361311026863e-01
1.332873313554695793e-01
1.388019333992685511e-01
1.405379788151809028e-01
1.306162527097123049e-01
1.339922073696340754e-01
1.309160454464810275e-01
1.316137883280004695e-01
1.319207658192941002e-01
1.282985388700451090e-01
1.355517256472791865e-01
1.281719231711966611e-01
1.324233657547405907e-01
1.312216786401612378e-01
1.365014884088720515e-01
1.305840201675891876e-01
1.326192026691777326e-01
1.313355988157647036e-01
1.359079831412860206e-01
1.303820253482886604e-01
1.347940976598433205e-01
1.335888723177569293e-01
1.351386401802301407e-01
1.341329951371465490e-01
1.352146709603922747e-01
1.301614929522786901e-01
1.349149724202496625e-01
1.339894533157348633e-01
1.328022503959281064e-01
1.320347887064729497e-01
1.288090042237724497e-01
1.344424909246819400e-01
1.317526804549353503e-01
1.330623946019581505e-01
1.314863796745027735e-01
1.335608597312654688e-01
1.339504343590565971e-01
1.324117226260048963e-01
1.265036152409655668e-01
1.332325842231512070e-01
1.293038975979600713e-01
1.339707236204828456e-01
1.274656954088381478e-01
1.346147331808294489e-01
1.314398545239652827e-01
1.297585075455052472e-01
1.355535598205668546e-01
1.309196267809186742e-01
1.258609348109790138e-01
1.362738412405763433e-01
1.329118034669331261e-01
1.369179034871714495e-01
1.346172796828406237e-01
1.380724108644894310e-01
1.307965623480933093e-01
1.296952638242925837e-01
1.286093313246965408e-01
1.300697095159973338e-01
1.341173808489526942e-01
1.362651722239596463e-01
1.342350281774997711e-01
1.308170985430479050e-01
1.364479921758174896e-01
1.331745471273149684e-01
1.300851364753075889e-01
1.311411652714014053e-01
1.309039374547345258e-01
1.316740486238683894e-01
1.340916252561978050e-01
1.344940375004495814e-01
1.308813220156090640e-01
1.362917699984141640e-01
1.312640474310942940e-01
1.378664555294173144e-01
1.308701317757368088e-01
1.357122505349772357e-01
1.330937032720872215e-01
1.316478561077799037e-01
1.372607996953385257e-01
1.350527810198920153e-01
1.338331906923226067e-01
1.271351546581302450e-01
1.353953222611120888e-01
1.347801036068371483e-01
1.273904168712241269e-01
1.362007278949022293e-01
1.329860290778534793e-01
1.300016367541892148e-01
1.370152671422277257e-01
1.289336519049746610e-01
1.309362974550042913e-01
1.477458556847912885e-01
1.339972216103758051e-01
1.407891032951218702e-01
1.328209295336689189e-01
1.304262147418090156e-01
1.290327946522406288e-01
1.249372533389500189e-01
1.330791081168821999e-01
1.315418657447610662e-01
1.340005403118474103e-01
1.278004303042377665e-01
1.315176433750561424e-01
1.361182544912610815e-01
1.315524971910885521e-01
1.336348940219198034e-01
1.325485328478472613e-01
1.364155888025249674e-01
1.401586793363094330e-01
1.369031220674514771e-01
1.353338211774826050e-01
1.284416179571832850e-01
1.335145636860813334e-01
1.296222436108759590e-01
1.378153817994254016e-01
1.260080023535660454e-01
1.365480199456214905e-01
1.288223490118980408e-01
1.405185785676751897e-01
1.292804870754480362e-01
1.371521476124014094e-01
1.321037566023213483e-01
1.280437867556299403e-01
1.285529269703797051e-01
1.321730485984257408e-01
1.298172167901481822e-01
1.364853307604789734e-01
1.365348654133932971e-01
1.285838745534420013e-01
1.291118035359042071e-01
1.337403934448957443e-01
1.268037722579070381e-01
1.407087320195777036e-01
1.345552057027816772e-01
1.344813805605684087e-01
1.250149945595434853e-01
1.324364542961120605e-01
1.368709153362683006e-01
1.309985545064721868e-01
1.294116332594837382e-01
1.350301653146743774e-01
1.346121989190578461e-01
1.367525732410805606e-01
1.326486111751624397e-01
1.326313423258917712e-01
1.320894384490592099e-01
1.349809156464678861e-01
1.348315339003290370e-01
1.353657660739762403e-01
1.320235074630805305e-01
1.333868237478392504e-01
1.306954718061855980e-01
1.385528833738395027e-01
1.337310277989932350e-01
1.324182937719992348e-01
1.349115424922534279e-01
1.262484919279813766e-01
1.340050601533480934e-01
1.344559017036642268e-01
1.364337993519646741e-01
1.346945004271609403e-01
1.303691113633768939e-01
1.364066427839653872e-01
1.296972062970910833e-01
1.336091607809066772e-01
1.296006661972829155e-01
1.294813238616500661e-01
1.324385274201631546e-01
1.317412957016910746e-01
1.370349792497498609e-01
1.256174844290529058e-01
1.358985868947846509e-01
1.291204760117190264e-01
1.318793365997927569e-01
1.271799110940524391e-01
1.352266318031719872e-01
1.318494225186961077e-01
1.257746810359614276e-01
1.305319134678159521e-01
1.349778680929115959e-01
1.277490620102201269e-01
1.246289084000246905e-01
1.301220958786351301e-01
1.312884137566600606e-01
1.360787956842354485e-01
1.332696439432246305e-01
1.331445156995739176e-01
1.358626136290175535e-01
1.324231483574424550e-01
1.282618620565959267e-01
1.367540918290615082e-01
1.331684788955109500e-01
1.303411578493458844e-01
1.367339454591274261e-01
1.354454364627599716e-01
1.369126353945051000e-01
1.340481718736035444e-01
1.342217161187103935e-01
1.274501662701368332e-01
1.258594175534588910e-01
1.355808688593762301e-01
1.272278039583138176e-01
1.318213995546102524e-01
1.302088767822299764e-01
1.329545953444072059e-01
1.337175555527210236e-01
1.402458447430814936e-01
1.358168210302080348e-01
1.302498512502227590e-01
1.370166556111403755e-01
1.346915710185255244e-01
1.341898052820137688e-01
1.266216601112059303e-01
1.400721262076071449e-01
1.221534492714064501e-01
1.334185728005000404e-01
1.393836811184883118e-01
1.365774332412651726e-01
1.327953258795397662e-01
1.329741411443267629e-01
1.297170277684926987e-01
1.257139960569994830e-01
1.311333283249820902e-01
1.303862269435610011e-01
1.346474582595484637e-01
1.319264679082802483e-01
1.341986092073576831e-01
1.358694934419223121e-01
1.284108715397971057e-01
1.381036873374666407e-01
1.314240010189158536e-01
1.275068665189402484e-01
1.363527591207197853e-01
1.404014889683042333e-01
1.385123021900653839e-01
1.348829455673694611e-01
1.353715243084090136e-01
1.355514324137142845e-01
1.397366704685347460e-01
1.310029870697430321e-01
1.335853093436785988e-01
1.367030375237975881e-01
1.350184013800961591e-01
1.399082770305020429e-01
1.386928970792463967e-01
1.288014929741621017e-01
1.291165668517351151e-01
1.302266703652484037e-01
1.285988534135477923e-01
1.333440393209457397e-01
1.313059191618646815e-01
1.295344417116471580e-01
1.333837429327624224e-01
1.305647747857230090e-01
1.291128436901739784e-01
1.302990229534251310e-01
1.339750811457633972e-01
1.309131897453750804e-01
1.368971945984022998e-01
1.346325903598751261e-01
1.290530562400817871e-01
1.326914764940738678e-01
1.344313884952238747e-01
1.359460470931870557e-01
1.347523086837359718e-01
1.324497040893350408e-01
1.373861527868679711e-01
1.344476281000035189e-01
1.355009925152574346e-01
1.355943424361092664e-01
1.312690808304718681e-01
1.298233108328921415e-01
1.288107700113739207e-01
1.305938038442815974e-01
1.332928203046321869e-01
1.330490979765142634e-01
1.363085798387016490e-01
1.295814192188637637e-01
1.404631430549281024e-01
1.355319496776376531e-01
1.382408115480627253e-01
1.312038113496133140e-01
1.363520553069455243e-01
1.276771748172385312e-01
1.309586795313017749e-01
1.371104605495929718e-01
1.318870255989687823e-01
1.343024703008788012e-01
1.300155810479606822e-01
1.294609736651182175e-01
1.321746738893645190e-01
1.365774537303618141e-01
1.385185085237026215e-01
1.296729158077921107e-01
1.297802826655762576e-01
1.374287174216338447e-01
1.264647806861571022e-01
1.273977397275822543e-01
1.323498998369489477e-01
1.361299817051206396e-01
1.289164176476853274e-01
