1.946021877229213715e-01
1.594907231628894806e-01
1.716228984296321869e-01
1.585962139070034027e-01
1.418743580579757690e-01
1.496962234377861023e-01
1.589735187590122223e-01
1.500253230333328247e-01
1.425430811941623688e-01
1.547703780233860016e-01
1.595455259084701538e-01
1.620953045785427094e-01
1.545801274478435516e-01
1.606362462043762207e-01
1.497590504586696625e-01
1.647099480032920837e-01
1.572167165577411652e-01
1.652101613581180573e-01
1.620272919535636902e-01
1.589104458689689636e-01
1.572442390024662018e-01
1.595858894288539886e-01
1.579216793179512024e-01
1.651179827749729156e-01
1.582073643803596497e-01
1.620360277593135834e-01
1.453162580728530884e-01
1.451931204646825790e-01
1.533576585352420807e-01
1.519512161612510681e-01
1.571333594620227814e-01
1.470136977732181549e-01
1.494867280125617981e-01
1.604612506926059723e-01
1.510104648768901825e-01
1.531526762992143631e-01
1.569169424474239349e-01
1.435554176568984985e-01
1.420271731913089752e-01
1.638350933790206909e-01
1.583824940025806427e-01
1.496548317372798920e-01
1.611598022282123566e-01
1.431888639926910400e-01
1.570847667753696442e-01
1.564744003117084503e-01
1.551591828465461731e-01
1.446039788424968719e-01
1.479876674711704254e-01
1.436461098492145538e-01
1.577144935727119446e-01
1.538266986608505249e-01
1.614250689744949341e-01
1.447277609258890152e-01
1.414788626134395599e-01
1.328441873192787170e-01
1.404813937842845917e-01
1.505966261029243469e-01
1.524800732731819153e-01
1.507518514990806580e-01
1.334035247564315796e-01
1.484623029828071594e-01
1.546830274164676666e-01
1.555611044168472290e-01
1.519294716417789459e-01
1.513349227607250214e-01
1.545416861772537231e-01
1.515446826815605164e-01
1.526425890624523163e-01
1.517421528697013855e-01
1.529146023094654083e-01
1.288528498262166977e-01
1.418024823069572449e-01
1.425885222852230072e-01
1.520326659083366394e-01
1.431678421795368195e-01
1.463988088071346283e-01
1.460266560316085815e-01
1.504863761365413666e-01
1.430628299713134766e-01
1.486154757440090179e-01
1.516334600746631622e-01
1.377884671092033386e-01
1.531911343336105347e-01
1.558922380208969116e-01
1.412473730742931366e-01
1.324927657842636108e-01
1.413536481559276581e-01
1.263587754219770432e-01
1.453962624073028564e-01
1.437844485044479370e-01
1.419067010283470154e-01
1.491479724645614624e-01
1.389524433761835098e-01
1.405662670731544495e-01
1.436848286539316177e-01
1.439619101583957672e-01
1.434848271310329437e-01
1.425029821693897247e-01
1.432454623281955719e-01
1.423609629273414612e-01
1.390034444630146027e-01
1.438069492578506470e-01
1.371592376381158829e-01
1.479390263557434082e-01
1.507456116378307343e-01
1.417887136340141296e-01
1.476038582623004913e-01
1.528126224875450134e-01
1.365703716874122620e-01
1.387613825500011444e-01
1.359072402119636536e-01
1.515343338251113892e-01
1.452812105417251587e-01
1.445576772093772888e-01
1.403417997062206268e-01
1.525317616760730743e-01
1.444813217967748642e-01
1.547731533646583557e-01
1.386804692447185516e-01
1.498925387859344482e-01
1.441120058298110962e-01
1.449891105294227600e-01
1.291605979204177856e-01
1.469644606113433838e-01
1.404542084783315659e-01
1.557583473622798920e-01
1.356406137347221375e-01
1.449190564453601837e-01
1.480278372764587402e-01
1.428077965974807739e-01
1.423398777842521667e-01
1.410785354673862457e-01
1.516226790845394135e-01
1.443322002887725830e-01
1.378974243998527527e-01
1.378807034343481064e-01
1.444401796907186508e-01
1.405336372554302216e-01
1.344582065939903259e-01
1.396950893104076385e-01
1.445124298334121704e-01
1.513179242610931396e-01
1.428052969276905060e-01
1.357080023735761642e-01
1.476497426629066467e-01
1.338543351739645004e-01
1.404496543109416962e-01
1.466255970299243927e-01
1.480663307011127472e-01
1.459036283195018768e-01
1.294737868010997772e-01
1.445489153265953064e-01
1.447450928390026093e-01
1.480840090662240982e-01
1.430481299757957458e-01
1.430419124662876129e-01
1.296349912881851196e-01
1.538576893508434296e-01
1.497511602938175201e-01
1.441281810402870178e-01
1.464293561875820160e-01
1.460220851004123688e-01
1.410411261022090912e-01
1.436000838875770569e-01
1.434232965111732483e-01
1.427678242325782776e-01
1.340206526219844818e-01
1.475105844438076019e-01
1.464385315775871277e-01
1.421690620481967926e-01
1.360703427344560623e-01
1.427946649491786957e-01
1.410515494644641876e-01
1.405325308442115784e-01
1.398805528879165649e-01
1.360921785235404968e-01
1.481793932616710663e-01
1.409293320029973984e-01
1.464312970638275146e-01
1.402466893196105957e-01
1.595091111958026886e-01
1.313388906419277191e-01
1.483218595385551453e-01
1.435245163738727570e-01
1.430146358907222748e-01
1.325294114649295807e-01
1.386305652558803558e-01
1.465774476528167725e-01
1.474498808383941650e-01
1.411064788699150085e-01
1.489630993455648422e-01
1.382780373096466064e-01
1.452523246407508850e-01
1.350508220493793488e-01
1.443308927118778229e-01
1.443733312189579010e-01
1.425778493285179138e-01
1.286524180322885513e-01
1.357867512851953506e-01
1.413295492529869080e-01
1.465736217796802521e-01
1.399566642940044403e-01
1.433671340346336365e-01
1.429904215037822723e-01
1.411936581134796143e-01
1.316713225096464157e-01
1.435277797281742096e-01
1.343702785670757294e-01
1.445244736969470978e-01
1.421858593821525574e-01
1.427304744720458984e-01
1.317840740084648132e-01
1.500278003513813019e-01
1.467940546572208405e-01
1.398527882993221283e-01
1.494249813258647919e-01
1.364663913846015930e-01
1.466921232640743256e-01
1.438112407922744751e-01
1.415305770933628082e-01
1.518489159643650055e-01
1.300892867147922516e-01
1.350400242954492569e-01
1.417588591575622559e-01
1.318866275250911713e-01
1.343987993896007538e-01
1.449327282607555389e-01
1.338773891329765320e-01
1.420780234038829803e-01
1.425549872219562531e-01
1.272371541708707809e-01
1.433166526257991791e-01
1.476300619542598724e-01
1.465257033705711365e-01
1.385949384421110153e-01
1.436323076486587524e-01
1.512875854969024658e-01
1.435186229646205902e-01
1.331941224634647369e-01
1.443359777331352234e-01
1.433578953146934509e-01
1.434612683951854706e-01
1.328496672213077545e-01
1.357901915907859802e-01
1.434326395392417908e-01
1.406815871596336365e-01
1.379484795033931732e-01
1.413218677043914795e-01
1.398135870695114136e-01
1.305283978581428528e-01
1.470715478062629700e-01
1.275299414992332458e-01
1.353372484445571899e-01
1.380902640521526337e-01
1.365344449877738953e-01
1.435673795640468597e-01
1.467034667730331421e-01
1.368575766682624817e-01
1.501582451164722443e-01
1.467433087527751923e-01
1.350433770567178726e-01
1.423709243535995483e-01
1.384051665663719177e-01
1.435832250863313675e-01
1.400006152689456940e-01
1.385941654443740845e-01
1.367008425295352936e-01
1.398368068039417267e-01
1.389571167528629303e-01
1.284352242946624756e-01
1.365723647177219391e-01
1.314578782767057419e-01
1.385579407215118408e-01
1.345897559076547623e-01
1.402345895767211914e-01
1.357467621564865112e-01
1.363641861826181412e-01
1.356504447758197784e-01
1.395750157535076141e-01
1.356643270701169968e-01
1.369155161082744598e-01
1.245498135685920715e-01
1.445713602006435394e-01
1.467356607317924500e-01
1.292488276958465576e-01
1.335486695170402527e-01
1.330469325184822083e-01
1.476953402161598206e-01
1.357942596077919006e-01
1.401785537600517273e-01
1.297082118690013885e-01
1.198003944009542465e-01
1.423336900770664215e-01
1.415701806545257568e-01
1.388654485344886780e-01
1.383150927722454071e-01
1.291614584624767303e-01
1.425616219639778137e-01
1.366943959146738052e-01
1.372624374926090240e-01
1.433237716555595398e-01
1.316251009702682495e-01
1.351806931197643280e-01
1.386943981051445007e-01
1.361927501857280731e-01
1.359876394271850586e-01
1.437244527041912079e-01
1.449440754950046539e-01
1.358390189707279205e-01
1.439006477594375610e-01
1.371787935495376587e-01
1.447335816919803619e-01
1.405271757394075394e-01
1.459662392735481262e-01
1.344542391598224640e-01
1.396235208958387375e-01
1.347195208072662354e-01
1.429743245244026184e-01
1.365814991295337677e-01
1.430843882262706757e-01
1.425197534263134003e-01
1.336555369198322296e-01
1.414692513644695282e-01
1.457515470683574677e-01
1.439879350364208221e-01
1.416325755417346954e-01
1.405769400298595428e-01
1.442223936319351196e-01
1.326481252908706665e-01
1.378728821873664856e-01
1.355196349322795868e-01
1.440743170678615570e-01
1.273356825113296509e-01
1.371683254837989807e-01
1.431733369827270508e-01
1.310103461146354675e-01
1.383296921849250793e-01
1.433749981224536896e-01
1.423509716987609863e-01
1.272908933460712433e-01
1.429322324693202972e-01
1.381185613572597504e-01
1.244654916226863861e-01
1.360891200602054596e-01
1.429523006081581116e-01
1.373001001775264740e-01
1.392815671861171722e-01
1.448339596390724182e-01
1.385765634477138519e-01
1.299356613308191299e-01
1.428477019071578979e-01
1.388115901499986649e-01
1.390836797654628754e-01
1.400745846331119537e-01
1.366413459181785583e-01
1.220328584313392639e-01
1.405842341482639313e-01
1.391097344458103180e-01
1.386948563158512115e-01
1.385186240077018738e-01
1.396249756217002869e-01
1.362513564527034760e-01
1.392985284328460693e-01
1.415162980556488037e-01
1.264906134456396103e-01
1.369387842714786530e-01
1.362623833119869232e-01
1.368091441690921783e-01
1.402677614241838455e-01
1.373905017971992493e-01
1.442593485116958618e-01
1.347320303320884705e-01
1.363096479326486588e-01
1.464426331222057343e-01
1.380381155759096146e-01
1.335087046027183533e-01
1.363460756838321686e-01
1.315825060009956360e-01
1.297145783901214600e-01
1.338965445756912231e-01
1.309758871793746948e-01
1.277742572128772736e-01
1.306657884269952774e-01
1.303162276744842529e-01
1.308408565819263458e-01
1.222688071429729462e-01
1.358732506632804871e-01
1.381814721971750259e-01
1.336518675088882446e-01
1.409225203096866608e-01
1.324142515659332275e-01
1.466300077736377716e-01
1.380854342132806778e-01
1.312770210206508636e-01
1.364266686141490936e-01
1.344147920608520508e-01
1.464973501861095428e-01
1.459082178771495819e-01
1.301979478448629379e-01
1.421930715441703796e-01
1.424036286771297455e-01
1.291590426117181778e-01
1.437967680394649506e-01
1.328929401934146881e-01
1.362289711833000183e-01
1.270527020096778870e-01
1.295786127448081970e-01
1.381059065461158752e-01
1.353779882192611694e-01
1.383546143770217896e-01
1.362815499305725098e-01
1.366331204771995544e-01
1.301939859986305237e-01
1.343291141092777252e-01
1.263789832592010498e-01
1.450732573866844177e-01
1.423355340957641602e-01
1.430919580161571503e-01
1.378154717385768890e-01
1.286180503666400909e-01
1.386096663773059845e-01
1.383272185921669006e-01
1.377720981836318970e-01
1.336944028735160828e-01
1.335583031177520752e-01
1.334138214588165283e-01
1.402951665222644806e-01
1.353092249482870102e-01
1.231615804135799408e-01
1.290303654968738556e-01
1.352092903107404709e-01
1.273905057460069656e-01
1.308521851897239685e-01
1.368120703846216202e-01
1.403051577508449554e-01
1.394317690283060074e-01
1.351091787219047546e-01
1.255258508026599884e-01
1.268248241394758224e-01
1.233932636678218842e-01
1.336016487330198288e-01
1.403766609728336334e-01
1.418239697813987732e-01
1.401018649339675903e-01
1.377756446599960327e-01
1.365804560482501984e-01
1.363354735076427460e-01
1.328089311718940735e-01
1.433593183755874634e-01
1.368517018854618073e-01
1.441196426749229431e-01
1.359176822006702423e-01
1.393284574151039124e-01
1.352786943316459656e-01
1.418420746922492981e-01
1.180731393396854401e-01
1.419968791306018829e-01
1.290206816047430038e-01
1.239841356873512268e-01
1.383474878966808319e-01
1.357276290655136108e-01
1.360970102250576019e-01
1.395731754601001740e-01
1.419109366834163666e-01
1.404205691069364548e-01
1.306253857910633087e-01
1.406642012298107147e-01
1.443403847515583038e-01
1.362582668662071228e-01
1.438144817948341370e-01
1.413344070315361023e-01
1.355704404413700104e-01
1.331041287630796432e-01
1.327791027724742889e-01
1.251324303448200226e-01
1.232599150389432907e-01
1.412475965917110443e-01
1.310179568827152252e-01
1.283845994621515274e-01
1.437323242425918579e-01
1.344687677919864655e-01
1.372645609080791473e-01
1.390675418078899384e-01
1.426904462277889252e-01
1.351798046380281448e-01
1.372633390128612518e-01
1.371700689196586609e-01
1.364953555166721344e-01
1.300761401653289795e-01
1.463066823780536652e-01
1.293074209243059158e-01
1.357758287340402603e-01
1.460632979869842529e-01
1.328666638582944870e-01
1.328630279749631882e-01
1.353762932121753693e-01
1.397782936692237854e-01
1.339967511594295502e-01
1.235191877931356430e-01
1.334822438657283783e-01
1.341671310365200043e-01
1.342457383871078491e-01
1.438012048602104187e-01
1.410074792802333832e-01
1.382172200828790665e-01
1.368452087044715881e-01
1.288128644227981567e-01
1.246785894036293030e-01
1.410408988595008850e-01
1.268829591572284698e-01
1.267452128231525421e-01
1.327201910316944122e-01
1.295404527336359024e-01
1.405888386070728302e-01
1.288821231573820114e-01
1.287727430462837219e-01
1.347525417804718018e-01
1.296229325234889984e-01
1.334080770611763000e-01
1.421670056879520416e-01
1.408912688493728638e-01
1.250190064311027527e-01
1.271632462739944458e-01
1.297330483794212341e-01
1.322226338088512421e-01
1.437298171222209930e-01
1.356574259698390961e-01
1.361064892262220383e-01
1.386557575315237045e-01
1.374188251793384552e-01
1.392401382327079773e-01
1.344630382955074310e-01
1.262212563306093216e-01
1.380088590085506439e-01
1.391146704554557800e-01
1.387310177087783813e-01
1.354630067944526672e-01
1.350018046796321869e-01
1.372868008911609650e-01
1.397909037768840790e-01
1.352472659200429916e-01
1.361954864114522934e-01
1.430271938443183899e-01
1.432885639369487762e-01
1.356475539505481720e-01
1.311438512057065964e-01
1.293345596641302109e-01
1.404224112629890442e-01
1.284891124814748764e-01
1.388458535075187683e-01
1.359478831291198730e-01
1.391314230859279633e-01
1.275081709027290344e-01
1.476587019860744476e-01
1.266630012542009354e-01
1.336050368845462799e-01
1.254976876080036163e-01
1.268942803144454956e-01
1.408840082585811615e-01
1.385615170001983643e-01
1.363763883709907532e-01
1.334279850125312805e-01
1.425236575305461884e-01
1.301377266645431519e-01
1.389223895967006683e-01
1.219119094312191010e-01
1.317277327179908752e-01
1.341922860592603683e-01
1.401206552982330322e-01
1.421507485210895538e-01
1.396289728581905365e-01
1.385861150920391083e-01
1.333874091506004333e-01
1.349137593060731888e-01
1.370958946645259857e-01
1.272148508578538895e-01
1.362786442041397095e-01
1.269518788903951645e-01
1.409210488200187683e-01
1.326948907226324081e-01
1.335598081350326538e-01
1.337614133954048157e-01
1.359453219920396805e-01
1.378772445023059845e-01
1.367870271205902100e-01
1.254459097981452942e-01
1.358518041670322418e-01
1.317916382104158401e-01
1.261251941323280334e-01
1.380586102604866028e-01
1.340833827853202820e-01
1.363946795463562012e-01
1.334118694067001343e-01
1.429497804492712021e-01
1.274885814636945724e-01
1.253937538713216782e-01
1.238410566002130508e-01
1.395696550607681274e-01
1.312300339341163635e-01
1.237605139613151550e-01
1.344667170196771622e-01
1.419049128890037537e-01
1.323940586298704147e-01
1.347844749689102173e-01
1.288053020834922791e-01
1.439908072352409363e-01
1.340953186154365540e-01
1.331766992807388306e-01
1.259894743561744690e-01
1.300934441387653351e-01
1.386785767972469330e-01
1.427683718502521515e-01
1.332793422043323517e-01
1.341630481183528900e-01
1.295596323907375336e-01
1.296245865523815155e-01
1.334004774689674377e-01
1.388352103531360626e-01
1.291158013045787811e-01
1.350378338247537613e-01
1.240682657808065414e-01
1.382177211344242096e-01
1.294978968799114227e-01
1.400333233177661896e-01
1.415695175528526306e-01
1.359819993376731873e-01
1.400985196232795715e-01
1.354970037937164307e-01
1.392847746610641479e-01
1.385634243488311768e-01
1.375571377575397491e-01
1.304854452610015869e-01
1.285204961895942688e-01
1.413059569895267487e-01
1.362175010144710541e-01
1.310111619532108307e-01
1.244130600243806839e-01
1.352013517171144485e-01
1.386046502739191055e-01
1.343825105577707291e-01
1.301541216671466827e-01
1.308044530451297760e-01
1.292040888220071793e-01
1.378918960690498352e-01
1.300772838294506073e-01
1.185413450002670288e-01
1.291774231940507889e-01
1.356376707553863525e-01
1.372889503836631775e-01
1.265249252319335938e-01
1.209769416600465775e-01
1.317790988832712173e-01
1.356925368309020996e-01
1.337304040789604187e-01
1.303283348679542542e-01
1.352583281695842743e-01
1.300572045147418976e-01
1.295588128268718719e-01
1.380797773599624634e-01
1.302629616111516953e-01
1.381563395261764526e-01
1.349419448524713516e-01
1.342512853443622589e-01
1.261405181139707565e-01
1.346337515860795975e-01
1.405373942106962204e-01
1.345599666237831116e-01
1.241609137505292892e-01
1.382139772176742554e-01
1.306512393057346344e-01
1.371054425835609436e-01
1.332780234515666962e-01
1.351217254996299744e-01
1.303427200764417648e-01
1.348930411040782928e-01
1.266328636556863785e-01
1.351778320968151093e-01
1.257474422454833984e-01
1.313633639365434647e-01
1.393858231604099274e-01
1.180608607828617096e-01
1.275859903544187546e-01
1.391309425234794617e-01
1.379512399435043335e-01
1.235239617526531219e-01
1.319224871695041656e-01
1.322106700390577316e-01
1.257911585271358490e-01
1.298179924488067627e-01
1.300126127898693085e-01
1.394396908581256866e-01
1.242108680307865143e-01
1.265753377228975296e-01
1.455220617353916168e-01
1.402952782809734344e-01
1.377956531941890717e-01
1.308474503457546234e-01
1.357361413538455963e-01
1.244621090590953827e-01
1.349029876291751862e-01
1.363751813769340515e-01
1.435741037130355835e-01
1.475919149816036224e-01
1.230317521840333939e-01
1.308472082018852234e-01
1.303861215710639954e-01
1.296762712299823761e-01
1.366810537874698639e-01
1.420396342873573303e-01
1.352864131331443787e-01
1.311319191008806229e-01
1.340796370059251785e-01
1.397315002977848053e-01
1.421488635241985321e-01
1.262742038816213608e-01
1.353860534727573395e-01
1.338455975055694580e-01
1.432603262364864349e-01
1.305144485086202621e-01
1.364991627633571625e-01
1.286271661520004272e-01
1.230949927121400833e-01
1.418366879224777222e-01
1.319388300180435181e-01
1.325662657618522644e-01
1.351483408361673355e-01
1.367265842854976654e-01
1.245154496282339096e-01
1.330085694789886475e-01
1.222081147134304047e-01
1.299032978713512421e-01
1.418194957077503204e-01
1.286239046603441238e-01
1.264569796621799469e-01
1.273451782763004303e-01
1.365928053855895996e-01
1.346134059131145477e-01
1.384576559066772461e-01
1.379611901938915253e-01
1.418280862271785736e-01
1.339636407792568207e-01
1.341107562184333801e-01
1.443676985800266266e-01
1.363953724503517151e-01
1.244410537183284760e-01
1.328212097287178040e-01
1.300916653126478195e-01
1.377510465681552887e-01
1.273222565650939941e-01
1.408888176083564758e-01
1.337240636348724365e-01
1.402468308806419373e-01
1.360359527170658112e-01
1.215175874531269073e-01
1.348726749420166016e-01
1.382527835667133331e-01
1.354190446436405182e-01
1.283362004905939102e-01
1.326301321387290955e-01
1.292631477117538452e-01
1.359758172184228897e-01
1.387639902532100677e-01
1.336220130324363708e-01
1.221095230430364609e-01
1.387125831097364426e-01
1.327093597501516342e-01
1.377344615757465363e-01
1.249330397695302963e-01
1.286834515631198883e-01
1.274040676653385162e-01
1.369306594133377075e-01
1.228629406541585922e-01
1.387767530977725983e-01
1.323813144117593765e-01
1.366017665714025497e-01
1.277950629591941833e-01
1.273259632289409637e-01
1.403451524674892426e-01
1.216323673725128174e-01
1.442924104630947113e-01
1.358019076287746429e-01
1.386845558881759644e-01
1.318178512156009674e-01
1.359051875770092010e-01
1.291198376566171646e-01
1.336535550653934479e-01
1.356073059141635895e-01
1.309740319848060608e-01
1.361734233796596527e-01
1.308864168822765350e-01
1.325910370796918869e-01
1.377190165221691132e-01
1.285684946924448013e-01
1.234173439443111420e-01
1.321645472198724747e-01
1.346627362072467804e-01
1.331068873405456543e-01
1.385604254901409149e-01
1.312977019697427750e-01
1.344323623925447464e-01
1.286424417048692703e-01
1.336895227432250977e-01
1.358712092041969299e-01
1.300580389797687531e-01
1.334962397813796997e-01
1.293863579630851746e-01
1.352216340601444244e-01
1.346751116216182709e-01
1.281505245715379715e-01
1.232922151684761047e-01
1.351324915885925293e-01
1.345232166349887848e-01
1.321375519037246704e-01
1.283259280025959015e-01
1.358310543000698090e-01
1.425475440919399261e-01
1.264482866972684860e-01
1.413481198251247406e-01
1.215223297476768494e-01
1.274701189249753952e-01
1.339006442576646805e-01
1.327784769237041473e-01
1.297808233648538589e-01
1.402987316250801086e-01
1.333971209824085236e-01
1.300187222659587860e-01
1.277247890830039978e-01
1.338452976197004318e-01
1.333697400987148285e-01
1.394294835627079010e-01
1.293693426996469498e-01
1.267489418387413025e-01
1.329753249883651733e-01
1.339953653514385223e-01
1.367364674806594849e-01
1.347538791596889496e-01
1.286880373954772949e-01
1.262087300419807434e-01
1.262808963656425476e-01
1.314766164869070053e-01
1.241096649318933487e-01
1.145716123282909393e-01
1.326876748353242874e-01
1.362836770713329315e-01
1.319072507321834564e-01
1.271910220384597778e-01
1.214699298143386841e-01
1.314810235053300858e-01
1.290969904512166977e-01
1.369358878582715988e-01
1.285210587084293365e-01
1.267985291779041290e-01
1.386726424098014832e-01
1.420052051544189453e-01
1.381191797554492950e-01
1.386436354368925095e-01
1.394922845065593719e-01
1.264975536614656448e-01
1.301466487348079681e-01
1.301783248782157898e-01
1.341848857700824738e-01
1.288677863776683807e-01
1.381550841033458710e-01
1.360208466649055481e-01
1.393847540020942688e-01
1.356210764497518539e-01
1.344630457460880280e-01
1.361943259835243225e-01
1.308303028345108032e-01
1.290888749063014984e-01
1.350720208138227463e-01
1.260270960628986359e-01
1.293412763625383377e-01
1.366419568657875061e-01
1.413943544030189514e-01
1.323350630700588226e-01
1.414500884711742401e-01
1.281889043748378754e-01
1.225961893796920776e-01
1.236132644116878510e-01
1.220893617719411850e-01
1.372830979526042938e-01
1.285839769989252090e-01
1.325763873755931854e-01
1.244630534201860428e-01
1.348177157342433929e-01
1.300832293927669525e-01
1.340149901807308197e-01
1.343652047216892242e-01
1.322567518800497055e-01
1.357379145920276642e-01
1.339624617248773575e-01
1.306055784225463867e-01
1.359673701226711273e-01
1.396089829504489899e-01
1.309224311262369156e-01
1.313285939395427704e-01
1.365547366440296173e-01
1.262347120791673660e-01
1.309751924127340317e-01
1.345324702560901642e-01
1.139821279793977737e-01
1.296328455209732056e-01
1.280507948249578476e-01
1.280767675489187241e-01
1.207266226410865784e-01
1.293679364025592804e-01
1.320737749338150024e-01
1.353694610297679901e-01
1.307200230658054352e-01
1.347357276827096939e-01
1.383635327219963074e-01
1.286219712346792221e-01
1.249038521200418472e-01
1.354373395442962646e-01
1.289913598448038101e-01
1.359466873109340668e-01
1.236955448985099792e-01
1.367961093783378601e-01
1.337670162320137024e-01
1.295640002936124802e-01
1.270569581538438797e-01
1.284850053489208221e-01
1.285815071314573288e-01
1.338930800557136536e-01
1.274979356676340103e-01
1.356119811534881592e-01
1.275515407323837280e-01
1.357686258852481842e-01
1.253524236381053925e-01
1.438158378005027771e-01
1.311561111360788345e-01
1.288796514272689819e-01
1.361090224236249924e-01
1.430524922907352448e-01
1.356466710567474365e-01
1.327768359333276749e-01
1.399766914546489716e-01
1.410746052861213684e-01
1.329504121094942093e-01
1.406363546848297119e-01
1.325656101107597351e-01
1.318397913128137589e-01
1.346276327967643738e-01
1.266716942191123962e-01
1.289028972387313843e-01
1.322718262672424316e-01
1.302464231848716736e-01
1.273662187159061432e-01
1.280296072363853455e-01
1.351195480674505234e-01
1.311975121498107910e-01
1.345646958798170090e-01
1.382438037544488907e-01
1.362220514565706253e-01
1.358552351593971252e-01
1.346571072936058044e-01
1.300652958452701569e-01
1.311358064413070679e-01
1.188830286264419556e-01
1.229584813117980957e-01
1.333616152405738831e-01
1.359146218746900558e-01
1.292571797966957092e-01
1.256612017750740051e-01
1.270678211003541946e-01
1.348917391151189804e-01
1.318738702684640884e-01
1.264701671898365021e-01
1.291373297572135925e-01
1.262399516999721527e-01
1.322661824524402618e-01
1.218514814972877502e-01
1.322158202528953552e-01
1.280027478933334351e-01
1.233987472951412201e-01
1.374359317123889923e-01
1.328622996807098389e-01
1.289900448173284531e-01
1.307680644094944000e-01
1.241312567144632339e-01
1.326948497444391251e-01
1.310727484524250031e-01
1.241771727800369263e-01
1.289056129753589630e-01
1.266055181622505188e-01
1.365753524005413055e-01
1.396093815565109253e-01
1.352879516780376434e-01
1.307090781629085541e-01
1.450408957898616791e-01
1.262859161943197250e-01
1.278451867401599884e-01
1.220492906868457794e-01
1.428701467812061310e-01
1.382891349494457245e-01
1.388336904346942902e-01
1.315618269145488739e-01
1.295444127172231674e-01
