1.580288053623267464e-01
1.725522434072835065e-01
1.669486878173691846e-01
1.661802972001688861e-01
1.630127334168978981e-01
1.667887717485427856e-01
1.651898521397794917e-01
1.668502768235547162e-01
1.549060828983783722e-01
1.649876997939177803e-01
1.610328528497900202e-01
1.627284357590334796e-01
1.578018159738608650e-01
1.602794575904096797e-01
1.607187943799155139e-01
1.552712885396821119e-01
1.613197656614439868e-01
1.592596045562199303e-01
1.520454841000693225e-01
1.577949252511773870e-01
1.542285643517971039e-01
1.631405704787799171e-01
1.587160676717758179e-01
1.587660836854151436e-01
1.587204177464757726e-01
1.613950670829840950e-01
1.585879650499139593e-01
1.541937073426587201e-01
1.585271001926490120e-01
1.533545862351144984e-01
1.530073322355747223e-01
1.579765751957893372e-01
1.524446782256875799e-01
1.578930004366806694e-01
1.419679213847432897e-01
1.446882326688085363e-01
1.558698692492076210e-01
1.528616914791720294e-01
1.550379171967506409e-01
1.508158716772283747e-01
1.554142726319176770e-01
1.555894480219909004e-01
1.422830905233110621e-01
1.572710089385509491e-01
1.627939183797155187e-01
1.454937378210680865e-01
1.499083744628088855e-01
1.445703692734241486e-01
1.488250509968825630e-01
1.509305196149008654e-01
1.546905525028705597e-01
1.400051164839948847e-01
1.377641079681260206e-01
1.457769125699996948e-01
1.513947498585496709e-01
1.499096208385058693e-01
1.477583827716963671e-01
1.526139532881123639e-01
1.488662447248186305e-01
1.535906051950795270e-01
1.506978039230619237e-01
1.538494820041315936e-01
1.482983290084770867e-01
1.569822010185037420e-01
1.492412063692297175e-01
1.555751402463231847e-01
1.551615164748259834e-01
1.451572504426751897e-01
1.366030592471361160e-01
1.440362171935183622e-01
1.627530939877033234e-01
1.398186981678009033e-01
1.468137470739228345e-01
1.494992492454392530e-01
1.576334615903241254e-01
1.496360325919730283e-01
1.504815369844436646e-01
1.414607241749763489e-01
1.394415588251181892e-01
1.433363141758101367e-01
1.500627840203898333e-01
1.536146758922508904e-01
1.449717698352677442e-01
1.490621976554393768e-01
1.457654615598065473e-01
1.450491350676332281e-01
1.461272601570401952e-01
1.544638323996748164e-01
1.507322154939174652e-01
1.493885181844234467e-01
1.541273279913834282e-01
1.400159953960350701e-01
1.562336997262069038e-01
1.475493915911231801e-01
1.493690641863005542e-01
1.407236313181264020e-01
1.518077009490557960e-01
1.494979986122676185e-01
1.463103576430252739e-01
1.514936983585357666e-01
1.518944384796278857e-01
1.463788396545818993e-01
1.409827353698866748e-01
1.534270175865718178e-01
1.345382790480341151e-01
1.440952087619475075e-01
1.395824088581970879e-01
1.367461444543940641e-01
1.411697566509246826e-01
1.420055574604443260e-01
1.358956284821033478e-01
1.553265383200986005e-01
1.485012599400111488e-01
1.432258223316499046e-01
1.376738633428301051e-01
1.421375029853411964e-01
1.522769608667918495e-01
1.447663269937038422e-01
1.509211920201778412e-01
1.416949055024555870e-01
1.375858892819711021e-01
1.409837473183870316e-01
1.535711879176752948e-01
1.452042875545365430e-01
1.456836839871747113e-01
1.366888931287186526e-01
1.480097281081335925e-01
1.421916633844375610e-01
1.474527828395366669e-01
1.491315891700131513e-01
1.406949279563767530e-01
1.482669822871685028e-01
1.387079741273607447e-01
1.369281820952892303e-01
1.412981360086373039e-01
1.408877138580594823e-01
1.359960519309554861e-01
1.407964921423367211e-01
1.371563513364110753e-01
1.430514390979494288e-01
1.410767063498497009e-01
1.481399089097976685e-01
1.475270039268902489e-01
1.428790550146784022e-01
1.504558396658726982e-01
1.466642602213791557e-01
1.443319618701934814e-01
1.404998605804783918e-01
1.445859745144844055e-01
1.416387257299252800e-01
1.488955670169421486e-01
1.456896982022694298e-01
1.385144282664571569e-01
1.417705789208412170e-01
1.528154137943472102e-01
1.445260862154620074e-01
1.454115941056183525e-01
1.448728942445346168e-01
1.513520606926509193e-01
1.472598181239196113e-01
1.431807439242090418e-01
1.453926158802849866e-01
1.367532033473253250e-01
1.454639466745512866e-01
1.498683201415198230e-01
1.439835716571126745e-01
1.443313613001789286e-01
1.492096898811204053e-01
1.450856982597283074e-01
1.415600912379366971e-01
1.405379623174667358e-01
1.394873032612460040e-01
1.441291735640593819e-01
1.399648852114166453e-01
1.457305167402540014e-01
1.470808115388665960e-01
1.361008749476500801e-01
1.415758723659174823e-01
1.358958626432078265e-01
1.408438922039099983e-01
1.418498126523835279e-01
1.344319275979484751e-01
1.407910473644733429e-01
1.445523787822042272e-01
1.481495504932744123e-01
1.370349435933998772e-01
1.452630742319992729e-01
1.348893897874014758e-01
1.443252292062555120e-01
1.501029942716871068e-01
1.439634542912244797e-01
1.417176100824560359e-01
1.413695045879908851e-01
1.519534768802779101e-01
1.471695761595453456e-01
1.323276960424014381e-01
1.395171396434307098e-01
1.259247317378009989e-01
1.341635497020823575e-01
1.457208762211459063e-01
1.401903294026851654e-01
1.427065221858876132e-01
1.388441095394747637e-01
1.407074518501758575e-01
1.342420732336384870e-01
1.416913084685802460e-01
1.401377224496432594e-01
1.394499577581882477e-01
1.431862749159336090e-01
1.418887217129979894e-01
1.418845693447760292e-01
1.387762416686330602e-01
1.437409105045454882e-01
1.475389967007296466e-01
1.469818082238946721e-01
1.437396816909313202e-01
1.403177082538604736e-01
1.368458574371678449e-01
1.391271241009235382e-01
1.377606852246182345e-01
1.388263492179768466e-01
1.356092744639941505e-01
1.431637688406876274e-01
1.471288103078092768e-01
1.295138948730059913e-01
1.361094396561384201e-01
1.375107424599783801e-01
1.396539136767387390e-01
1.444111439798559382e-01
1.363838485309055992e-01
1.370728947222232819e-01
1.269176187259810351e-01
1.504958101681300453e-01
1.390951925090380958e-01
1.420480103365012459e-01
1.315545109765870191e-01
1.434442624449729919e-01
1.382199456649167157e-01
1.443939230271748253e-01
1.468707940408161827e-01
1.415821627846785835e-01
1.367564161441155723e-01
1.377842013857194237e-01
1.472611363445009425e-01
1.391363771898405932e-01
1.381688059440680794e-01
1.386870151119572736e-01
1.418598688074520775e-01
1.443806679121085457e-01
1.409242137202194878e-01
1.416650457041604139e-01
1.470712529761450671e-01
1.388252475964171506e-01
1.435169146529265694e-01
1.352349205740860649e-01
1.388267230774675176e-01
1.438590756484440514e-01
1.354980434158018776e-01
1.404193698295525261e-01
1.469237336090632728e-01
1.349878694329942896e-01
1.410391011408397011e-01
1.394110516245876119e-01
1.390370221010276131e-01
1.332632657140493393e-01
1.369198536766426944e-01
1.382885894605091759e-01
1.340495097850050166e-01
1.378695964813232422e-01
1.394206224275486850e-01
1.303901895880699158e-01
1.391612501548869230e-01
1.447349286505154320e-01
1.430494944964136317e-01
1.370692061526434802e-01
1.417019223528248884e-01
1.407948365168912030e-01
1.360414624214172363e-01
1.438180367861475184e-01
1.341545855892556094e-01
1.361856923571654610e-01
1.385436236326183512e-01
1.332811510988644310e-01
1.304726150951215080e-01
1.375440609242234991e-01
1.350553041057927228e-01
1.349149665662220665e-01
1.436095775238105110e-01
1.385221593081951141e-01
1.302765104919672012e-01
1.373215083565030858e-01
1.325258133666855909e-01
1.318897817816053197e-01
1.413931021732943438e-01
1.375313720532826134e-01
1.316388685788427160e-01
1.400709072394030474e-01
1.427971779235771843e-01
1.295777841338089653e-01
1.389437110296317390e-01
1.372001607503209875e-01
1.441699921020439812e-01
1.376713197678327560e-01
1.413703087185110285e-01
1.490222205008779333e-01
1.321501290159566022e-01
1.402869453387600995e-01
1.389641623411859706e-01
1.285063661634922028e-01
1.420211350279194928e-01
1.325784879071371936e-01
1.362086883080857180e-01
1.326942353376320549e-01
1.385843269526958466e-01
1.329526459532124616e-01
1.343320634748254583e-01
1.451525299676827141e-01
1.290214684392724798e-01
1.453375656689916418e-01
1.413591450878552147e-01
1.381973100027867607e-01
1.431644721222775363e-01
1.297895304326500132e-01
1.455295426504952527e-01
1.305136159062385559e-01
1.440998975719724462e-01
1.359996353941304303e-01
1.481786998254912280e-01
1.282201957489763067e-01
1.406416616269520470e-01
1.448850527937923238e-01
1.321253917579139903e-01
1.378259102680853554e-01
1.330055142087595843e-01
1.391851758318287946e-01
1.342179125973156639e-01
1.417288535407611183e-01
1.407104547002485939e-01
1.393628908055169202e-01
1.439499940190996363e-01
1.353650412389210411e-01
1.355896248881305888e-01
1.350054557302168556e-01
1.349880772509745308e-01
1.362556378756250575e-01
1.350348985620907494e-01
1.435592802507536792e-01
1.348041264074189283e-01
1.326800180333001233e-01
1.366650879915271566e-01
1.348175454352583125e-01
1.372934595814772896e-01
1.313846861677510358e-01
1.428295490997178174e-01
1.338207189525876806e-01
1.372747160494327545e-01
1.306916807911225609e-01
1.414641312190464684e-01
1.324045610214982793e-01
1.308922312621559336e-01
1.285610366612672806e-01
1.439822784491947838e-01
1.362875476479530334e-01
1.296997881893600657e-01
1.398511278842176631e-01
1.377466589744602010e-01
1.368948311678000740e-01
1.297535196478877828e-01
1.400025846170527555e-01
1.320126216326441004e-01
1.404375779841627314e-01
1.416263431310653687e-01
1.342260544853551008e-01
1.362229420670441338e-01
1.391886810639074989e-01
1.317751569939511203e-01
1.370596491864749245e-01
1.334222166665962883e-01
1.330166959336825661e-01
1.297778151929378510e-01
1.413063337760312177e-01
1.288128420710563660e-01
1.347603659544672206e-01
1.325086945933955096e-01
1.319363428545849704e-01
1.366823310298579119e-01
1.279324207987104223e-01
1.321197966379778765e-01
1.216747273824044656e-01
1.428771955626351453e-01
1.381537318229675293e-01
1.331951772528035260e-01
1.420581447226660632e-01
1.399256038878645136e-01
1.318753132862704180e-01
1.305405476263591102e-01
1.403854835246290400e-01
1.327659934759140015e-01
1.419920809566974640e-01
1.384942334677491949e-01
1.418271280292953684e-01
1.303486467472144417e-01
1.327159378145422175e-01
1.399279912667615033e-01
1.391572925661291316e-01
1.337098513862916283e-01
1.325002895402056791e-01
1.291609954621110723e-01
1.376940650599343396e-01
1.295283298407282069e-01
1.363337904747043416e-01
1.405414108719144628e-01
1.494913787714072517e-01
1.306794075561421298e-01
1.349413727543183616e-01
1.380785043750490382e-01
1.439343371561595253e-01
1.345061997749975868e-01
1.353394218853541664e-01
1.317757064742701434e-01
1.271396154271704770e-01
1.330692504665681175e-01
1.389100038047347829e-01
1.339671452130590246e-01
1.286419257521629333e-01
1.312885499958481028e-01
1.347920256001608752e-01
1.260840956653867528e-01
1.387106816151312538e-01
1.355689748057297417e-01
1.381844165069716357e-01
1.398206124348299884e-01
1.362979577055999092e-01
1.312216794384377383e-01
1.327159710760627553e-01
1.313304243875401400e-01
1.414319840925080396e-01
1.390145655189241602e-01
1.412997240466730975e-01
1.396851616778544136e-01
1.307232832270009137e-01
1.293496191501617432e-01
1.359373410897595502e-01
1.420138994497912310e-01
1.393245942890644073e-01
1.411023980804852196e-01
1.379848149205957220e-01
1.257196095372949407e-01
1.339949377413306997e-01
1.380388071494443036e-01
1.369144799453871630e-01
1.348321770450898460e-01
1.328950085278068349e-01
1.334265733936003395e-01
1.338393289063657954e-01
1.302803028374910355e-01
1.304188881601606176e-01
1.301037751670394704e-01
1.331382646624530985e-01
1.310079156288078972e-01
1.400723915014948084e-01
1.372902600892952629e-01
1.311557590961456299e-01
1.433139885110514544e-01
1.404783087117331408e-01
1.355351989290543846e-01
1.281437176678861811e-01
1.387720408716372200e-01
1.346114724874496460e-01
1.413505641477448560e-01
1.326274839895112134e-01
1.344396376184054664e-01
1.438384636172226616e-01
1.364007315465382286e-01
1.337350574987275220e-01
1.395459489098616890e-01
1.335654684475489906e-01
1.403504426458052345e-01
1.404640791671616651e-01
1.317077962947743319e-01
1.345842009676354312e-01
1.417789379400866412e-01
1.355181807386023618e-01
1.362689270504883476e-01
1.386981835322720624e-01
1.379598565399646759e-01
1.377656015434435555e-01
1.338295135647058487e-01
1.428311062710625745e-01
1.373177894524165443e-01
1.388792443488325312e-01
1.296922604420355507e-01
1.449258151863302424e-01
1.309902646711894325e-01
1.406167633831501007e-01
1.355643554457596489e-01
1.377503241279295632e-01
1.323770731687545776e-01
1.286329956991331958e-01
1.323562301695346832e-01
1.249610334634780884e-01
1.354885367410523511e-01
1.354296013180698588e-01
1.375159610595022008e-01
1.319984668599707700e-01
1.442222557961940765e-01
1.273777197514261439e-01
1.353560811174767398e-01
1.395492154572691157e-01
1.386118547192641548e-01
1.410582555191857435e-01
1.390046881777899646e-01
1.351172391857419774e-01
1.303670635180813886e-01
1.329403671302965828e-01
1.367966346442699432e-01
1.384981200098991394e-01
1.302257571369409561e-01
1.373320426791906357e-01
1.283976254718644239e-01
1.362158549683434583e-01
1.328218137579304792e-01
1.359680055507591911e-01
1.320004175816263392e-01
1.281564352767808057e-01
1.415257869022233106e-01
1.368541217276028343e-01
1.322664911193507098e-01
1.418800316751003265e-01
1.358471148248229787e-01
1.361944957503250786e-01
1.364222333899565986e-01
1.352730771260602094e-01
1.363502618457589910e-01
1.344924452049391650e-01
1.336013272936855123e-01
1.333446558564901352e-01
1.334608085453510284e-01
1.320281928139073468e-01
1.344311436904328250e-01
1.267712597868272117e-01
1.307529200400625036e-01
1.325206389384610273e-01
1.401896992964404010e-01
1.275777007852281764e-01
1.325644502150160886e-01
1.352991193000759318e-01
1.273304854652711204e-01
1.416572444140911102e-01
1.371060686984232613e-01
1.379519376371587946e-01
1.310364907341343976e-01
1.249469952391726590e-01
1.343973792557205393e-01
1.374033221176692299e-01
1.344760318419762901e-01
1.374527886509895325e-01
1.385279356368950554e-01
1.348413862287998199e-01
1.267429688679320432e-01
1.360797980534178830e-01
1.345331748681408979e-01
1.293460455323968694e-01
1.322320223386798665e-01
1.325477092925991252e-01
1.313810143619775772e-01
1.292524875274726204e-01
1.313372515141963959e-01
1.348326578736305237e-01
1.308611849589007281e-01
1.357777342200279236e-01
1.387527819190706446e-01
1.352908337222678281e-01
1.342210556779588893e-01
1.373646493468965724e-01
1.299985306603567980e-01
1.335442997515201569e-01
1.284403260797262192e-01
1.381736099720001221e-01
1.282375846058130264e-01
1.343360764107533745e-01
1.348385262702192500e-01
1.358133136693920329e-01
1.333422817822013662e-01
1.385978862111057475e-01
1.367489264479705147e-01
1.402851534741265394e-01
1.303602169666971400e-01
1.387328244745731354e-01
1.337978153356484123e-01
1.361080248441015050e-01
1.360346962298665807e-01
1.306007270302091405e-01
1.366056352853775024e-01
1.342415932033743098e-01
1.376906814319746875e-01
1.279087601495640658e-01
1.295135537428515338e-01
1.347328105143138222e-01
1.280360927007027916e-01
1.405969980571951106e-01
1.408575970147337153e-01
1.351686199860913373e-01
1.347272938915661522e-01
1.332694057907377050e-01
1.361661579992090032e-01
1.292652559599705986e-01
1.281386012477534198e-01
1.359397082456520744e-01
1.348048254315342143e-01
1.374220339847462558e-01
1.382031871804169365e-01
1.371565740555524826e-01
1.425151095858641914e-01
1.354802234896591850e-01
1.286961414984294227e-01
1.294217178864138507e-01
1.353306759681020544e-01
1.249142645725182105e-01
1.358510018991572477e-01
1.295402220317295738e-01
1.343335527926683426e-01
1.284958520638091184e-01
1.371530749435935781e-01
1.345221759485346891e-01
1.270546388945409111e-01
1.331408625202519513e-01
1.264347327607018567e-01
1.329560298472642899e-01
1.312188114970922470e-01
1.367949715682438561e-01
1.340948667909417913e-01
1.313817397292171285e-01
1.351673150701182269e-01
1.337285723005022242e-01
1.303211559674569420e-01
1.355744435318878838e-01
1.327944363334349342e-01
1.280931276934487439e-01
1.298231940184320643e-01
1.378791199198790840e-01
1.281940170696803383e-01
1.343780833163431832e-01
1.256360299885272980e-01
1.319453612502132223e-01
1.367610666368688777e-01
1.303928332137209989e-01
1.347273830324411392e-01
1.290579196065664291e-01
1.327757784830672361e-01
1.256264597177505493e-01
1.277465176369462774e-01
1.321785721395696833e-01
1.299070942082575508e-01
1.362050947334085271e-01
1.341717557183333687e-01
1.326489022799900719e-01
1.258377406213964655e-01
1.419617970074926183e-01
1.331407398517642782e-01
1.344440680529390142e-01
1.384382487407752327e-01
1.254959226186786458e-01
1.337411430265222356e-01
1.251142647649560735e-01
1.317381395825318047e-01
1.302913661514009669e-01
1.261170251028878309e-01
1.290751365678650953e-01
1.335270583097423747e-01
1.308748735381024264e-01
1.376579864216702365e-01
1.275126675942114540e-01
1.275521274656057358e-01
1.345361596239464663e-01
1.317440811544656754e-01
1.272618632231439784e-01
1.268787399998732857e-01
1.345781625381537727e-01
1.347467492201498696e-01
1.384682000747748665e-01
1.303132639399596504e-01
1.300055240946156598e-01
1.332468390464782715e-01
1.397113627088921450e-01
1.374387725123337456e-01
1.399621420672961525e-01
1.336153442306177996e-01
1.331815041069473460e-01
1.309559395802872561e-01
1.369767026709658719e-01
1.315123505358185008e-01
1.340815092303923317e-01
1.329771823116711327e-01
1.312419178762606331e-01
1.285849280123199656e-01
1.359031354742390729e-01
1.333983851862805270e-01
1.411682798394135185e-01
1.358758857739823245e-01
1.297760153455393695e-01
1.347026864864996620e-01
1.399543056530611895e-01
1.311645297599690341e-01
1.344337338315589048e-01
1.318921100880418584e-01
1.381705658776419543e-01
1.302854072834764287e-01
1.371544823050498962e-01
1.352209294480936908e-01
1.306682252990347959e-01
1.321595228676284983e-01
1.356079567755971715e-01
1.290499190134661578e-01
1.294753793627023697e-01
1.268061660230159760e-01
1.428160992051873968e-01
1.394529523594038867e-01
1.349869045828069880e-01
1.249915185783590649e-01
1.326671663139547541e-01
1.327098152999366953e-01
1.285763140767812729e-01
1.299545011882271006e-01
1.316453553736209869e-01
1.283334365912846275e-01
1.352932123201233960e-01
1.228195984980889749e-01
1.278889953557934001e-01
1.298966828201498225e-01
1.310047999556575582e-01
1.346615073936326124e-01
1.325163833264793589e-01
1.280554751200335406e-01
1.350870693900755592e-01
1.293909259672675893e-01
1.343026512435504249e-01
1.344484732087169454e-01
1.276701475892748072e-01
1.295868940651416779e-01
1.368489483637469195e-01
1.347835561526673220e-01
1.333309433289936730e-01
1.304496617189475349e-01
1.326787389282669261e-01
1.287536807358264923e-01
1.362257078289985657e-01
1.330592645598309420e-01
1.323942547397954084e-01
1.348686620060886576e-01
1.319181831287486173e-01
1.284453522946153448e-01
1.275988814554044060e-01
1.306422030819313906e-01
1.282565050891467384e-01
1.311674961554152585e-01
1.342866710786308482e-01
1.270224845835140892e-01
1.345522350498608299e-01
1.317267141171864220e-01
1.337099705955811790e-01
1.325854377022811226e-01
1.317442434706858345e-01
1.326964058514152334e-01
1.317200729889529132e-01
1.311802975833415985e-01
1.312165965459176353e-01
1.326348951884678551e-01
1.329562392617975042e-01
1.323860761310373113e-01
1.338520310819149017e-01
1.275816112756729126e-01
1.359169509794030950e-01
1.344155671873263069e-01
1.310003346630505272e-01
1.322901520345892146e-01
1.325263511389493942e-01
1.394004912248679451e-01
1.351124947624547101e-01
1.320266803460461713e-01
1.327155926930052854e-01
1.297771866832460597e-01
1.318038127252033898e-01
1.314977588398116015e-01
1.342133645500455663e-01
1.300727804856640912e-01
1.307946651109627434e-01
1.364231205412319847e-01
1.347556311104978755e-01
1.339301363165889547e-01
1.262091994285583496e-01
1.332401287342820928e-01
1.361001083361250974e-01
1.354617968733821676e-01
1.316564735025167465e-01
1.303890589624643326e-01
1.294396391936711022e-01
1.339963903384549238e-01
1.279247879449810221e-01
1.345847866364887901e-01
1.262674020337206937e-01
1.249472514859267663e-01
1.307600885629653931e-01
1.326009753559316828e-01
1.336083390883036903e-01
1.350168479340417005e-01
1.348989531397819519e-01
1.321148771260465815e-01
1.353679049227918818e-01
1.297876403800078682e-01
1.309448153312717245e-01
1.279944774827786735e-01
1.329120418855122276e-01
1.276100873947143555e-01
1.249524416135890104e-01
1.319166980683803558e-01
1.268363448658159920e-01
1.305464309241090581e-01
1.254507481519664958e-01
1.369782217911311439e-01
1.313058659434318542e-01
1.300046835094690323e-01
1.301136634179524132e-01
1.293274592608213425e-01
1.346315589866467766e-01
1.417661351816994764e-01
1.303377955087593743e-01
1.332161101911749079e-01
1.352863231939928912e-01
1.280672230890818886e-01
1.308169298406158254e-01
1.354203479630606555e-01
1.270096778337444499e-01
1.275026542799813367e-01
1.285223806543009661e-01
1.271996138883488559e-01
1.273774980966533854e-01
1.360983888485602089e-01
1.395106656210763074e-01
1.354007492108004473e-01
1.323305629193782806e-01
1.324760312480585955e-01
1.334218662232160568e-01
1.311618180147239021e-01
1.336420556264264203e-01
1.235610411635467004e-01
1.325340539749179647e-01
1.364494029964719579e-01
1.240682274635348942e-01
1.316157292042459681e-01
1.322850726012672617e-01
1.343076069440160558e-01
1.324967281626803495e-01
1.357690210321119972e-01
1.400965241981404208e-01
1.291094656501497462e-01
1.328490780932562731e-01
1.327293531170913032e-01
1.275032729442630575e-01
1.326410208961793236e-01
1.322359785969768331e-01
1.372465752065181732e-01
1.307816042431763359e-01
1.341310949730021573e-01
1.381141165537493609e-01
1.319502150373799421e-01
1.357360697750534251e-01
1.339400950819253922e-01
1.396015919744968414e-01
1.266578052725110815e-01
1.327523317720208929e-01
1.358989961445331573e-01
1.276110706052609733e-01
1.293921670211213015e-01
1.309839441840137675e-01
1.342296030904565618e-01
1.280220212148768522e-01
1.281339379825762459e-01
1.361764286245618627e-01
1.334656535514763542e-01
1.329383493534156135e-01
1.336623954453638741e-01
1.302094887942075729e-01
1.304185111075639725e-01
1.304794400930404663e-01
1.292732919433287331e-01
1.234893226729971982e-01
1.407271432025092028e-01
1.309484703732388400e-01
1.337813942560127922e-01
1.273188774607011131e-01
1.355635332209723376e-01
1.287809205906731702e-01
1.321597578270094775e-01
1.278982165136507698e-01
1.344167504991803930e-01
1.333806296544415571e-01
1.325916259416512200e-01
1.278408010091100500e-01
1.304308253207377144e-01
1.293600595423153587e-01
1.342861157442842290e-01
1.294792696301426127e-01
1.326451525092124939e-01
1.310655706162963674e-01
1.250856758228370003e-01
1.303843478006976031e-01
1.335007641464471817e-01
1.299505220460040189e-01
1.311526479465620898e-01
1.261387195970330999e-01
1.318695172667503357e-01
1.333563112254653737e-01
1.394693069159984589e-01
1.318183961723531916e-01
1.361487571682248876e-01
1.311711756778614901e-01
1.385106125048228554e-01
1.325603340353284643e-01
1.294841944639171794e-01
1.330003836857421018e-01
1.270162625504391574e-01
1.352916939982346245e-01
1.299586205610207268e-01
1.279725570763860509e-01
1.302130296826362610e-01
1.333233054195131495e-01
1.325787005147763542e-01
1.290195589619023420e-01
1.359530857631138512e-01
1.351234723946877769e-01
1.377179729087012194e-01
1.314172010336603358e-01
1.364724721227373316e-01
1.277559412909405612e-01
1.305866220167704872e-01
1.356977381344352529e-01
1.365185161786419965e-01
1.333608568779059700e-01
1.326889089707817271e-01
1.367277071944304756e-01
1.304793562740087509e-01
1.317192693906170942e-01
1.321265378168650917e-01
1.278774304581540011e-01
1.311954784074000069e-01
1.310351083853415199e-01
1.309690746877874568e-01
1.358803377619811348e-01
1.372363405036074735e-01
1.214230459715638782e-01
1.357674242130347542e-01
1.361028179526329041e-01
1.265192808849470996e-01
1.255701660577739909e-01
1.357683943850653552e-01
1.254306989056723498e-01
1.280597059854439446e-01
1.331325295780386164e-01
1.284639090299606323e-01
1.283401977270841599e-01
1.303830870560237221e-01
1.306798468743051722e-01
1.277668766145195201e-01
1.337241796510560132e-01
1.244125757366418839e-01
1.277660325701747701e-01
1.310650062348161504e-01
1.284571361861058525e-01
1.361854629857199572e-01
1.314857918769121170e-01
1.271558164485863396e-01
1.291292378945010089e-01
1.322037883635078237e-01
1.321084281163556196e-01
1.287245465708630465e-01
1.324019150010176948e-01
1.271970285368817233e-01
1.291058473289012909e-01
1.314288883336952873e-01
1.276636206145797536e-01
1.242734353457178448e-01
1.306036593658583544e-01
1.333052127489021965e-01
1.270708971257720754e-01
1.319780160806008629e-01
1.317378053707735919e-01
1.332418990454503349e-01
1.271058557821171664e-01
1.311877242156437584e-01
1.337539801107985593e-01
1.261121941996472262e-01
1.289183228675808146e-01
1.291632500610181145e-01
1.256440249936921216e-01
1.265224958104746722e-01
1.356839662683861636e-01
1.330007633992603966e-01
1.253997542496238515e-01
1.316053047776222229e-01
