3.781040273383259875e-01
1.196609473451971939e-01
8.691619908437132891e-02
7.818434768170118288e-02
7.584040824510157597e-02
7.511929798498749589e-02
7.576665376126766327e-02
6.900945392996073180e-02
7.073901968076824753e-02
6.878608249500393901e-02
6.821575532108545281e-02
6.790443779900670607e-02
6.882237747125327654e-02
7.293401398323476337e-02
6.782328595593571652e-02
7.040054678916930764e-02
6.533071842789650585e-02
6.842277241311967018e-02
6.675308030098676959e-02
6.702778031490742860e-02
6.980092161335051115e-02
6.522012166865169547e-02
6.682463056501000698e-02
6.623194766789675114e-02
6.609165845625102065e-02
6.397430481016636028e-02
6.589590543694794078e-02
6.559182449802755666e-02
6.312796578742563280e-02
6.748580821231008053e-02
6.413532762695103862e-02
6.463158977963030793e-02
6.499960900843143596e-02
6.404027669504284981e-02
6.257891567237675035e-02
6.541501158848404829e-02
6.266097769327461098e-02
6.186612260900437726e-02
6.125094437599182262e-02
6.371473518572748351e-02
6.153007516823708750e-02
6.131154779158532603e-02
7.240953882411121922e-02
6.572972523979841997e-02
6.289721164666116360e-02
6.390361814387142403e-02
6.218008639104664198e-02
6.131266968324780575e-02
6.029372143000364531e-02
6.461956138350069545e-02
6.103732489980757264e-02
6.777589835040270794e-02
6.150542463362217160e-02
6.212942915223539087e-02
6.125546604208648160e-02
6.324522492662072726e-02
6.087337714340537720e-02
6.371647371537983440e-02
6.245113908872008263e-02
6.082175481319427451e-02
6.066905875131487630e-02
6.198841811344027453e-02
6.133354926481843217e-02
6.345159954018890491e-02
6.112771232239901792e-02
6.172409883979707718e-02
6.350434461701660871e-02
6.133695504255592956e-02
6.301812156662345288e-02
6.144680446758866293e-02
6.218814320489764180e-02
6.112886632233858336e-02
6.344709173589944962e-02
6.088036256097257432e-02
6.016522052511572710e-02
6.087859274819493183e-02
6.030915428604930600e-02
6.008556016348302192e-02
6.103431043960154401e-02
6.323558230139314507e-02
5.926221785880625426e-02
6.737857140973210757e-02
6.359524829313159544e-02
5.815606698673218833e-02
6.193280036002397210e-02
6.166229829937219797e-02
6.491067681834102043e-02
6.469516318105161812e-02
5.981329490151256201e-02
6.096164596267044516e-02
5.984672183636575993e-02
6.097335621714591869e-02
5.992546987254172841e-02
6.033534996118396221e-02
5.889530908502638162e-02
5.944754457380622970e-02
5.870840512309223602e-02
5.996474826522171786e-02
6.190475134737789820e-02
6.256482651643455184e-02
