1.267565701715648308e-01
7.608126093633472975e-02
7.168479702435433254e-02
7.117299927398562653e-02
7.040464103221893977e-02
6.797367270104587300e-02
6.863568769767880440e-02
6.656004903372376991e-02
6.710346271283924857e-02
6.625145805068313742e-02
6.554616434033960770e-02
6.652718484867364834e-02
6.563275324646383746e-02
6.460897935088723287e-02
6.328496298752725457e-02
6.497835392132401966e-02
6.384740702807903401e-02
6.390219490509480016e-02
6.408429445233196353e-02
6.223688983358442728e-02
6.215008463244885151e-02
6.320246712304651571e-02
6.348932774271816293e-02
6.291921962052583750e-02
6.142632576171308534e-02
6.244031291920691673e-02
6.152591998223215508e-02
6.185385474469512479e-02
6.240203854627907054e-02
6.158215807285159771e-02
6.056071719620376853e-02
6.037698857951909193e-02
6.154249888379127037e-02
6.164084466639906112e-02
6.111555109731853230e-02
6.051306717563420534e-02
6.054138218052685511e-02
6.041020771488547075e-02
6.084392189513891658e-02
5.983018645551055337e-02
6.094893406610935732e-02
6.006438130978494772e-02
5.973796753212809452e-02
5.969454619102179671e-02
6.051271669100970196e-02
6.029570329003035994e-02
5.992865330073982727e-02
5.981166659854352669e-02
5.900544574018568023e-02
5.933401087764650361e-02
5.894527534488588905e-02
5.905784000176936277e-02
5.927751206792890998e-02
5.782432808540761277e-02
5.862584618385881241e-02
5.884216652251780116e-02
5.944113048724829901e-02
5.882612390443682504e-02
5.913723455742001672e-02
5.867434742860495878e-02
5.857406099792569765e-02
5.827467403374612248e-02
5.799554585013538821e-02
5.807056731078773931e-02
5.664208943024277854e-02
5.862144204787909929e-02
5.759932771325111667e-02
5.820208679884672498e-02
5.793435068801045668e-02
5.850566565524786822e-02
5.728939659893513003e-02
5.794307265896350007e-02
5.716516530141234342e-02
5.740188742056488713e-02
5.722848605830222618e-02
5.724375511985271836e-02
5.710661791265010667e-02
5.662065315060317572e-02
5.771981094963848924e-02
5.679848582018166836e-02
5.743168067187071069e-02
5.618838083464652161e-02
5.780146095901727427e-02
5.689800360240042376e-02
5.636200065258890196e-02
5.575962762814015011e-02
5.558352914638817199e-02
5.452635894995182947e-02
5.695149614941328459e-02
5.547645837534218721e-02
5.731079444289207542e-02
5.643200038932263962e-02
5.611733504105359538e-02
5.616618811152875729e-02
5.656012563034892165e-02
5.666212378069758471e-02
5.661852365825325445e-02
5.524362378753721464e-02
5.383377329446375342e-02
5.635119893122464418e-02
