1.725725724796454141e+00
3.570392047117154077e-01
1.577222349494695752e-01
1.183883340160051950e-01
9.293898689871032959e-02
8.682275079190730771e-02
8.040879600370923197e-02
7.835451427226265697e-02
7.505720768123864961e-02
7.239278472959995159e-02
7.000607656314969396e-02
7.402476105839013443e-02
7.019129037857055331e-02
7.507916385928789516e-02
7.060830690587560632e-02
7.623915852978825625e-02
7.146364511922001506e-02
6.816105687369902744e-02
7.621169406299789506e-02
6.664975153903165972e-02
6.615417926261822623e-02
6.985971810917059044e-02
6.602825758978723980e-02
7.103019447997212243e-02
6.842025845001141471e-02
8.582977083201209778e-02
7.111095285043120273e-02
6.700166809683044677e-02
6.541724416737755565e-02
7.116394312431414959e-02
7.369923969109852535e-02
6.999949441601832634e-02
6.846244984616835227e-02
6.961977751925588209e-02
7.155669114862879543e-02
7.287746643026669913e-02
7.071033115809162439e-02
6.675680870190263405e-02
6.775803529967863725e-02
6.552747409790754540e-02
7.054944468041260408e-02
7.256372373551130128e-02
6.858817884077628158e-02
6.831568056096633257e-02
7.663856588924924940e-02
7.473961974804600727e-02
6.431162757178147948e-02
6.653698195392886150e-02
7.009963830932974815e-02
6.759538587182760405e-02
6.531492340068022207e-02
7.800060748433072788e-02
6.488070458794634177e-02
7.068382391085227534e-02
7.416652540986735931e-02
6.825196519494056147e-02
6.697865196814140054e-02
6.566511944557229530e-02
6.662763957555095651e-02
6.278608721991379982e-02
6.133442888036370194e-02
6.533672627061605509e-02
6.718131778761744777e-02
7.049718072017033266e-02
6.573377697418134047e-02
6.539554049571355554e-02
6.750776778906583675e-02
7.987022255236904400e-02
6.535172740618387655e-02
6.556737016886472758e-02
7.827823699141542302e-02
6.907754053672154892e-02
6.447273052297532170e-02
7.101834036409854223e-02
7.026527728264531092e-02
6.611029611279567453e-02
6.704288221585254226e-02
6.257244282091657672e-02
6.527637926240761890e-02
6.232443604618310984e-02
6.174106910203894238e-02
6.179992342988650106e-02
6.248099101707339093e-02
6.102453592543800875e-02
6.142018539831042151e-02
6.913675459101796539e-02
6.301268715411424692e-02
7.379170160740614048e-02
6.496194310486316792e-02
6.319771545007825397e-02
6.055573944002389658e-02
6.469304301465550466e-02
6.779601734752456477e-02
6.467547887936234141e-02
6.204817628487944298e-02
6.434036830440163779e-02
6.392929394418994660e-02
6.463138839229941313e-02
6.484961966052651960e-02
6.205677840237815851e-02
6.303257288411259762e-02
6.163442684958378437e-02
6.439902591829498035e-02
6.541853024934729532e-02
6.200035413106282783e-02
6.885077406962712698e-02
6.174291978279749377e-02
6.014628437658151028e-02
6.071571514941751652e-02
6.032270131011804176e-02
6.504632441326975434e-02
7.178473303094506930e-02
6.710701934372385880e-02
6.609256546944379529e-02
6.247436311095953126e-02
6.736611234645048518e-02
6.896059095238646353e-02
6.815493364818393796e-02
6.437070527424415545e-02
6.807551875089605520e-02
6.558330977956454422e-02
6.635289017731944849e-02
6.479215889237821546e-02
6.104934447134534314e-02
6.051944843803842844e-02
6.776528281159699407e-02
6.453729482988516952e-02
6.150282625108957624e-02
6.074930408348639538e-02
6.157247152800360973e-02
7.026098828762769588e-02
6.711615210399031473e-02
6.163534652441739897e-02
6.224955967937906287e-02
6.088613967100778984e-02
6.000827196364601213e-02
6.624103412653009615e-02
6.454584827646613066e-02
6.406348514681060868e-02
7.426837967708706245e-02
6.558380350470542630e-02
5.990171194076537864e-02
6.546458598226308212e-02
6.983723504468798693e-02
7.382924163714051080e-02
7.077693840488791244e-02
5.940977208937207876e-02
6.215359762931863680e-02
6.351118534182509379e-02
7.611056455721457170e-02
7.578653814271092692e-02
5.973589252059658544e-02
6.440544059500098728e-02
7.257622959713140587e-02
6.307839162026841751e-02
6.359807727858424187e-02
6.347846415514747653e-02
6.813025939588746027e-02
6.971444460252920750e-02
7.083629227243364024e-02
6.476907771701613525e-02
6.473550787195563039e-02
6.049250734969973536e-02
5.961719403043388987e-02
6.573413521672288873e-02
6.047367323810855233e-02
7.414331642600396899e-02
6.173686220621069087e-02
6.552777004117767146e-02
5.981335523848732572e-02
6.163572728633880810e-02
6.160637670507033981e-02
6.000996207197507176e-02
6.165525456890463829e-02
6.362093192214766935e-02
6.205341761931777028e-02
6.290644219145179183e-02
6.125606654522319783e-02
6.580585934532184877e-02
6.217693853502472001e-02
6.313568466963867531e-02
6.454936997344096206e-02
6.011741743112603703e-02
6.698720706626773436e-02
6.722165547311305389e-02
6.522339674023290568e-02
7.131145780285198799e-02
7.175961606825391470e-02
6.143447936822970384e-02
6.092492121271789185e-02
6.704994666390121094e-02
6.379973870391647539e-02
7.139388132840394918e-02
6.593650914728640955e-02
6.466439065523445218e-02
6.783308383077382708e-02
6.096608291069666868e-02
6.176495388150215343e-02
6.360748564203580480e-02
6.199249247089028136e-02
6.247831394275029510e-02
6.320695779907206657e-02
6.140876509249210136e-02
6.583329168458779135e-02
6.823597429941097303e-02
6.609628096843758738e-02
6.750870668639739891e-02
8.344669090583919924e-02
6.436981741649408506e-02
6.217011808728178240e-02
6.245710223913192999e-02
6.688488526269793788e-02
6.171801470840970749e-02
6.241742121055722514e-02
5.883557453130682652e-02
7.160490479320287538e-02
6.447569899260997828e-02
6.149228628724813517e-02
6.121367651348312566e-02
6.305389560759067091e-02
6.387846039297680190e-02
6.452598386754591908e-02
7.008708445044854740e-02
6.058785705516735870e-02
6.097988059744238742e-02
6.501883742089073492e-02
6.058737558623154829e-02
5.850052768985430224e-02
6.044234773144126216e-02
6.094215797260403578e-02
6.045581774165233180e-02
5.955963102479775589e-02
6.141804996257026888e-02
6.449647747601071346e-02
6.169965157285332846e-02
5.971386764198541308e-02
6.458231855183839409e-02
6.452090729027987193e-02
6.016337309653560506e-02
6.917707682897647481e-02
6.219546749566991911e-02
6.084022756665945220e-02
7.052109532058238595e-02
6.590158501950403591e-02
6.077099598944186998e-02
8.191888622939585973e-02
6.391918362118303998e-02
6.144891381263732633e-02
6.699771415442228040e-02
6.372540021936098920e-02
7.336504075676203440e-02
6.171194240140417953e-02
6.804894925405581552e-02
6.499634996056556646e-02
7.036357655500372066e-02
6.228084667896231080e-02
7.232918562367558757e-02
5.993551313877105990e-02
5.833627843608459040e-02
6.512488326678674000e-02
6.199884908894697649e-02
6.006693181892235750e-02
5.958334150413672342e-02
6.150895356511076190e-02
6.372569905593991613e-02
6.673351771508653774e-02
6.290220918133854200e-02
6.848484668259818831e-02
6.467687129353483222e-02
6.283940424521763934e-02
6.711402467141548700e-02
6.438755291824539706e-02
6.878198489857216547e-02
6.202576296404004041e-02
5.971889648276070689e-02
6.909446053827802969e-02
6.557654287976523444e-02
7.171793368955453607e-02
6.275666673978169685e-02
6.439324526116252390e-02
6.181117704759041265e-02
6.140514622442424381e-02
5.885486279924710684e-02
5.953405140588680783e-02
6.097030881792307039e-02
7.282706732551257056e-02
5.843945242464542583e-02
5.893797605608900453e-02
6.354256159936388926e-02
6.394091607692341250e-02
6.033440681795278898e-02
6.901919812274476262e-02
6.275220720097422766e-02
6.867795999161899201e-02
6.176713068659107214e-02
6.400244194393356345e-02
5.974439293767015019e-02
5.912020143431921670e-02
6.127380539352695471e-02
6.008002154218653607e-02
5.866593911002079831e-02
6.765421259527405751e-02
6.023194743320346017e-02
6.352026774547994692e-02
6.097053181380033410e-02
5.971591499944527842e-02
6.483435221016406458e-02
6.104417748749255829e-02
5.747371271252631891e-02
6.647638618325193982e-02
6.034159086644649839e-02
6.863227888941764165e-02
6.067439595237374139e-02
6.223490760351220452e-02
6.807620453958709850e-02
6.227979872375726672e-02
7.696306612342596054e-02
6.258647553001840669e-02
6.570082908496260865e-02
5.957210598513484195e-02
6.144023310393095100e-02
6.002189487529297623e-02
5.821003563081224991e-02
5.822559637948870881e-02
6.389895252883434629e-02
6.714343523606658426e-02
6.249937544887264329e-02
6.195298496633767915e-02
6.051240959204733094e-02
5.932216041410962731e-02
6.694641163572669085e-02
7.120380911355217446e-02
7.060249642779430068e-02
6.238376594148576509e-02
5.855711801598469102e-02
5.867261573982735651e-02
5.995448543379704176e-02
5.922575272930165335e-02
6.397399819766481921e-02
6.262528292213877246e-02
6.052480875204006849e-02
6.520715055987238995e-02
6.500507085273662944e-02
7.030023821940024897e-02
6.001607176537315097e-02
5.922041557729244149e-02
6.184852639213204301e-02
5.846993529548247942e-02
6.641887374843159775e-02
6.928374992373088903e-02
5.930123997231324245e-02
6.484466990145544563e-02
7.505854432160655176e-02
5.801591637854774941e-02
6.583785719859103214e-02
7.127108893667657985e-02
6.282671859487891364e-02
5.825496224686503577e-02
5.916764580955107683e-02
6.057060943916439677e-02
6.078021107241511622e-02
6.152139698465665385e-02
6.227028585349519973e-02
5.670421683539946661e-02
5.873441157862543949e-02
5.912858004371324833e-02
6.599228528638680091e-02
5.995332092667619156e-02
6.425986824557185229e-02
6.922683187760413082e-02
6.352934397136171529e-02
7.114507169773180706e-02
6.484758467103043933e-02
6.488162780180573019e-02
6.174934346849719757e-02
6.371500028918186675e-02
5.864687450851003431e-02
7.355359964693586328e-02
6.648819042990604389e-02
5.944769386822978952e-02
5.767552717899282477e-02
5.728170171380043280e-02
6.785693696389595575e-02
6.740322314202785992e-02
6.196366812412937297e-02
6.099915100261568690e-02
5.793462386975685441e-02
7.198777320484320286e-02
5.897408420220017627e-02
6.126116240397095486e-02
6.782819784556826104e-02
6.356908342801034784e-02
6.080746373161673851e-02
6.015909747531016788e-02
6.070205955766141276e-02
6.006493635165194994e-02
7.001582385972142386e-02
8.095460565760731475e-02
6.642181352401772820e-02
8.712770879268645630e-02
6.229610767215490452e-02
5.932072638844450296e-02
6.503698467587430698e-02
6.148367697373032653e-02
7.034855926719804642e-02
5.936035216475526316e-02
6.354923059542973152e-02
6.192019256452719472e-02
5.800906106208761348e-02
5.993209015267590700e-02
6.519059169416625832e-02
5.683659957721829553e-02
6.548467942823966992e-02
6.300995330015818352e-02
6.043701167528828244e-02
6.241026412695646619e-02
6.115310996149977280e-02
5.833487038811047826e-02
6.134177958592772206e-02
5.829205992321173646e-02
5.770354459993540935e-02
6.066132606938481192e-02
5.807462939371665217e-02
5.666953398535649195e-02
5.815729959557453671e-02
5.918489828705787714e-02
5.960215934862693465e-02
6.010178824886679844e-02
6.472662578647335463e-02
5.838325226058562606e-02
6.425571324924628236e-02
6.459827859265108996e-02
5.885004542147120182e-02
5.971532182147105267e-02
5.950855471193790269e-02
6.232694163608054616e-02
5.807029168431957628e-02
5.983585165813565254e-02
6.430480868245164183e-02
5.915912734344601354e-02
6.206682230035463765e-02
6.478150329552591347e-02
5.859443399434288019e-02
6.031923933265109783e-02
6.295613542820016617e-02
6.185214839875698145e-02
6.455221563577652477e-02
5.863250960906346565e-02
5.837469813724358719e-02
6.068808769807219200e-02
6.196465965981284851e-02
7.597562083353598394e-02
5.791897371721764498e-02
6.190523694890241041e-02
5.912151167790095224e-02
5.898138999318083137e-02
6.037518595655759490e-02
6.874971053873499272e-02
6.107305067901810242e-02
5.798663166662057500e-02
5.624688248460491674e-02
6.264521203935145832e-02
6.093828696136673051e-02
7.142650548989573633e-02
6.467972928037246660e-02
5.984134749198953551e-02
6.894557975853482512e-02
6.106281667326887708e-02
6.791985055431723484e-02
7.159481532871722620e-02
6.559037378678719832e-02
5.880844851334889739e-02
6.665952140465378206e-02
5.867894835770130074e-02
6.332879149044554068e-02
6.100574649249514148e-02
5.876372144867976488e-02
6.360772389297683627e-02
6.196658064921697212e-02
5.853988502795497845e-02
5.969469603151082715e-02
5.795782874027888276e-02
6.602963197355468661e-02
6.323435888315240283e-02
6.225221569339434158e-02
5.895065434897939216e-02
5.960789216061432999e-02
6.566095405568679599e-02
6.576486278325319179e-02
6.087334546570976473e-02
5.990525523200631447e-02
6.095732488979895697e-02
7.828279656668503395e-02
7.492351417119304247e-02
6.645761894683042958e-02
7.180138848721981382e-02
6.061834280689557680e-02
6.622432559728622103e-02
5.762160224840044698e-02
5.878905192638436694e-02
