8.915664007266362046e-02
7.281942019859949378e-02
6.994867838091320400e-02
6.674309555027220509e-02
6.414815415110852737e-02
6.421824139025476830e-02
6.355102494772937871e-02
6.298090637558036164e-02
6.419261406279272442e-02
6.582419429388311483e-02
6.351668501479758311e-02
6.164474431425333301e-02
6.347992180122269401e-02
5.727795863317118596e-02
5.904108513560560323e-02
6.103034402347273096e-02
5.945095068050755549e-02
6.219488299555248761e-02
5.811225656006071411e-02
6.102485710548029990e-02
6.128428886748022580e-02
5.650293876727421893e-02
5.941375821000999952e-02
5.786049972391790752e-02
5.860583790474467591e-02
5.509626581850979310e-02
5.798188820481300215e-02
5.947852302342652997e-02
6.145616711841689339e-02
5.943059350053469386e-02
5.438727295647064613e-02
5.713102685080634346e-02
6.178147082941399387e-02
6.040773782879114290e-02
5.756624293410116111e-02
5.915408732576502709e-02
5.845583344085349131e-02
5.911366444908910250e-02
6.010271882017453188e-02
5.767210978600714050e-02
5.852676329927312265e-02
5.419431405348910241e-02
5.801701744397481236e-02
5.838704013990031472e-02
5.764187114934126582e-02
5.555081752439339909e-02
5.822609356707996592e-02
5.326804853975772996e-02
5.893134073250823335e-02
5.760384899460607028e-02
5.649200605435503869e-02
4.818801428708765350e-02
5.977050326764583865e-02
5.822445818533499712e-02
5.582838176439205990e-02
5.716423228796985168e-02
5.560251923484934439e-02
5.748918855355845264e-02
5.741953311694993067e-02
5.697540605647696127e-02
5.709290169179439406e-02
5.679475530568096203e-02
5.588383320719003677e-02
5.357759659075074510e-02
5.592001157088412333e-02
5.708980340924527802e-02
5.563327266524235176e-02
4.682330749928951402e-02
5.659246831718418164e-02
5.722280784199635512e-02
5.303722005337476592e-02
5.386702327264680096e-02
5.487731324715746511e-02
5.668385765618748351e-02
5.333651923057106115e-02
5.711331172949737911e-02
5.250564308630095711e-02
5.667605437338352203e-02
5.275608367390102749e-02
5.740638104163937883e-02
5.589205707526868905e-02
5.644806422707107640e-02
5.500442139390442076e-02
5.586499439345465889e-02
5.606442402220434412e-02
5.224913433194160184e-02
5.643331679619020824e-02
5.241177353180116738e-02
5.557007096293899856e-02
5.516193438735272903e-02
5.672271903604268750e-02
5.612754051884015494e-02
5.382538282622893744e-02
5.495310835540294370e-02
5.710512958467006683e-02
5.591456087099181543e-02
5.704823926919036503e-02
5.491308524376815881e-02
5.514243756317430134e-02
5.510796101556884180e-02
5.435091383341286025e-02
5.588612552318308196e-02
5.482467255658573374e-02
5.521996354477273078e-02
5.503671243786811829e-02
5.053963791579008102e-02
5.480856814732153887e-02
5.580820517821444282e-02
5.412088015841113459e-02
5.472391051136785145e-02
5.284225013520982284e-02
5.070319388889604068e-02
5.468652339445220084e-02
5.328130357795291677e-02
5.523109887209203678e-02
5.148922370539771309e-02
5.333370392521222247e-02
5.282729079739915262e-02
5.376833776632945067e-02
5.326756156153149291e-02
5.550335807104905123e-02
5.463692777686648960e-02
5.474300014062060543e-02
5.411052751458353405e-02
5.432493943307134532e-02
5.055965340385834561e-02
5.338358171284198622e-02
5.272514377203252334e-02
5.381628603984912190e-02
5.348899668703476634e-02
4.939615931361913959e-02
4.981028700454367270e-02
5.466228251655896181e-02
5.354038034048345246e-02
5.097052744693226362e-02
5.079096363236506456e-02
4.710112317568725809e-02
5.198154368748267307e-02
5.108349110103315577e-02
4.561419095844030519e-02
5.095327293707264948e-02
5.615864847269323029e-02
5.206213874949349590e-02
5.210939769943555289e-02
5.081041471825705619e-02
5.011530733770794277e-02
5.479711782601144610e-02
5.148614709162049885e-02
5.251395834816826452e-02
4.784864905393786116e-02
5.177230139573415352e-02
5.550779319471783185e-02
5.212927549663517318e-02
4.600153025239706039e-02
5.423655698282851129e-02
5.341783426702022275e-02
5.235650779472456745e-02
4.883880520032511663e-02
5.106579920070038886e-02
5.257737251619497981e-02
4.955596857600742117e-02
5.504174329754379230e-02
5.363748820705546011e-02
5.370781309902668277e-02
4.864652699066532998e-02
5.324597890592283611e-02
5.074528244634469304e-02
5.447690240624877833e-02
5.207174954315026832e-02
4.928257036954164505e-02
5.279760348300139433e-02
5.369439236819743833e-02
5.350091120021210900e-02
5.112330509970585551e-02
5.311472144805722689e-02
5.322085569302240776e-02
5.134491833547751016e-02
4.816494389540619536e-02
5.150507564345995631e-02
5.430568748464186662e-02
4.912108574062586108e-02
5.253822226077318330e-02
5.284462496638298035e-02
4.931687172502279004e-02
5.137718235039048786e-02
5.200279576496945333e-02
4.837817698717117310e-02
4.860570256908734732e-02
5.348012952340974041e-02
5.273440801021125890e-02
4.914683904498815675e-02
5.147180099868112202e-02
5.141218644049432712e-02
5.061356723308563232e-02
4.650356310109297203e-02
4.998214004768265772e-02
5.135828641553719792e-02
5.181113065530856127e-02
5.087674082153373356e-02
5.141123599476284112e-02
4.997295033600595432e-02
5.197485474248727394e-02
4.998556801842318764e-02
4.975725880099667736e-02
5.078064327438672199e-02
4.845717009156942645e-02
4.724614427735408101e-02
4.388580467138025742e-02
5.354798376146290007e-02
5.159717189768950329e-02
5.082781635638740358e-02
5.128110241558817006e-02
5.210010483860969682e-02
5.148438985149065422e-02
5.086826607584953031e-02
4.668737080776029502e-02
4.842447148015101982e-02
5.074471949289242195e-02
5.061565484437677287e-02
5.027323104441165647e-02
5.115638195226589885e-02
4.660965280814303308e-02
4.548440726680887808e-02
5.189063172373506450e-02
5.294724164737595745e-02
4.955120653741889453e-02
4.981193823946846594e-02
5.256552257471614614e-02
5.166540458384487333e-02
5.037034033901161695e-02
5.064144593973954334e-02
4.978166624075836683e-02
4.835861321124765300e-02
5.063335504382848740e-02
4.989048844824234968e-02
5.247379121267133073e-02
4.783076614969306722e-02
5.005750327060620036e-02
5.243793036788702011e-02
4.826040414886342139e-02
4.897728754828373915e-02
5.103538487520482836e-02
4.622910583598745932e-02
4.662653418878714290e-02
5.064749879141648703e-02
4.245930607948038282e-02
5.096158523940377827e-02
5.175461081994904566e-02
4.435905085669623188e-02
5.242825529227654324e-02
4.405030910339620409e-02
5.286356347302596098e-02
4.677944785604874062e-02
4.995189218057526775e-02
5.004162254432837492e-02
4.753548008286290899e-02
4.571582724650700980e-02
5.187943008624845004e-02
5.251763282964626994e-02
4.987856586360268907e-02
5.140124534567196840e-02
4.953965213563707448e-02
4.967760058740774975e-02
5.001248340639802975e-02
4.981381704823838186e-02
4.729312645892302241e-02
5.131388194859028140e-02
4.760380203111304331e-02
4.824834372848272462e-02
4.691722697267929759e-02
4.905780980156527332e-02
4.835146588997708134e-02
4.714982099831104001e-02
4.924388345744874773e-02
4.953054419408241954e-02
4.756180147329966412e-02
4.749884766836961342e-02
4.673253804859187760e-02
5.068470576985014547e-02
4.824952719112237526e-02
4.631087285363012090e-02
4.707872981412543345e-02
5.030428187714682670e-02
5.083533037039968810e-02
4.869727703432242399e-02
4.318357861290375577e-02
5.135379100425375987e-02
5.099373470164007827e-02
4.890318914420074825e-02
4.643033022681872235e-02
5.013745416783624287e-02
4.140510147230492405e-02
4.556944864905542597e-02
4.687188160088327088e-02
4.981769418550862499e-02
5.228153634816408435e-02
5.040502490268813224e-02
4.987768456339836121e-02
4.825761254049009547e-02
4.405409608864122029e-02
5.048900606731573926e-02
4.851329450805982185e-02
4.996536643140846168e-02
4.205938883953624224e-02
5.052325216432412142e-02
5.069304903348286623e-02
4.677637800988224126e-02
5.067192456788487120e-02
4.961757914473612779e-02
4.627942620880073910e-02
4.985583130684163866e-02
4.747759391450219468e-02
4.896665513515472551e-02
4.875072673377063570e-02
4.366358891129493852e-02
4.978293070776595303e-02
3.776307163967026342e-02
4.970477809094720617e-02
4.974157812280787655e-02
4.948759190738201419e-02
4.948302939948108492e-02
4.906818709439701720e-02
4.955416029940049039e-02
4.959083791408273878e-02
4.675056050635046506e-02
4.856788029687272162e-02
4.856434818357228955e-02
4.745910037308931351e-02
5.088982226120101343e-02
4.613134057985411596e-02
4.688818620310889612e-02
4.109629690647124967e-02
4.172500063561730699e-02
4.841745210190614296e-02
5.109751942671007796e-02
4.941585591683785028e-02
5.005857358790106321e-02
4.662289170341359090e-02
4.839456818170017466e-02
4.865619057996405789e-02
4.870131313800811490e-02
4.640006770690282417e-02
5.003778797884782248e-02
4.529995084222820240e-02
4.938208549800846003e-02
5.002666314442952289e-02
4.867670585711796755e-02
4.990333869225448832e-02
4.147751316842105546e-02
4.627208794570631528e-02
5.042210833893882166e-02
4.223486909435855002e-02
4.431801067872179895e-02
4.883494925581746693e-02
4.392103728734784995e-02
4.441769497676028439e-02
4.998410356541474475e-02
5.074903998110029402e-02
4.954449623409244718e-02
4.761458840221166611e-02
4.785044309165742416e-02
4.327698153340154424e-02
4.684670348134305912e-02
4.936739868587917968e-02
4.888375612596670972e-02
4.767412019686566305e-02
4.229786563664674620e-02
4.878064331909020418e-02
4.848685090740521841e-02
4.276393728537691841e-02
4.866611266301738153e-02
4.598269123170110884e-02
4.717435602926545873e-02
4.925683339436848912e-02
5.097971086700757437e-02
4.829694697012503618e-02
4.956865548673602961e-02
4.344841161121924811e-02
4.719535503536462923e-02
4.855612292885780334e-02
4.980146384073628335e-02
4.869284416652387704e-02
4.498774651437997818e-02
4.094531693392329530e-02
4.760076838235060420e-02
4.914401682714621133e-02
4.949219644897513704e-02
4.280426433930794444e-02
4.994471950663460780e-02
4.867588647951682362e-02
4.352969175411595254e-02
4.718605118493238854e-02
4.662919087956349240e-02
4.732378025849660191e-02
4.729060524453719550e-02
4.749145985891421728e-02
4.588682806740204678e-02
3.975640347020493320e-02
4.898376862208048826e-02
3.474831620438231100e-02
4.624309301790263671e-02
4.892538721776670818e-02
4.645774196833372255e-02
4.554235736529032436e-02
4.562326413061883884e-02
4.945730395201179685e-02
4.518441913856400399e-02
4.914862078924973898e-02
4.953132567720280877e-02
4.923196389443344756e-02
4.644588863270149998e-02
4.853050421095556760e-02
4.530028357274002576e-02
4.877599734399053893e-02
4.838090073317289491e-02
4.859396132330099510e-02
4.630234883063369389e-02
4.891086804370085167e-02
4.796431188782056265e-02
4.963153366827302571e-02
4.908484446091784109e-02
4.623701073643234072e-02
4.841888685607247805e-02
4.889039244088861508e-02
4.936580279221137318e-02
4.830842220948802085e-02
4.757211992724074551e-02
4.895124201559358096e-02
4.626502856198284191e-02
4.922180047465695568e-02
4.762109102060397420e-02
4.542855508625507494e-02
4.875754908555084144e-02
4.835183951589796386e-02
4.890797839810450548e-02
4.619857391549481163e-02
4.905803698218531156e-02
4.867850461353858543e-02
4.795935315390428139e-02
4.899518094542953950e-02
4.822535976353618803e-02
4.510084974269071983e-02
4.993793134474092121e-02
4.621846849719683098e-02
4.382054234544436461e-02
4.822450880375173110e-02
4.737144894897937775e-02
4.876437696317831999e-02
4.781895110176669073e-02
4.637980661872360272e-02
4.475546975930531912e-02
4.198264587256643476e-02
4.944809573805994396e-02
4.536128607061173934e-02
4.868664137191242719e-02
4.869833704498079119e-02
4.730426017194986482e-02
4.579727008110946740e-02
4.755235525468985008e-02
4.741495609697368718e-02
4.711016294442944841e-02
4.758806106530957813e-02
4.806459993124008456e-02
4.432689588930871505e-02
4.608527763436238295e-02
4.593624520219034835e-02
4.123961041784948711e-02
4.776050858199596544e-02
4.307857731150255970e-02
4.337941012862656098e-02
4.564591319196754232e-02
4.873983940730492598e-02
4.263694431218836151e-02
4.785381613506211468e-02
4.448385737422439618e-02
4.604029595437977157e-02
4.788126214924785795e-02
4.635234321984979533e-02
4.665084849629137081e-02
4.803700689226388792e-02
4.777574278414249698e-02
4.535691229005654745e-02
4.142416442433993068e-02
4.534019709875185961e-02
4.500305309063858117e-02
4.782317777474721227e-02
4.690396166923973403e-02
4.591664162774880542e-02
4.744555850823720111e-02
4.629582969678772836e-02
4.588824779623084521e-02
4.677925022939841138e-02
3.762068580836057385e-02
4.111406765878200531e-02
4.709924484292666441e-02
4.128928443209992777e-02
4.768795232392019495e-02
4.436495422075192180e-02
4.778948281374242879e-02
4.785321996443801795e-02
