2.326036657094955551e+00
1.653107460737228473e+00
1.524468673467636037e+00
1.460201508998870912e+00
1.407444199323654166e+00
1.368980207443237340e+00
1.343218083381652939e+00
1.322050437927246191e+00
1.300009025335311819e+00
1.283760956525802577e+00
1.270191352367401105e+00
1.247236512899398742e+00
1.248662723302841115e+00
1.230079759359359759e+00
1.230553083419799743e+00
1.219098492860793970e+00
1.209649274349212655e+00
1.203971922397613525e+00
1.197179874181747428e+00
1.187474975585937509e+00
1.187901414632797303e+00
1.172770364284515310e+00
1.176144092082977322e+00
1.169850376844406181e+00
1.169931039810180762e+00
1.160499304533004761e+00
1.157118555307388386e+00
1.155194293260574323e+00
1.148627629280090323e+00
1.150116060972213639e+00
1.146386748552322477e+00
1.143157606124877823e+00
1.134408128261566118e+00
1.137684049606323189e+00
1.132980629205703638e+00
1.135491554737090958e+00
1.129917150735855191e+00
1.126577813625335711e+00
1.123552536964416593e+00
1.125649154186248779e+00
1.121831640005111597e+00
1.116493444442749006e+00
1.119095393419265783e+00
1.118255956172943044e+00
1.114795615673065177e+00
1.110720261335372827e+00
1.109591677188873193e+00
1.110621328353881943e+00
1.108087481260299656e+00
1.103873353004455549e+00
1.103938690423965419e+00
1.101562600135803205e+00
1.102882561683654838e+00
1.099639092683792008e+00
1.098086999654769969e+00
1.094367387294769234e+00
1.095722448825836137e+00
1.094612170457839984e+00
1.095058027505874554e+00
1.090307517051696706e+00
1.087305103540420426e+00
1.092242242097854588e+00
1.091643621921539298e+00
1.089231317043304337e+00
1.085122200250625557e+00
1.087746195793151793e+00
1.078996952772140583e+00
1.080940703153610238e+00
1.083865680098533568e+00
1.079753903150558525e+00
1.080496191978454590e+00
1.083026715517044103e+00
1.077120320796966624e+00
1.079903869628906277e+00
1.069881255626678573e+00
1.076426410675048739e+00
1.070918857455253503e+00
1.073891934156417927e+00
1.071973046064376822e+00
1.073069962263107247e+00
1.076639035940170297e+00
1.070351322293281449e+00
1.071481907367706210e+00
1.069027663469314549e+00
1.070665125250816363e+00
1.068856809735298175e+00
1.070367931723594568e+00
1.067077142000198320e+00
1.062224779129028240e+00
1.066993911266326922e+00
1.064098045229911804e+00
1.064959529042244002e+00
1.065060402154922592e+00
1.065087735652923584e+00
1.063375391364097533e+00
1.063285270333290011e+00
1.057935495972633255e+00
1.061910756230354247e+00
1.061861677169799734e+00
1.061836109161377051e+00
1.058799936771392725e+00
1.059769086837768493e+00
1.057225155830383345e+00
1.058652108907699674e+00
1.056006272435188187e+00
1.057620450258254907e+00
1.054679982662200866e+00
1.057609876990318387e+00
1.051807631254196185e+00
1.056268512010574367e+00
1.056442623138427628e+00
1.053102885484695328e+00
1.050549216866493163e+00
1.053615239262580827e+00
1.052725691199302593e+00
1.053258384466171371e+00
1.054154794812202534e+00
1.049795781373977555e+00
1.045370296835899326e+00
1.052122710943222073e+00
1.049835466742515599e+00
1.044909847378730827e+00
1.047834144830703806e+00
1.049865067601204016e+00
1.052288168072700536e+00
1.048441098928451609e+00
1.046602798104286247e+00
1.045098179578781039e+00
1.046468493342399553e+00
1.045341359972953743e+00
1.046886755824089077e+00
1.044518522024154628e+00
1.040221433043480026e+00
1.043626570701599032e+00
1.040698389410972702e+00
1.040966972112655542e+00
1.044602938294410643e+00
1.044191175103187597e+00
1.039585821032524171e+00
1.044681845903396633e+00
1.042206410765647906e+00
1.040971723794937187e+00
1.038630294203758186e+00
1.043740321993827713e+00
1.041018006801605278e+00
1.039616427421569789e+00
1.039712182283401454e+00
1.039598911404609582e+00
1.039042183160781896e+00
1.038554079532623353e+00
1.037015169858932495e+00
1.035662464499473634e+00
1.039327399730682444e+00
1.036751412749290502e+00
1.037064254283905029e+00
1.029244392514228723e+00
1.042850311994552692e+00
1.036226070523261988e+00
1.033904311656951958e+00
1.037564935684204048e+00
1.034437326788902212e+00
1.033175928592681814e+00
1.033829293847084108e+00
1.034864958524704059e+00
1.037748774886131375e+00
1.035575106143951318e+00
1.034025012850761316e+00
1.034559599757194581e+00
1.032749683260917761e+00
1.033983383774757403e+00
1.034322402477264369e+00
1.033080567121505755e+00
1.031695675849914506e+00
1.032438427805900671e+00
1.035248418450355423e+00
1.027484958767890921e+00
1.033106604218482882e+00
1.031208025217056345e+00
1.028828685283660782e+00
1.032965978384017935e+00
1.031252420544624293e+00
1.029878250956535402e+00
1.027918858528137136e+00
1.031251794695854151e+00
1.027979593276977521e+00
1.029178214669227653e+00
1.027511471509933383e+00
1.029750578999519384e+00
1.031416923999786350e+00
1.029615133404731653e+00
1.029651972055435127e+00
1.024727821946144202e+00
1.031214250922203091e+00
1.024176559448242152e+00
1.027616574168205288e+00
1.027137340307235691e+00
1.026453658342361352e+00
1.028512503504753095e+00
1.025303946733474802e+00
1.025672129392623866e+00
1.025185379981994549e+00
1.024080244302749687e+00
1.021152229309082005e+00
1.027709038853645396e+00
1.026302240490913453e+00
1.024328969120979371e+00
1.026629651784896957e+00
1.022547965049743546e+00
1.020944250226020866e+00
1.021796038746833890e+00
1.026365299224853533e+00
1.021323190927505564e+00
1.021642412543296796e+00
1.024548621773719859e+00
1.024347942471504291e+00
1.020835971832275479e+00
1.018275173306465220e+00
1.023219536542892438e+00
1.022176587581634433e+00
1.027355026602745136e+00
1.020975039601325962e+00
1.019818811416626003e+00
1.019033059477806091e+00
1.020292702317237898e+00
1.022327622771263211e+00
1.021235750913620066e+00
1.019483314156532261e+00
1.017098981738090435e+00
1.018650138378143222e+00
1.016380091905593863e+00
1.017641789913177552e+00
1.021907878518104607e+00
1.021786355972289950e+00
1.018643867969512895e+00
1.013384505510330102e+00
1.020778936743736320e+00
1.021028615832328734e+00
1.018867517113685617e+00
1.020431489348411658e+00
1.017114849686622691e+00
1.013407145142555255e+00
1.022217319011688330e+00
1.019385679364204433e+00
1.020023679137229911e+00
1.019932060837745569e+00
1.012648968100547719e+00
1.018334252834319997e+00
1.019865316748619133e+00
1.015867979526519749e+00
1.019668627977371234e+00
1.017890380620956492e+00
1.013876636028289813e+00
1.016024494767189035e+00
1.019776058793067985e+00
1.015966818332672217e+00
1.012346296310424831e+00
1.016113778352737418e+00
1.015022172927856348e+00
1.017013997435569861e+00
1.015842432975769150e+00
1.011953201889991716e+00
1.017055789828300583e+00
1.013940187096595835e+00
1.011888319849967965e+00
1.015704416036605773e+00
1.015610546469688513e+00
1.015554128289222646e+00
1.014413980841636587e+00
1.012925195693969771e+00
1.009051405191421447e+00
1.012876055240631068e+00
1.014415954947471610e+00
1.014563158154487610e+00
1.015645704865455690e+00
1.012799589633941677e+00
1.014075305461883625e+00
1.008356527090072730e+00
1.013808459043502808e+00
1.015805479288101276e+00
1.010130381584167569e+00
1.011460043191909852e+00
1.015463176965713421e+00
1.007974897027015704e+00
1.009037714600563129e+00
1.011647191047668537e+00
1.008133776187896791e+00
1.014258941411972037e+00
1.007323959469795138e+00
1.011201295852661053e+00
1.012278961539268440e+00
1.012036929130554208e+00
1.014171230792999312e+00
1.011997279524803117e+00
1.010462185740470975e+00
1.011096673607826180e+00
1.010661161541938746e+00
1.011701369881629953e+00
1.008927674889564585e+00
1.007234952449798548e+00
1.008047800064086896e+00
1.009860026240348763e+00
1.014864284992218035e+00
1.011630464196205059e+00
1.008713351488113474e+00
1.007015374898910576e+00
1.012549079656601014e+00
1.013004636764526456e+00
1.015427785515785164e+00
1.011750087141990662e+00
1.012079364657402003e+00
1.010029222965240558e+00
1.008063391447067358e+00
1.010517658591270518e+00
1.008224331736564672e+00
1.009359305500984183e+00
1.012787715792655918e+00
1.008956028223037649e+00
1.007376206517219597e+00
1.004398248195648158e+00
1.009081466794014004e+00
1.007596645951271075e+00
1.000814634561538741e+00
1.009922642111778179e+00
1.005860950350761396e+00
1.005123785138130277e+00
1.004045987725257882e+00
1.010479196906089783e+00
1.008665177226066634e+00
1.007784942984581100e+00
1.007500704526901325e+00
1.007525771260261438e+00
1.008866719007492030e+00
1.001916799545288006e+00
1.009956870079040447e+00
1.008340819478035000e+00
1.004114748835563731e+00
1.001375107169151235e+00
1.004867495298385593e+00
1.009187793135642996e+00
1.005067196488380388e+00
1.001827455759048524e+00
1.006413204669952322e+00
1.003717815876007169e+00
1.008153068423271126e+00
1.003907142877578762e+00
1.004135993123054460e+00
1.004523388147354090e+00
1.004466206431388953e+00
1.007733255028724573e+00
1.008321527838706988e+00
1.004816467165946969e+00
1.005026388168335005e+00
1.005888817906379629e+00
1.006414569616317811e+00
1.000262633562088110e+00
1.002731249928474400e+00
1.004911078214645315e+00
1.004385728836059588e+00
1.004765921831130893e+00
1.001541509628295801e+00
1.001799620389938417e+00
1.001328788399696412e+00
1.003934246897697502e+00
1.003480575084686244e+00
1.001113443970680139e+00
1.006933293938636842e+00
1.001045444011688268e+00
1.003375467061996540e+00
1.001857593655586243e+00
1.006510149240493757e+00
1.003162075281143206e+00
1.001148777008056712e+00
1.000823113918304363e+00
1.001415437459945768e+00
9.999551039934158059e-01
1.003272697329521179e+00
1.004097027182579094e+00
9.999711525440215798e-01
1.002449583411216816e+00
1.004284318089485151e+00
1.004749866724014229e+00
1.004362309575080880e+00
1.000909819006919887e+00
1.000890089869499233e+00
1.002284442186355484e+00
1.005045747756958097e+00
1.002969152331352198e+00
1.001938480138778731e+00
1.001198495030403146e+00
9.977229094505309925e-01
1.003810749053955176e+00
1.002426143884658893e+00
1.001773346066474835e+00
9.984695047140121904e-01
1.003078609108924768e+00
1.002062511444091752e+00
1.002294209003448566e+00
1.003007248640060523e+00
1.002098976373672512e+00
9.999381667375564220e-01
1.000962857007980267e+00
1.000117511749267551e+00
1.005151102542877206e+00
9.988480854034423873e-01
1.003681916594505230e+00
9.966614985466003551e-01
9.991292268037795798e-01
1.000684044957161012e+00
9.976581078767776667e-01
9.991520315408706221e-01
1.000831007957458496e+00
1.000082351565360961e+00
9.975804632902145475e-01
1.002562286853790230e+00
1.000070028305053649e+00
9.996098303794860307e-01
9.974018400907516124e-01
9.988664078712463645e-01
9.986788523197174250e-01
9.961991631984710160e-01
1.000751580595970136e+00
1.000386452078819266e+00
9.961583757400512829e-01
9.977930670976639105e-01
9.963729625940322965e-01
9.979591244459151689e-01
9.981000208854675648e-01
9.966598832607269642e-01
9.998158860206604048e-01
9.996125638484955056e-01
9.971483838558197199e-01
9.978905487060546475e-01
1.001616290807723963e+00
9.955421257019042569e-01
9.992385876178740967e-01
9.903488945960998713e-01
9.938914716243744119e-01
1.000595348477363533e+00
9.974330800771713523e-01
9.931188595294951904e-01
1.000090909004211381e+00
9.992110109329224166e-01
9.944818663597106978e-01
9.988960814476013361e-01
9.962292915582656727e-01
9.982685738801956310e-01
9.978039330244063976e-01
9.945602840185165938e-01
9.965179532766341719e-01
9.953699070215225042e-01
9.946313172578811201e-01
9.976923197507858720e-01
9.949751132726669667e-01
9.971360075473785223e-01
9.958720678091048661e-01
9.953447729349136353e-01
9.958361202478408503e-01
9.903161162137985585e-01
9.964867424964904963e-01
9.898171460628509832e-01
9.929432988166808638e-01
9.977348929643631292e-01
9.906855028867721513e-01
9.900144457817077193e-01
9.982482337951660289e-01
9.970342731475829723e-01
9.912595623731612626e-01
9.974866783618927535e-01
9.935189974308014094e-01
9.971101462841034380e-01
9.902389246225357100e-01
9.951752555370331210e-01
9.967666798830032704e-01
9.981867665052414074e-01
9.955627107620239613e-01
9.930018877983093351e-01
9.965165114402770863e-01
9.936054861545562389e-01
9.934996795654297275e-01
9.928012883663177579e-01
9.938086241483687910e-01
9.958604156970978227e-01
9.970214897394180653e-01
9.901997798681259066e-01
9.945552045106887951e-01
9.945823752880096347e-01
9.925796556472777921e-01
9.889771771430969638e-01
9.940780049562454312e-01
9.924919307231903076e-01
9.926495623588561523e-01
9.895425444841384754e-01
9.929365366697311401e-01
9.929031741619109841e-01
9.923124152421951560e-01
9.940566545724869307e-01
9.975832146406173884e-01
9.918664044141769498e-01
9.957232654094696489e-01
9.931700640916824030e-01
9.906655389070511131e-01
9.935395735502242642e-01
9.872733116149902122e-01
9.895104658603668391e-01
9.962475907802581521e-01
9.979942733049392833e-01
9.959892094135284202e-01
9.927082347869873313e-01
9.924033647775649669e-01
9.887072622776031938e-01
9.954597389698028875e-01
9.917159408330917802e-01
9.929354566335678589e-01
9.926075345277786122e-01
9.904100704193115057e-01
9.944343107938766746e-01
9.930160492658615112e-01
9.900917977094649824e-01
9.927504068613052235e-01
9.926437711715698775e-01
9.920210689306259155e-01
9.924617075920104670e-01
9.909350472688674971e-01
9.939738237857818071e-01
9.940577280521393222e-01
9.902254867553711426e-01
9.884734708070754827e-01
9.918057620525360107e-01
9.939723843336105702e-01
9.941196256875991510e-01
9.912971264123916493e-01
9.902663278579711958e-01
9.888918322324752319e-01
9.959771353006362515e-01
9.880944317579269942e-01
9.928415328264236228e-01
9.927338808774948120e-01
9.881309676170348943e-01
9.941773313283920332e-01
9.913914906978607000e-01
9.935524153709411888e-01
9.917970550060272172e-01
9.928053808212280451e-01
9.903087532520293834e-01
9.908974516391754195e-01
9.905348885059356290e-01
9.919736522436142234e-01
9.874899041652679399e-01
9.943481642007827581e-01
9.869064778089523537e-01
9.929063987731933105e-01
9.862243872880935847e-01
9.925628441572189598e-01
9.906038177013397616e-01
9.874346035718918335e-01
9.892941141128539506e-01
9.906800359487533125e-01
9.887630325555801791e-01
9.921051549911499290e-01
9.902527147531509089e-01
9.876171946525573730e-01
9.918122589588165283e-01
9.885771512985229714e-01
9.873689985275269088e-01
9.910901737213134721e-01
9.913183760643005105e-01
9.918712216615677146e-01
9.864296531677245738e-01
9.890519821643829479e-01
9.908387732505797851e-01
9.897501873970031561e-01
9.914793515205383434e-01
9.916785311698913530e-01
9.894364905357361240e-01
9.898681771755218906e-01
9.898804372549057096e-01
9.895170861482620595e-01
9.903771078586578458e-01
9.889732956886291282e-01
9.885597205162048873e-01
9.931706571578979847e-01
9.885044503211974920e-01
9.915633982419967962e-01
9.899217849969863536e-01
9.856534695625305265e-01
9.895898890495300471e-01
9.912099653482436823e-01
9.916246676445007457e-01
9.887795239686966164e-01
9.886532163619995428e-01
9.889996993541717574e-01
9.875001716613769354e-01
9.909237128496170000e-01
9.876010560989380016e-01
9.875608664751053256e-01
9.900649559497832763e-01
9.867197591066360074e-01
9.876400995254516202e-01
9.857699263095855979e-01
9.898704636096954390e-01
9.863835757970810247e-01
9.864447218179702714e-01
9.906103801727295100e-01
9.864219123125076427e-01
9.875006163120270131e-01
9.852343577146530640e-01
9.855555647611617953e-01
9.888426333665847334e-01
9.893679314851760997e-01
9.876155585050583330e-01
9.894763052463531050e-01
9.868648743629455655e-01
9.906836044788360773e-01
9.884199625253677901e-01
9.893992924690246937e-01
9.879960918426513583e-01
9.871599489450454401e-01
9.873782926797867177e-01
9.875379049777984752e-01
9.881855416297912198e-01
9.831646925210952848e-01
9.906681513786316229e-01
9.874094384908675970e-01
9.894257593154907049e-01
9.864623981714248924e-01
9.883521103858947665e-01
9.893113964796066417e-01
9.848772627115249811e-01
9.853912967443466675e-01
9.877188450098037809e-01
9.870898342132568004e-01
9.865266627073288053e-01
9.877146482467651367e-01
9.908841437101364447e-01
9.857926344871521529e-01
9.840704834461212469e-01
9.845151549577713102e-01
9.907214194536209106e-01
9.864392405748367842e-01
9.863202476501464755e-01
9.801957279443740401e-01
9.863246196508407282e-01
9.850334012508392689e-01
9.825177580118179543e-01
9.884408521652221502e-01
9.859314131736754971e-01
9.852859449386596191e-01
9.854524320363998724e-01
9.893660378456116122e-01
9.860013270378112926e-01
9.851898020505904796e-01
9.860911983251571256e-01
9.886403137445449740e-01
9.897649604082107144e-01
9.887901103496551380e-01
9.901279807090759277e-01
9.847158753871917414e-01
9.834293031692504794e-01
9.877321171760559126e-01
9.874290746450423706e-01
9.843976300954818681e-01
9.897957020998000566e-01
9.874900400638579878e-01
9.824301803112029940e-01
9.886352562904358043e-01
9.832989162206650091e-01
9.856354492902755782e-01
9.852074146270751731e-01
9.832397234439850253e-01
9.853256958723067838e-01
9.889383649826050116e-01
9.861083441972732233e-01
9.846102094650268644e-01
9.859636116027832298e-01
9.843593978881836071e-01
9.823926514387131270e-01
9.846673876047133955e-01
9.847175121307373269e-01
9.833429139852524203e-01
9.855022734403610096e-01
9.850362050533294500e-01
9.852592337131500511e-01
9.865925061702728316e-01
9.833301323652267056e-01
9.859887844324112249e-01
9.841501241922379073e-01
9.878864145278930531e-01
9.857840615510941040e-01
9.814966434240340876e-01
9.871638178825378196e-01
9.858303159475326760e-01
9.850549495220184415e-01
9.838893032073974254e-01
9.857262969017028809e-01
9.866730183362960593e-01
9.857198280096054477e-01
9.831372791528701915e-01
9.843369209766388295e-01
9.839074939489365068e-01
9.857788872718811213e-01
9.843297630548477617e-01
9.817598301172256736e-01
9.855133867263794478e-01
9.814986312389373246e-01
9.856631839275360463e-01
9.854926747083664340e-01
9.867989844083786544e-01
9.833864694833756026e-01
9.857472693920135143e-01
9.846020054817199441e-01
9.853527575731277910e-01
9.832379859685898005e-01
9.807631450891495239e-01
9.831406277418136552e-01
9.823138999938965110e-01
9.834725540876388949e-01
9.846062171459197820e-01
9.837828683853149236e-01
9.844876778125762895e-01
9.860010278224945468e-01
9.829623413085937234e-01
9.812522703409194413e-01
9.815622329711913840e-01
9.842106622457503784e-01
9.830651652812957275e-01
9.824489337205887241e-01
9.861236101388931585e-01
9.840763610601425126e-01
9.804164439439773115e-01
9.858497631549835161e-01
9.800571048259735241e-01
9.786441904306412143e-01
9.800096815824508312e-01
9.807642531394958896e-01
9.851110345125198009e-01
9.817530584335326660e-01
9.846305775642395508e-01
9.791190254688263428e-01
9.865581941604614213e-01
9.828005182743072554e-01
9.810150802135467751e-01
9.754324829578400191e-01
9.828692203760147628e-01
9.829441040754318681e-01
9.842836886644363847e-01
9.817803108692169101e-01
9.823316937685012684e-01
9.802686703205109042e-01
9.822886729240417614e-01
9.846657359600067272e-01
9.758052885532378928e-01
9.862830638885498047e-01
9.798314714431762829e-01
9.812970000505447654e-01
9.808956784009933427e-01
9.842946070432663230e-01
9.826918977499008445e-01
9.800321489572525469e-01
9.791541999578475819e-01
9.814807355403900591e-01
9.845120584964752730e-01
9.816393303871154830e-01
9.824538522958755626e-01
9.780881178379058349e-01
9.822207367420197066e-01
9.815859729051590321e-01
9.824188923835754927e-01
9.818199628591537387e-01
9.822155225276947288e-01
9.862899267673492787e-01
9.813949418067932084e-01
9.788712948560714944e-01
9.842357337474822998e-01
9.807609432935714411e-01
9.815000599622726307e-01
9.805439865589141712e-01
9.846806812286377220e-01
9.825026702880859109e-01
9.839457088708877253e-01
9.803780817985534579e-01
9.823483115434646917e-01
9.822875481843947876e-01
9.819422531127929288e-01
9.824585264921188443e-01
9.783311480283737316e-01
9.824919188022613881e-01
9.798088222742080688e-01
9.804358083009719893e-01
9.809660214185714766e-01
9.833139544725417736e-01
9.828552269935607599e-01
9.775386792421341120e-01
9.819697630405426203e-01
9.822926211357116966e-01
9.792733639478683472e-01
9.823847508430481046e-01
9.791098541021346913e-01
9.812253832817077193e-01
9.837736827135086237e-01
9.812642908096314009e-01
9.791476535797118963e-01
9.815395027399063110e-01
9.757076090574264837e-01
9.815639394521713523e-01
9.826172387599945157e-01
9.797791850566863747e-01
9.788320904970169156e-01
9.794519549608230458e-01
9.795028001070023027e-01
9.808817523717879849e-01
9.801238399744033325e-01
9.808326846361160589e-01
9.815544337034225464e-01
9.835350662469863892e-01
9.822687458992004350e-01
9.796098417043686002e-01
9.787378495931625677e-01
9.823531413078308017e-01
9.819562757015227739e-01
9.805824238061905396e-01
9.803433007001877142e-01
9.811122071743011430e-01
9.769673395156860396e-01
9.818601953983306929e-01
9.797193020582198875e-01
9.785479670763015392e-01
9.784541404247284468e-01
9.808170890808105558e-01
9.805049371719359863e-01
9.842471444606780695e-01
9.805550724267959595e-01
9.842418354749679077e-01
9.801010322570801181e-01
9.806884598731994140e-01
9.824783593416214211e-01
9.827970016002655074e-01
9.823533588647842540e-01
9.778190267086028786e-01
9.770468205213547197e-01
9.777147024869918823e-01
9.771031814813614380e-01
9.838230019807815419e-01
9.789424413442611161e-01
9.792187184095382246e-01
9.788513565063476918e-01
9.795558547973632901e-01
9.793758785724639981e-01
9.788651269674301103e-01
9.797291028499602872e-01
9.754972600936889782e-01
9.815879619121551380e-01
9.785162860155105502e-01
9.783359181880950661e-01
9.792722553014755471e-01
9.795253247022628340e-01
9.806325137615203857e-01
9.800844228267669989e-01
9.821596944332122714e-01
9.791739851236342940e-01
9.761572444438934015e-01
9.781044679880142034e-01
9.825938010215758966e-01
9.812686711549758467e-01
9.825145673751830566e-01
9.820318019390106290e-01
9.756683027744292858e-01
9.799870938062668069e-01
9.772928905487060502e-01
9.816965323686599465e-01
9.773777151107787553e-01
9.810851734876632202e-01
9.788460361957550537e-01
9.829842418432235274e-01
9.804426413774490756e-01
9.791120517253876221e-01
9.821636849641799394e-01
9.793761372566223145e-01
9.767529296875000488e-01
9.789107578992843894e-01
9.780971550941467418e-01
9.790660172700882402e-01
9.784461712837219105e-01
9.825943011045455977e-01
9.805119800567626553e-01
9.764630550146102816e-01
9.789978259801864757e-01
9.815788894891739336e-01
9.746426540613174483e-01
9.810087138414382846e-01
9.816568046808242798e-01
9.819603735208510820e-01
9.805374789237976119e-01
9.786117273569107100e-01
9.804404610395431874e-01
9.758854538202286211e-01
9.782074677944183616e-01
9.794082909822463545e-01
9.794812816381454068e-01
9.796836614608764870e-01
9.807811129093170210e-01
9.765074974298477706e-01
9.768419569730758534e-01
9.801799607276916459e-01
9.760426002740859586e-01
9.805289697647094904e-01
9.783531820774078458e-01
9.785844397544860573e-01
9.798081213235855236e-01
9.750632834434509455e-01
9.766378599405288741e-01
9.793705064058303433e-01
9.777782672643661188e-01
9.768079066276550426e-01
9.771310454607009532e-01
9.811384320259094460e-01
9.752215856313705133e-01
9.752451640367507668e-01
9.757104557752609431e-01
9.792965215444564553e-01
9.800114041566848622e-01
9.759992820024490090e-01
9.759176898002625000e-01
9.744122010469437045e-01
9.776682293415069891e-01
9.734095817804336859e-01
9.770746600627898681e-01
9.762989157438277665e-01
9.785384118556976762e-01
9.778302854299545377e-01
9.772610068321228027e-01
9.810208374261856212e-01
9.774306833744048628e-01
9.794741082191467108e-01
9.769965285062789384e-01
9.793922477960586015e-01
9.738942819833755760e-01
9.757264286279678789e-01
9.769041144847869784e-01
9.727981650829314875e-01
9.790772271156310547e-01
9.768701392412185713e-01
9.801625275611877131e-01
9.762820351123809859e-01
9.755461382865905362e-01
9.775813168287277310e-01
9.760542851686477839e-01
9.768307727575301636e-01
9.763915812969208297e-01
9.817065870761871871e-01
9.770185554027557284e-01
9.770226579904556230e-01
9.733704948425292436e-01
9.759106755256652388e-01
9.800260156393051370e-01
9.759152483940124467e-01
9.769589686393738148e-01
9.764598917961120339e-01
9.769207006692885997e-01
9.777214586734771506e-01
9.784897327423095481e-01
9.760521018505096125e-01
9.768022114038467096e-01
9.808512824773788497e-01
9.775334817171096313e-01
9.761544454097748069e-01
9.772855865955353272e-01
9.808758568763732422e-01
9.785046267509460716e-01
9.771906214952469361e-01
9.756053316593170655e-01
9.742696428298950329e-01
9.753167104721068847e-01
9.768583691120147350e-01
9.792579245567322177e-01
9.747536379098892256e-01
9.713678127527236583e-01
9.769392716884612859e-01
9.780443239212036621e-01
9.749020791053771839e-01
9.770386809110641613e-01
9.735493838787079302e-01
9.774463528394699008e-01
9.799455857276916371e-01
9.714648842811584029e-01
9.750254935026169134e-01
9.744009703397751299e-01
9.740123927593231645e-01
9.791971403360366644e-01
9.779081124067307007e-01
9.763761723041534113e-01
9.780316740274429543e-01
9.793563783168792725e-01
9.770838618278503418e-01
9.785292303562164173e-01
9.740613907575607078e-01
9.759486854076385720e-01
9.756778204441070024e-01
9.729414504766463745e-01
9.756014347076416016e-01
9.755128788948058682e-01
