2.917312474250793652e+00
2.224983947277069163e+00
1.986468453407287615e+00
1.547256534099578751e+00
1.712840511798858545e+00
1.451416430473327690e+00
1.422868723869323837e+00
1.683428311347961337e+00
1.523873016834259131e+00
1.442469477653503418e+00
1.334473834037780859e+00
1.493327214717864893e+00
1.339922451972961337e+00
1.374317867755889822e+00
1.301506481170654261e+00
1.309035418033599907e+00
1.321432890892028755e+00
1.357201681137085059e+00
1.345846673250198355e+00
1.268955540657043413e+00
1.262107082605361974e+00
1.386563169956207320e+00
1.253816680908203196e+00
1.253917067050933865e+00
1.298865432739257919e+00
1.244291684627532923e+00
1.221437330245971786e+00
1.247693194150924612e+00
1.221560311317443803e+00
1.247942997217178274e+00
1.207696378231048584e+00
1.226020231246948144e+00
1.199576709270477215e+00
1.310176694393157870e+00
1.199688379764556778e+00
1.371574554443359295e+00
1.205494755506515414e+00
1.198125190734863343e+00
1.238808772563934291e+00
1.202614524364471471e+00
1.307240700721740811e+00
1.201361958980560196e+00
1.181229013204574629e+00
1.186015250682830757e+00
1.188897740840911821e+00
1.186606390476226736e+00
1.188582396507263272e+00
1.178649150133132872e+00
1.180346398353576687e+00
1.186350696086883483e+00
1.189433536529540980e+00
1.199852297306060800e+00
1.162286386489868262e+00
1.230573546886444047e+00
1.204029954671859803e+00
1.168157334327697860e+00
1.165551054477691695e+00
1.152454849481582722e+00
1.155503311157226598e+00
1.171653687953948975e+00
1.149668176174163836e+00
1.165720113515853917e+00
1.197818553447723477e+00
1.168119138479232877e+00
1.139487435817718497e+00
1.183663613796234193e+00
1.167227749824523819e+00
1.152958374023437482e+00
1.318916072845458975e+00
1.142127140760421655e+00
1.142782012224197397e+00
1.167164751291275060e+00
1.168374711275100619e+00
1.144505894184112638e+00
1.139117517471313512e+00
1.140892549753188989e+00
1.153715977668762216e+00
1.145628075599670392e+00
1.145209940671920723e+00
1.138762965202331445e+00
1.150773954391479448e+00
1.152409715652465749e+00
1.241428201198577774e+00
1.130355086326599201e+00
1.144028249979019085e+00
1.136533043384551966e+00
1.131400707960128704e+00
1.134588028192520248e+00
1.135336984395980853e+00
1.127108608484268082e+00
1.125853073596954301e+00
1.125924533605575650e+00
1.136720918416976867e+00
1.122234075069427517e+00
1.121694914102554286e+00
1.183094276189804006e+00
1.118366026878356845e+00
1.126312540769577097e+00
1.131003777980804426e+00
1.125494029521942219e+00
1.130916615724563590e+00
1.132820875644683811e+00
1.123073194026946942e+00
1.134325197935104335e+00
1.114996345043182346e+00
1.119400242567062387e+00
1.138277881145477233e+00
1.119479144811630356e+00
1.122661203145980835e+00
1.117130981683731150e+00
1.148237140178680393e+00
1.132073963880539047e+00
1.123314454555511377e+00
1.134242087602615356e+00
1.126495503187179503e+00
1.111909871101379288e+00
1.135941064357757657e+00
1.175032215118408274e+00
1.115440068244934135e+00
1.137888221740722683e+00
1.107984988689422634e+00
1.113910039663314810e+00
1.125021516084671047e+00
1.113904296159744289e+00
1.126283512115478613e+00
1.111365745067596444e+00
1.100164649486541801e+00
1.118846572637558046e+00
1.107695901393890292e+00
1.099455909729003977e+00
1.133182089328765851e+00
1.101988928318023753e+00
1.120667173862457178e+00
1.110122774839401139e+00
1.173483963012695419e+00
1.116878179311752373e+00
1.102836453914642245e+00
1.100749334096908560e+00
1.106489874124527040e+00
1.119864004850387618e+00
1.126089646816253564e+00
1.101460458040237400e+00
1.136628565788269096e+00
1.105660580396652160e+00
1.109538971185684231e+00
1.123886553049087578e+00
1.192370281219482520e+00
1.110586214065551802e+00
1.106553406119346716e+00
1.103168869018554599e+00
1.121735317707061697e+00
1.104977368116378811e+00
1.131012074947357116e+00
1.106754196882247854e+00
1.100110576152801611e+00
1.108328537940979075e+00
1.112583484649658283e+00
1.097669324874877894e+00
1.096414334774017396e+00
1.089841622114181563e+00
1.144738966226577670e+00
1.092026426792144678e+00
1.103868017196655282e+00
1.124159442186355662e+00
1.133027225732803345e+00
1.105565485954284721e+00
1.098257570266723659e+00
1.131602535247802743e+00
1.094908453226089540e+00
1.100512702465057391e+00
1.099617941379547048e+00
1.098972480297088605e+00
1.094067875146865765e+00
1.092811696529388366e+00
1.105431101322174037e+00
1.091057133674621538e+00
1.108839061260223469e+00
1.087517589330673218e+00
1.097505767345428485e+00
1.104161955118179383e+00
1.090434305667877135e+00
1.100579733848571884e+00
1.097542967796325764e+00
1.082895686626434317e+00
1.099216195344924873e+00
1.087194297313690106e+00
1.102343842983245947e+00
1.098114755153656086e+00
1.137503417730331368e+00
1.102421159744262802e+00
1.090534403324127100e+00
1.105641602277755764e+00
1.090452820062637329e+00
1.098961980342864964e+00
1.120064246654510542e+00
1.087723675966262737e+00
1.083599143028259215e+00
1.124498076438903871e+00
1.090859014987945574e+00
1.182462766170501611e+00
1.091137831211089981e+00
1.144334757328033358e+00
1.122732496261596769e+00
1.106227819919586075e+00
1.128935425281524685e+00
1.101557481288909957e+00
1.127674520015716553e+00
1.081138914823532193e+00
1.087994942665100107e+00
1.090987641811370867e+00
1.091654860973358065e+00
1.078282606601715043e+00
1.092771497964859062e+00
1.088178997039794815e+00
1.084533189535140885e+00
1.084393188953399756e+00
1.087749639749526986e+00
1.090504117012023988e+00
1.089468401670455888e+00
1.081396113634109479e+00
1.093090839385986390e+00
1.084738485813140807e+00
1.117394965887069658e+00
1.090786001682281459e+00
1.118543264865875297e+00
1.093406536579132116e+00
1.080711157321929905e+00
1.089062559604644820e+00
1.125812853574752914e+00
1.099864091873169025e+00
1.081665760278701871e+00
1.132528951168060294e+00
1.074881162643432697e+00
1.079639277458190882e+00
1.085238562822341990e+00
1.083877059221267647e+00
1.075226426124572754e+00
1.084249000549316388e+00
1.077226498126983678e+00
1.086140823364257768e+00
1.115468600988388070e+00
1.108750896453857493e+00
1.078139088153839076e+00
1.080968672037124545e+00
1.077309406995773378e+00
1.078642137050628724e+00
1.077657910585403389e+00
1.075780031681060844e+00
1.098255275487899807e+00
1.086866867542266801e+00
1.089053018093109060e+00
1.083088452816009628e+00
1.093974466323852646e+00
1.105768382549285889e+00
1.077156552076339757e+00
1.083488881587982178e+00
1.074416518211364746e+00
1.123242765665054321e+00
1.076673854589462298e+00
1.081508259773254377e+00
1.078852593898773193e+00
1.074446645975112968e+00
1.070855760574340731e+00
1.087249666452407837e+00
1.081682729721069380e+00
1.077561882734298759e+00
1.066999785900115905e+00
1.079039741754531878e+00
1.078128155469894489e+00
1.083837289810180682e+00
1.079710228443145681e+00
1.076484363079071027e+00
1.069350186586379925e+00
1.074520790576934726e+00
1.072511608600616562e+00
1.074259617328643834e+00
1.082874432802200415e+00
1.078115961551666224e+00
1.097319049835205007e+00
1.075392664670944187e+00
1.080930507183075040e+00
1.070245189666747976e+00
1.073880016803741455e+00
1.083682985901832652e+00
1.073343638181686321e+00
1.103767436742782548e+00
1.100530745983123726e+00
1.069337300062179530e+00
1.071749427318573034e+00
1.085579067468643188e+00
1.062018357515335021e+00
1.068871840238571069e+00
1.087675175666809047e+00
1.072861444950103715e+00
1.073265099525451571e+00
1.071434295177459806e+00
1.069882774353027255e+00
1.069416872262954676e+00
1.073747117519378680e+00
1.073808381557464608e+00
1.079942126274108904e+00
1.073644490242004368e+00
1.072430826425552430e+00
1.085841407775878897e+00
1.068845238685607990e+00
1.084444073438644462e+00
1.082592718601226744e+00
1.074047729969024756e+00
1.077329459190368599e+00
1.072749631404876780e+00
1.078021465539932278e+00
1.070506219863891495e+00
1.070288809537887520e+00
1.064428504705429157e+00
1.069514672756195051e+00
1.073918516635894882e+00
1.104881353378295961e+00
1.076968181133270308e+00
1.087845960855484018e+00
1.076314164400100637e+00
1.060957093238830584e+00
1.068673366308212191e+00
1.077630621194839433e+00
1.071805392503738297e+00
1.067487745285034206e+00
1.118747065067291269e+00
1.068829759359359644e+00
1.067822492122650235e+00
1.074529428482055682e+00
1.072048990726470974e+00
1.075851995944976824e+00
1.066724632978439224e+00
1.096860815286636370e+00
1.070750937461853125e+00
1.083376395702362105e+00
1.072470551729202359e+00
1.085961920022964433e+00
1.082824933528900191e+00
1.087095668315887442e+00
1.061724104881286657e+00
1.072461156845092800e+00
1.090962086915969742e+00
1.070512502193450954e+00
1.068421044349670446e+00
1.073383529186248797e+00
1.063405923843383727e+00
1.091856085062026915e+00
1.069064972400665336e+00
1.072800862789154097e+00
1.076362835168838572e+00
1.062525032758712795e+00
1.069789631366729665e+00
1.072384855747222865e+00
1.071424651145935103e+00
1.064956195354461732e+00
1.070175467729568508e+00
1.069208440780639702e+00
1.086315748691558891e+00
1.118407230377197248e+00
1.073536086082458541e+00
1.066669543981552115e+00
1.068761169910430908e+00
1.065244861841201818e+00
1.061431152820587087e+00
1.065339750051498502e+00
1.064846264123916697e+00
1.072414991855621391e+00
1.087398393154144216e+00
1.060509736537933456e+00
1.096079150438308725e+00
1.058469216823577863e+00
1.085477559566497829e+00
1.062723655700683612e+00
1.068922646045684877e+00
1.063004380464553922e+00
1.076499872207641539e+00
1.067980406284332329e+00
1.064413316249847474e+00
1.079643300771713221e+00
1.065059015750885019e+00
1.067968239784240714e+00
1.072763040065765283e+00
1.073240721225738437e+00
1.072344720363616943e+00
1.065146911144256636e+00
1.070513192415237347e+00
1.070284675359725934e+00
1.065996333360671899e+00
1.072498914003372272e+00
1.068253216743469292e+00
1.061067018508911053e+00
1.079275572299957187e+00
1.060527098178863481e+00
1.057279059886932382e+00
1.071724088191986057e+00
1.066845592260360798e+00
1.117978196144103986e+00
1.093719971179962114e+00
1.068604143857955879e+00
1.064615163803100506e+00
1.063612376451492203e+00
1.073117661476135298e+00
1.056468714475631732e+00
1.074290866851806747e+00
1.062297368049621493e+00
1.079563412666320721e+00
1.087059116363525479e+00
1.060686265230178726e+00
1.074875738620758137e+00
1.082510238885879605e+00
1.073625818490982153e+00
1.062362779378891009e+00
1.101239563226699802e+00
1.067294943332672164e+00
1.073253903388976971e+00
1.067822138071060190e+00
1.063276015520095763e+00
1.088133077621459943e+00
1.076022161245345998e+00
1.076491994857788015e+00
1.071474385261535600e+00
1.070617901086807322e+00
1.061344041824340723e+00
1.058019114732742239e+00
1.079129132032394356e+00
1.061133896112441910e+00
1.068691110610962003e+00
1.054911514520645133e+00
1.092808121442794711e+00
1.061462451219558734e+00
1.064417905807495179e+00
1.087617888450622461e+00
1.060654008388519198e+00
1.055772715806960971e+00
1.058108218908309972e+00
1.067477588653564347e+00
1.062081133127212418e+00
1.069193868637084988e+00
1.072413167953491175e+00
1.077515512704849243e+00
1.053504652976989808e+00
1.063600003719329834e+00
1.071862201690673810e+00
1.058937993049621662e+00
1.051735715866088938e+00
1.055386285781860334e+00
1.058832228183746338e+00
1.063510136604309153e+00
1.059160135984420714e+00
1.066572149991989127e+00
1.057871885299682679e+00
1.062126560211181570e+00
1.099816383123397801e+00
1.056603847742080715e+00
1.090831953287124678e+00
1.057723841667175257e+00
1.057268164157867396e+00
1.065490078926086381e+00
1.052017238140106281e+00
1.062924280166625879e+00
1.071823178529739407e+00
1.066504588127136222e+00
1.062830585241317793e+00
1.063110713958740128e+00
1.058708827495574933e+00
1.063740298748016455e+00
1.061402529478073120e+00
1.070324909687042192e+00
1.060042136907577426e+00
1.053658360242843539e+00
1.052665774822235001e+00
1.062169586420059098e+00
1.060043468475341699e+00
1.051044170856475723e+00
1.054463288784027064e+00
1.058771595954895117e+00
1.060016484260559055e+00
1.054223072528839067e+00
1.058516522645950309e+00
1.057524247169494558e+00
1.065717397928237942e+00
1.054094392061233565e+00
1.057148197889328012e+00
1.058475721478462139e+00
1.062500638961791921e+00
1.056123634576797476e+00
1.057453286647796586e+00
1.062750196456909269e+00
1.058774503469467110e+00
1.053855806589126587e+00
1.076389629840850848e+00
1.058517520427703751e+00
1.061026345491409284e+00
1.062079417705535933e+00
1.048260219097137513e+00
1.058586657047271729e+00
1.055052555799484315e+00
1.055534977912902850e+00
1.063849889039993224e+00
1.061589062213897705e+00
1.056193673610687167e+00
1.066351352930068996e+00
1.058118375539779610e+00
1.116556735038757298e+00
1.056274278163909841e+00
1.057233917713165328e+00
1.057293058633804295e+00
1.052401757240295499e+00
1.054788172245025635e+00
1.053258535861969047e+00
1.046980432271957362e+00
1.053624227046966455e+00
1.061899085044860858e+00
1.064346457719802963e+00
1.092922638654708845e+00
1.068604642152786166e+00
1.050356068611145055e+00
1.070743799209594727e+00
1.070389673709869482e+00
1.051900198459625235e+00
1.070452613830566335e+00
1.048728550672531235e+00
1.059951156377792358e+00
1.055319298505783099e+00
1.053558092117309553e+00
1.055555356740951467e+00
1.060209186077117893e+00
1.067931203842163113e+00
1.058888405561447144e+00
1.051176550388336128e+00
1.062991681098937935e+00
1.072499527931213281e+00
1.063820686340332111e+00
1.055629143714904794e+00
1.091573271751403729e+00
1.056927568912506166e+00
1.053310959339141872e+00
1.049705688953399552e+00
1.075366414785385194e+00
1.080922458171844402e+00
1.052438838481903005e+00
1.047824118137359539e+00
1.047849297523498535e+00
1.050943416357040361e+00
1.048532333374023517e+00
1.050001291036605888e+00
1.057284371852874827e+00
1.070902825593948338e+00
1.065832927227020166e+00
1.054709155559539813e+00
1.056313476562499964e+00
1.061997636556625269e+00
1.059963846206664950e+00
1.064597121477127040e+00
1.059011389017105120e+00
1.059866091012954703e+00
1.048872009515762427e+00
1.052338961362838665e+00
1.063226106166839546e+00
1.046512886285781763e+00
1.052830121517181361e+00
1.059930969476699847e+00
1.056972751617431650e+00
1.059795544743537876e+00
1.050234211683273244e+00
1.062938697338104310e+00
1.055206129550933847e+00
1.065759379863739031e+00
1.048992980718612689e+00
1.049225741624832065e+00
1.054654116630554306e+00
1.054041692018508947e+00
1.071616998910903895e+00
1.051611411571502730e+00
1.051478008031845102e+00
1.052818850278854468e+00
1.050534138679504403e+00
1.050379264354705855e+00
1.049770120382308880e+00
1.054313960075378365e+00
1.052993289232253993e+00
1.050296919345855784e+00
1.068841991424560600e+00
1.082111612558364966e+00
1.068734048604965237e+00
1.053319766521453760e+00
1.048919589519500706e+00
1.054762777090072712e+00
1.049549785852432304e+00
1.050218167304992622e+00
1.051481553316116369e+00
1.047254496812820346e+00
1.045443511009216397e+00
1.055765881538391016e+00
1.048490567207336355e+00
1.060648584365844638e+00
1.057126692533493006e+00
1.055649179220199629e+00
1.054895782470703036e+00
1.046389780044555629e+00
1.056100003719329772e+00
1.061537878513336253e+00
1.052278597354888934e+00
1.055735158920288130e+00
1.055063444972038189e+00
1.051503502130508361e+00
1.049628741741180482e+00
1.053902788162231374e+00
1.050054886341095006e+00
1.058519537448883163e+00
1.054942163228988594e+00
1.039654963016509948e+00
1.064830267429351718e+00
1.050049744844436583e+00
1.053404163122177106e+00
1.062922507524490356e+00
1.043918840885162291e+00
1.054200752973556421e+00
1.043860912322998047e+00
1.049808443784713718e+00
1.051486256122589058e+00
1.068212444782257187e+00
1.065394542217254603e+00
1.045521731376648056e+00
1.053529865741729799e+00
1.051819205284118652e+00
1.041206804513931328e+00
1.055289729833602808e+00
1.077559294700622505e+00
1.045538192987442105e+00
1.050255045890808203e+00
1.045254311561584437e+00
1.047450995445251554e+00
1.050349323749542263e+00
1.045708341598510671e+00
1.073552830219268728e+00
1.085553758144378600e+00
1.053077517747879055e+00
1.045631005764007471e+00
1.051534337997436452e+00
1.054095437526702872e+00
1.061874126195907486e+00
1.074577802419662387e+00
1.049292931556701669e+00
1.057100322246551594e+00
1.053176226615905708e+00
1.080213842391967827e+00
1.057523247003555378e+00
1.049448130130767876e+00
1.041936219930648777e+00
1.062740427255630449e+00
1.041106384992599443e+00
1.043299009799957267e+00
1.055247077941894540e+00
1.048657037019729676e+00
1.042696300745010296e+00
1.066121636629104641e+00
1.069407581090927151e+00
1.057407257556915336e+00
1.050848213434219414e+00
1.045409697294235274e+00
1.045745841264724696e+00
1.044842662811279244e+00
1.048549938201904341e+00
1.047695825099945077e+00
1.044359279870986867e+00
1.046039493083953831e+00
1.042769271135330245e+00
1.048678605556488064e+00
1.042699092626571566e+00
1.061759922504424969e+00
1.049343360662460256e+00
1.057697983980178780e+00
1.044695695638656607e+00
1.054197993278503498e+00
1.056015260219574037e+00
1.052850731611251867e+00
1.052301204204559415e+00
1.041953454017639169e+00
1.048731728792190454e+00
1.050203549861908003e+00
1.042737584114074689e+00
1.054339691400527856e+00
1.042651237249374363e+00
1.041624157428741482e+00
1.050397061109542785e+00
1.051430541276931807e+00
1.044797711372375426e+00
1.043060467243194678e+00
1.062140671014785820e+00
1.039513291120529148e+00
1.058059990406036377e+00
1.045595295429229799e+00
1.067569279670715243e+00
1.046338372230529723e+00
1.051934154033660862e+00
1.040743235349655071e+00
1.042350083589553833e+00
1.045204644203185929e+00
1.040105443000793439e+00
1.052447543144226172e+00
1.057396146059036202e+00
1.044513136148452759e+00
1.048199639320373633e+00
1.046433024406433043e+00
1.054047249555587706e+00
1.048175369501113785e+00
1.040706868171692001e+00
1.050659022331237757e+00
1.043383750915527264e+00
1.043950326442718568e+00
1.045726149678230188e+00
1.038681817054748491e+00
1.042882088422775189e+00
1.043365545272827211e+00
1.044556471109390205e+00
1.048733768463134819e+00
1.046776841878890973e+00
1.044541301727294869e+00
1.051606705188751212e+00
1.045202565193176225e+00
1.044648967981338439e+00
1.043565565347671420e+00
1.064254362583160418e+00
1.055540417432784928e+00
1.054908194541931188e+00
1.093162775039672852e+00
1.046000545024871720e+00
1.041946451663970930e+00
1.042731182575225901e+00
1.042360905408859173e+00
1.046630735397338974e+00
1.043051214218139622e+00
1.040472246408462587e+00
1.053879456520080637e+00
1.048675224781036475e+00
1.044695136547088676e+00
1.054670603275299046e+00
1.050611916780471722e+00
1.050221350193023762e+00
1.042368700504302970e+00
1.059410730600357065e+00
1.045971059799194247e+00
1.043520832061767489e+00
1.068172144889831587e+00
1.046599030494689941e+00
1.044464696645736712e+00
1.046269189119338971e+00
1.056349205970764205e+00
1.041221904754638716e+00
1.055663084983825772e+00
1.062367105484008700e+00
1.043595793247222847e+00
1.042743861675262451e+00
1.047194583415985036e+00
1.052299203872680611e+00
1.054032657146453777e+00
1.071984595060348600e+00
1.053190279006958052e+00
1.057236355543136552e+00
1.089158775806426949e+00
1.040153372287750289e+00
1.052264331579208401e+00
1.044960215091705225e+00
1.057035502195358356e+00
1.053145737648010227e+00
1.041302435398101744e+00
1.074181761741638264e+00
1.039000402688980085e+00
1.041176016330719101e+00
1.041411368846893337e+00
1.046712225675582975e+00
1.041257801055908150e+00
1.042100020647048986e+00
1.044031863212585343e+00
1.048858181238174536e+00
1.070008717775344786e+00
1.042696597576141304e+00
1.043050007820129466e+00
1.043668646812438983e+00
1.045158768892288315e+00
1.040794498920440736e+00
1.041677943468093837e+00
1.045588839054107710e+00
1.044302728176117023e+00
1.036555649042129490e+00
1.040131280422210702e+00
1.043100221157073904e+00
1.042983891963958687e+00
1.061272224783897489e+00
1.047513965368270794e+00
1.048862780332565414e+00
1.043966374397277797e+00
1.032140269875526428e+00
1.046898044347763124e+00
1.053667531013488867e+00
1.043500349521637061e+00
1.044583547115325972e+00
1.042335238456726154e+00
1.052921383380889919e+00
1.054199534654617354e+00
1.054672096967697037e+00
1.039867446422577002e+00
1.039529665708541772e+00
1.050348305702209384e+00
1.044610322713851902e+00
1.042402566671371433e+00
1.057176040410995554e+00
1.048295130729675284e+00
1.048633413314819407e+00
1.060331224203109768e+00
1.043012750148773149e+00
1.047304157018661419e+00
1.045481138229370055e+00
1.045513261556625384e+00
1.049458454847335798e+00
1.061640151739120519e+00
1.048073604106902978e+00
1.051635410785675129e+00
1.070637687444686792e+00
1.053856573104858363e+00
1.039048296213149980e+00
1.040802164077758718e+00
1.040944849252700699e+00
1.043170082569122359e+00
1.039871277809143013e+00
1.041633459329605049e+00
1.037914360761642563e+00
1.043610533475875846e+00
1.047836987972259548e+00
1.059905803203582852e+00
1.038513097763061444e+00
1.052419335842132542e+00
1.057795544862747184e+00
1.052743812799453726e+00
1.044068744182586661e+00
1.052960839271545490e+00
1.051513402462005642e+00
1.054135521650314322e+00
1.039534407854080245e+00
1.047957201004028338e+00
1.049566056728363117e+00
1.040720447301864526e+00
1.046886581182479903e+00
1.047070958614349401e+00
1.038934082984924290e+00
1.046696051359176538e+00
1.042991563081741235e+00
1.063670485019683865e+00
1.050147050619125277e+00
1.049321954250335587e+00
1.036433516740798977e+00
1.045394253730773881e+00
1.036307731866836557e+00
1.058135969638824392e+00
1.041442949771881121e+00
1.037729923725128067e+00
1.043294248580932670e+00
1.061384814977645918e+00
1.047820377349853560e+00
1.036275256872177142e+00
1.037051954269409215e+00
1.038589503765106281e+00
1.035311121940612811e+00
1.044786194562911996e+00
1.038454499244690021e+00
1.043663687705993715e+00
1.045135507583618173e+00
1.038443787097930837e+00
1.048082422018051130e+00
1.034612173438072213e+00
1.048312524557113656e+00
1.043553354144096446e+00
1.039624508619308552e+00
1.041670470237731960e+00
1.036023602485656836e+00
1.046768940687179628e+00
1.046817463636398271e+00
1.036354057788848815e+00
1.043648008108138958e+00
1.035026359558105513e+00
1.044716639518737722e+00
1.050184944272041232e+00
1.039392189979553294e+00
1.041652250289917037e+00
1.039622428417205757e+00
1.041904165744781396e+00
1.041658452749252284e+00
1.045824141502380344e+00
1.055087091922759956e+00
1.047052407264709384e+00
1.044611325263977042e+00
1.040422058105468839e+00
1.033163228034973180e+00
1.042038803100585831e+00
1.038865158557891855e+00
1.040602121353149334e+00
1.042336921691894513e+00
1.045204039812088093e+00
1.036606662273406920e+00
1.040442892313003576e+00
1.043114397525787274e+00
1.049622998237609961e+00
1.040067299604415796e+00
1.037026628255844019e+00
1.038097212314605722e+00
1.043946700096130442e+00
1.036504077911376998e+00
1.045344859361648560e+00
1.048095614910125706e+00
1.041755169630050659e+00
1.037251368761062720e+00
1.051685862541198668e+00
1.057089354991912922e+00
1.040642929077148393e+00
1.036785209178924472e+00
1.038399546146392849e+00
1.049928129911422703e+00
1.036175734996795716e+00
1.039863979816436856e+00
1.035484466552734295e+00
1.036689755916595512e+00
1.044846622943878200e+00
1.037880312204360944e+00
1.042139203548431370e+00
1.037138432264328003e+00
1.054181305170059257e+00
1.041184164285659852e+00
1.044220541715621842e+00
1.034996472597122130e+00
1.047104380130767787e+00
1.043426167964935258e+00
1.040416779518127388e+00
1.043721374273300251e+00
1.066265877485275348e+00
1.056243931055068863e+00
1.046620180606842032e+00
1.037681925296783492e+00
1.050441613197326651e+00
1.042837563753127972e+00
1.033379371166229355e+00
1.045162522792816073e+00
1.056530934572219804e+00
1.035919122695922789e+00
1.032812825441360438e+00
1.043585096597671402e+00
1.035396178960800162e+00
1.041192176342010445e+00
1.037964273691177386e+00
1.038198410272598293e+00
1.039681469202041519e+00
1.041345754861831674e+00
1.042319977283477694e+00
1.033856986761093166e+00
1.063460077047348129e+00
1.036081802845001176e+00
1.045417045354843033e+00
1.036017892360687309e+00
1.041456764936447232e+00
1.038514561653137269e+00
1.039355891942977950e+00
1.039028739929199308e+00
1.054069826602935800e+00
1.035801944732666069e+00
1.035014425516128433e+00
1.045508551597595259e+00
1.034071965217590261e+00
1.045150668621063206e+00
1.036362013816833461e+00
1.033536880016326931e+00
1.040916121006012052e+00
1.067206938266754168e+00
1.052083986997604415e+00
1.041607012748718253e+00
1.039901132583618271e+00
1.056031119823455766e+00
1.041595987081527674e+00
1.043869299888610769e+00
1.037607256174087444e+00
1.039010094404220652e+00
1.044553905725479126e+00
1.043519396781921404e+00
1.037160735130310041e+00
1.033001629114151054e+00
1.039962890148162789e+00
1.054114004373550406e+00
1.044077360630035312e+00
1.052227478623390278e+00
1.037342343330383221e+00
1.039999167919158918e+00
1.038781834840774465e+00
1.044050728082656754e+00
1.036310671567916897e+00
1.041734364032745441e+00
1.026866393089294505e+00
1.048819892406463561e+00
1.036617888212203908e+00
1.037448148727416974e+00
1.037969286441803085e+00
1.041737575531005877e+00
