1.651402940707547284e-01
1.623805042888437078e-01
1.673625984362193397e-01
1.628185649003301427e-01
1.539324043052537061e-01
1.682828318859849737e-01
1.632064006158283898e-01
1.722006952123982526e-01
1.579784995743206688e-01
1.645181945392063805e-01
1.532426902226039223e-01
1.671040058135986328e-01
1.697563385324818708e-01
1.630739356790270045e-01
1.632142721542290398e-01
1.558994384748595141e-01
1.570875516959599205e-01
1.597801532064165309e-01
1.600429500852312281e-01
1.659002431801387123e-01
1.494446450046130470e-01
1.529235706797667793e-01
1.548781373671122841e-01
1.655628867447376251e-01
1.599390144859041407e-01
1.576625529144491389e-01
1.524363804076399043e-01
1.582521551421710304e-01
1.551846425448145106e-01
1.553529394524438001e-01
1.578106576842921160e-01
1.509673395859343625e-01
1.457670011690684608e-01
1.475495797182832525e-01
1.590001524559088997e-01
1.579360227499689295e-01
1.593701339193752953e-01
1.627888817872319982e-01
1.583798783166067980e-01
1.551684614803109930e-01
1.529284433594771675e-01
1.563784751508917048e-01
1.553880013525485992e-01
1.604356669953891090e-01
1.494371726044586846e-01
1.493336393364838310e-01
1.546767385942595385e-01
1.628914581877844714e-01
1.415750985699040509e-01
1.590544772999627210e-01
1.627953898693834112e-01
1.526527378175939753e-01
1.541251556149550728e-01
1.495520142572266675e-01
1.640767811664513298e-01
1.545597836375236511e-01
1.542969952736581996e-01
1.562123766967228600e-01
1.570512093603610992e-01
1.545532457530498505e-01
1.509424048875059321e-01
1.497568381684167005e-01
1.485446340271404930e-01
1.524642636733395673e-01
1.416818667203187943e-01
1.454622649720736793e-01
1.554266501750264928e-01
1.514922992459365181e-01
1.531420754534857653e-01
1.457415388098784736e-01
1.567381854568208888e-01
1.503966471978596398e-01
1.525695382484368035e-01
1.528510967535632037e-01
1.517435695443834498e-01
1.544289881629603289e-01
1.452048011124134064e-01
1.536766200193337151e-01
1.415747345558234505e-01
1.498392003455332466e-01
1.521832926997116753e-01
1.557911575904914192e-01
1.508048049041203209e-01
1.521924542529242419e-01
1.487133199615137957e-01
1.420569590159825035e-01
1.472957506775856018e-01
1.457897903663771533e-01
1.569559723138809204e-01
1.444204215492521093e-01
1.587410829961299896e-01
1.517961073134626582e-01
1.511287758392947100e-01
1.521035342344216057e-01
1.495192700198718361e-01
1.526505792779581927e-01
1.368875024574143506e-01
1.531509336616311834e-01
1.537519272949014471e-01
1.476851004574979975e-01
1.509853947375501826e-01
1.537508756986686043e-01
1.528079834367547796e-01
1.501912181930882551e-01
1.472562498279980370e-01
1.469257596348013117e-01
1.439512686005660347e-01
1.512171088584831902e-01
1.482701557023184680e-01
1.498117404324667834e-01
1.464002510266644574e-01
1.561820980693612859e-01
1.547574113522257044e-01
1.504603986229215429e-01
1.498533668262617968e-01
1.546417868563107201e-01
1.434843417789254949e-01
1.484558060765266418e-01
1.507900107119764521e-01
1.522604956158570000e-01
1.518740265497139641e-01
1.536335375692163274e-01
1.416519837720053576e-01
1.501646276031221583e-01
1.413442535059792615e-01
1.525737717747688293e-01
1.430138940257685565e-01
1.495038755238056183e-01
1.492776876049382306e-01
1.461287603846617988e-01
1.444978990725108436e-01
1.530636921525001526e-01
1.459442824125289917e-01
1.459680827600615405e-01
1.506687775254249573e-01
1.398235916027001091e-01
1.439144371875694939e-01
1.501764894596167854e-01
1.421481706202030182e-01
1.444809436798095703e-01
1.478591156857354261e-01
1.498861249004091456e-01
1.493336047445024684e-01
1.420294634465660288e-01
1.450666508504322716e-01
1.536696627736091614e-01
1.442850359848567299e-01
1.479615760701043226e-01
1.442217965211187169e-01
1.509337191070829198e-01
1.498896804239068792e-01
1.445674624826226995e-01
1.451044338090079211e-01
1.428989171981811523e-01
1.558520416063921832e-01
1.501719185284205726e-01
1.537480960999216273e-01
1.440521819250924207e-01
1.453815267554351143e-01
1.415150144270488075e-01
1.492817572184971520e-01
1.543404640895979785e-01
1.479700266250542351e-01
1.541039704212120720e-01
1.508055808288710498e-01
1.491277797945908257e-01
1.556940664138112829e-01
1.413817501493862816e-01
1.479134389332362465e-01
1.418547018298081108e-01
1.458431700510638140e-01
1.401240979986531354e-01
1.440703645348548889e-01
1.413671124194349482e-01
1.415058305220944501e-01
1.469650114221232318e-01
1.407300808600016884e-01
1.458016421113695338e-01
1.365540442722184278e-01
1.455545792622225665e-01
1.537572342370237544e-01
1.442351346569401838e-01
1.452451369592121788e-01
1.532430611550807953e-01
1.472529093069689654e-01
1.553612569613116168e-01
1.373967948768820002e-01
1.522968273077692225e-01
1.516122876533440300e-01
1.465526353567838669e-01
1.470936353185347267e-01
1.528964601457118988e-01
1.440731659531593323e-01
1.487893435571874812e-01
1.500246248074940392e-01
1.323759632983378121e-01
1.536805842603956029e-01
1.421151150550161169e-01
1.452422599707330897e-01
1.494531413274151899e-01
1.470868518309933759e-01
1.362337996917111493e-01
1.419184532548700139e-01
1.493461142693247035e-01
1.417779233306646347e-01
1.361917781510523506e-01
1.456637552806309410e-01
1.386791172304323860e-01
1.448267458805016228e-01
1.444210181278841876e-01
1.503510214388370514e-01
1.409636669393096731e-01
1.449983492493629456e-01
1.491646447352000526e-01
1.413008373762880132e-01
1.478219207908426092e-01
1.504210728619779780e-01
1.407647100942475415e-01
1.503599637321063331e-01
1.522871325058596514e-01
1.462791828172547437e-01
1.499491568122591212e-01
1.408966271472828768e-01
1.478847989014216713e-01
1.450585893222264000e-01
1.528343031448977374e-01
1.488782417561326787e-01
1.396512117769037054e-01
1.353104838303157142e-01
1.526129985494273089e-01
1.400131319782563499e-01
1.465898422258240796e-01
1.399922120784010127e-01
1.426996673856462672e-01
1.490380811904157832e-01
1.428106725215911865e-01
1.374466727886881068e-01
1.479326475943837926e-01
1.317936381591217898e-01
1.419458788420472906e-01
1.457585511463029004e-01
1.421243234404495903e-01
1.433891430497169495e-01
1.486548307750906184e-01
1.396667845547199249e-01
1.494335814246109673e-01
1.409955594156469538e-01
1.448723878711462021e-01
1.425655878015927025e-01
1.407053837818758868e-01
1.486660518816539100e-01
1.465257645717688850e-01
1.335853763989039711e-01
1.420775353908538818e-01
1.518749929964542389e-01
1.467029776956353948e-01
1.475938398923192785e-01
1.359761772411210157e-01
1.566674118595463849e-01
1.431757962065083600e-01
1.477505668465580180e-01
1.407530776091984459e-01
1.448109490530831434e-01
1.438820484493459895e-01
1.464093428637300298e-01
1.475730549011911585e-01
1.309653068227427386e-01
1.422018387487956337e-01
1.323067391557352923e-01
1.443427883620773122e-01
1.391489343451602079e-01
1.458365938493183800e-01
1.459376508636134051e-01
1.339249110647610375e-01
1.537616018738065526e-01
1.430980068232332036e-01
1.479379619870866969e-01
1.419866111661706731e-01
1.492266319692134857e-01
1.434592546096869758e-01
1.432719321123191170e-01
1.455091488148484991e-01
1.427867242268153480e-01
1.441673455493790723e-01
1.432456155972821332e-01
1.383284452770437434e-01
1.356934838529144094e-01
1.458616522806031324e-01
1.387469252305371381e-01
1.389199952994074061e-01
1.401363153542791173e-01
1.367069381688322260e-01
1.403969340026378632e-01
1.378783413342067055e-01
1.437343449464865974e-01
1.356605961918830872e-01
1.394721599561827563e-01
1.350651242371116445e-01
1.457201162619250201e-01
1.381725799292325974e-01
1.444430306021656230e-01
1.374948828348091789e-01
1.443877762981823631e-01
1.424252098160130597e-01
1.403361609471695803e-01
1.441712437995842644e-01
1.474763575409139826e-01
1.470114194921084694e-01
1.431249744657959178e-01
1.348320314926760577e-01
1.420494866158281133e-01
1.414117493799754433e-01
1.374771286334310338e-01
1.336725151964596459e-01
1.368092979703630641e-01
1.479158470673220538e-01
1.383532027580908486e-01
1.381721448685441778e-01
1.367675938776561073e-01
1.414785236120223999e-01
1.443453973957470604e-01
1.444727081273283198e-01
1.331114393791981987e-01
1.393739344286067106e-01
1.446519366332462975e-01
1.364972450371299550e-01
1.396791636943817139e-01
1.426534639405352689e-01
1.408405729702540687e-01
1.365236107792173192e-01
1.422271361308438398e-01
1.479259718741689489e-01
1.399274495031152532e-01
1.451195909508637139e-01
1.411063836089202217e-01
1.352910529822111130e-01
1.394741801278931714e-01
1.459521624658788874e-01
1.383012567779847435e-01
1.396738115165914729e-01
1.361878727163587377e-01
1.325156542339495369e-01
1.409036261694771863e-01
1.508885797645364568e-01
1.369746338043894007e-01
1.389563245964901828e-01
1.467625610530376434e-01
1.428321541420050911e-01
1.390709475214992330e-01
1.394736436860901929e-01
1.395783743688038536e-01
1.470453403890132904e-01
1.439382801098482989e-01
1.474371440708637238e-01
1.481383112924439527e-01
1.376462467014789581e-01
1.390805122043405340e-01
1.377779463572161578e-01
1.423747619347912885e-01
1.400337660951273822e-01
1.419623605906963348e-01
1.374168074024575137e-01
1.440056785941123962e-01
1.444355020565646075e-01
1.429144202598503777e-01
1.348652695970875837e-01
1.410840909395899012e-01
1.395591790122645282e-01
1.482238604554108330e-01
1.392015303884233668e-01
1.452295663101332568e-01
1.436050757765769958e-01
1.380751808839184858e-01
1.405205934175423332e-01
1.363548380987984754e-01
1.383851271654878423e-01
1.443782682929720118e-01
1.381763166614941307e-01
1.405655784266335584e-01
1.387643505420003698e-01
1.395221049232142352e-01
1.433725668383496188e-01
1.461488982396466352e-01
1.438233320202146337e-01
1.382874218480927564e-01
1.393203203167234228e-01
1.360183347548757360e-01
1.452384266470159724e-01
1.415435131639242172e-01
1.374626340610640429e-01
1.361511237919330597e-01
1.341330752308879659e-01
1.442332932991640948e-01
1.475890113839081474e-01
1.389464006892272285e-01
1.407747101038694382e-01
1.405538352472441577e-01
1.415923221835068413e-01
1.401787796722991086e-01
1.420042647847107598e-01
1.374959961644240669e-01
1.287643930741718956e-01
1.370264052280358025e-01
1.464741442884717748e-01
1.415072871106011487e-01
1.337932877774749563e-01
1.395099689917904950e-01
1.476142842854772375e-01
1.367438608514411069e-01
1.394458700503621862e-01
1.392063455922263049e-01
1.474315231399876691e-01
1.446591030274118617e-01
1.378630915922778033e-01
1.347595096698828987e-01
1.411067609276090429e-01
1.413838442947183416e-01
1.431195496448448845e-01
1.321756014866488360e-01
1.426497809588909149e-01
1.381401148225580022e-01
1.429246618811573222e-01
1.413047079529081151e-01
1.394258045724459938e-01
1.435209651078496740e-01
1.409180834889411926e-01
1.459661014378070831e-01
1.398044404174600408e-01
1.369780176984412290e-01
1.413261044238294795e-01
1.430066547223499962e-01
1.466585120984486290e-01
1.453008806066853620e-01
1.326538457402161308e-01
1.396447345614433289e-01
1.327362723116363719e-01
1.297988894262484261e-01
1.398385018110275269e-01
1.412533330065863513e-01
1.323450351400034808e-01
1.401189294244561956e-01
1.494767176253455065e-01
1.457165932016713239e-01
1.277302147022315315e-01
1.440328545868396759e-01
1.344339094523872569e-01
1.341609385396753118e-01
1.369935268802302264e-01
1.441215718431132220e-01
1.491363091128213025e-01
1.490394116512366585e-01
1.379925153617347910e-01
1.490452475845813751e-01
1.375609005668333717e-01
1.457169955330235578e-01
1.405277550220489502e-01
1.334077332701001928e-01
1.461999049144131757e-01
1.397706642746925354e-01
1.371398991239922427e-01
1.382312811911106110e-01
1.438039296439715675e-01
1.415667390184743024e-01
1.370349502457039736e-01
1.382553135710103132e-01
1.377017849258014015e-01
1.390098514301436328e-01
1.408125955079282954e-01
1.437311284244060516e-01
1.424258016049861908e-01
1.386142756257738307e-01
1.362093130924872109e-01
1.322730848831789874e-01
1.365326329001358696e-01
1.285760695380823992e-01
1.327052877417632393e-01
1.423219453011240199e-01
1.397167018481663414e-01
1.423030804310526087e-01
1.373102957648890399e-01
1.372134549809353732e-01
1.434633899480104446e-01
1.439027035874979876e-01
1.393849993390696429e-01
1.314182433166674324e-01
1.363849344530276009e-01
1.426458135247230530e-01
1.336793737219912626e-01
1.405625481690679357e-01
1.382987903697150134e-01
1.463178795363221929e-01
1.403166486748627373e-01
1.412782727607659050e-01
1.425339941467557714e-01
1.387796811759471893e-01
1.386828012764453888e-01
1.312243802739041232e-01
1.413618666785103895e-01
1.398646027914115242e-01
1.317157793257917597e-01
1.421992970364434339e-01
1.341300356600965693e-01
1.414009518921375275e-01
1.367298428501401708e-01
1.404411223317895696e-01
1.423741275710719012e-01
1.387958635709115318e-01
1.330700713608946040e-01
1.382666147713150218e-01
1.430585786168064311e-01
1.376969369926623055e-01
1.356314724045140363e-01
1.419981691454137995e-01
1.427306099129574679e-01
1.410860371376786992e-01
1.399554304246391490e-01
1.427153886428901008e-01
1.433913601296288587e-01
1.378120984882116318e-01
1.432019637099334053e-01
1.399128798927579687e-01
1.353915589196341418e-01
1.335632186383008957e-01
1.384985925895827197e-01
1.389054331396307185e-01
1.395980888711554624e-01
1.359047719410487465e-01
1.335712445101567558e-01
1.357613679553781316e-01
1.377454761947904394e-01
1.412178996418203547e-01
1.285604187952620603e-01
1.408369825886828519e-01
1.429255993238517097e-01
1.371220419449465655e-01
1.427699891584260083e-01
1.414633175092084028e-01
1.386128589510917664e-01
1.374741515942982384e-01
1.393918629203523829e-01
1.432343037532908536e-01
1.448665133544377037e-01
1.371552694056715205e-01
1.340917231781142138e-01
1.420308476580040835e-01
1.391858293541840264e-01
1.324980809752430155e-01
1.319094502500125221e-01
1.396189023341451452e-01
1.464797444641590118e-01
1.350809367639677905e-01
1.385483592748641968e-01
1.326616430389029599e-01
1.306248847395181656e-01
1.390532835253647514e-01
1.351105959287711433e-01
1.365359207349164106e-01
1.393970953566687487e-01
1.420042280639920995e-01
1.406818803931985662e-01
1.383540303047214315e-01
1.433956995606422424e-01
1.212146811719451572e-01
1.386587949735777758e-01
1.374818214348384193e-01
1.311736790729420565e-01
1.354385664952652835e-01
1.359786604131971166e-01
1.454368696681090645e-01
1.315777879208326340e-01
1.388320768518107318e-01
1.437333327318940923e-01
1.333109661936759949e-01
1.418205776384898475e-01
1.367974845426423169e-01
1.377000114215271853e-01
1.389333094869341090e-01
1.360499603407723523e-01
1.339413592857973956e-01
1.455860635531800173e-01
1.379052719899586388e-01
1.361365797264235400e-01
1.331859518374715612e-01
1.411773993500641533e-01
1.419105221118245885e-01
1.366463088031326101e-01
1.381645154740129278e-01
1.319483044956411555e-01
1.416730061173439026e-01
1.396502756646701149e-01
1.351879486548049070e-01
1.379837069128240779e-01
1.398516068501131915e-01
1.399802528321743011e-01
1.337832417339086533e-01
1.349930332175322822e-01
1.350440252572298050e-01
1.419813883091722295e-01
1.401582966957773402e-01
1.328243647835084251e-01
1.416834294795989990e-01
1.390455261405025289e-01
1.361768767237663269e-01
1.407133888985429571e-01
1.320653802582195946e-01
1.413411492747919940e-01
1.373719711388860509e-01
1.441763458507401563e-01
1.344719321600028328e-01
1.422167409743581579e-01
1.376081375139100171e-01
1.397893508630139447e-01
1.314464961843831159e-01
1.418076306581497192e-01
1.372972375580242821e-01
1.348028600748096273e-01
1.279666777700185776e-01
1.401297439421926305e-01
1.413439310022762962e-01
1.369588787534407326e-01
1.371166445314884186e-01
1.396473401359149269e-01
1.376622649175780200e-01
1.352251957037619301e-01
1.406770460307598114e-01
1.378605493477412514e-01
1.294118235153811358e-01
1.412684385265622899e-01
1.466621160507202148e-01
1.359076305691684916e-01
1.377853298825877093e-01
1.440755900527749822e-01
1.416325212589331917e-01
1.391286344400473884e-01
1.448869918073926732e-01
1.392901004957301236e-01
1.310375886304037951e-01
1.345550013439995862e-01
1.433241910168102928e-01
1.353874392807483673e-01
1.412253150982516192e-01
1.378835586032697014e-01
1.369556231158120252e-01
1.408701863672052190e-01
1.282916888594627380e-01
1.348820371287209607e-01
1.375530849077871987e-01
1.373130194842815399e-01
1.398742422461509705e-01
1.354379374533891678e-01
1.393183927450861170e-01
1.372802986630371758e-01
1.345893554389476776e-01
1.323713000331606104e-01
1.286226393921034716e-01
1.398789824119635872e-01
1.358231377920934013e-01
1.398910651249545001e-01
1.410950765545879171e-01
1.361155344971588799e-01
1.366994939744472504e-01
1.342936810106039047e-01
1.403263535882745550e-01
1.314354179693119906e-01
1.319943977785962008e-01
1.344247628003358841e-01
1.354173405894211479e-01
1.439055821725300499e-01
1.394907427685601331e-01
1.366283614188432693e-01
1.364120324807507612e-01
1.430902225630623914e-01
1.326618194580078125e-01
1.396915279328823090e-01
1.359699826155389979e-01
1.374198459088802338e-01
1.288476543767111682e-01
1.401488387158938698e-01
1.313503906130790710e-01
1.370344422757625580e-01
1.316783880548817731e-01
1.436050816306046196e-01
1.431775210159165479e-01
1.376293498490537837e-01
1.393960807472467422e-01
1.411946713924407959e-01
1.336127841579062558e-01
1.353603415191173553e-01
1.425659049834523961e-01
1.440745666623115540e-01
1.354761884680815986e-01
1.390905848571232506e-01
1.378553163792405889e-01
1.342349236032792381e-01
1.331007757357188515e-01
1.325297898479870506e-01
1.404407806694507599e-01
1.375049145093985847e-01
1.330994553864002228e-01
1.325976696929761223e-01
1.328297582055841253e-01
1.379458079380648516e-01
1.353010261165244199e-01
1.363551430404186249e-01
1.310971517648015783e-01
1.426264143415859886e-01
1.410963833332061768e-01
1.378145180642604828e-01
1.358099468052387238e-01
1.382219924458435723e-01
1.326128984136240863e-01
1.391005436224596881e-01
1.334011576005390831e-01
1.299929903554064847e-01
1.321208884141274742e-01
1.327883441533361242e-01
1.394974270037242225e-01
1.366835885814257912e-01
1.343639397195407204e-01
1.388490726905209638e-01
1.394909077457019142e-01
1.384214351751974770e-01
1.357893991683210566e-01
1.340550756348030947e-01
1.345109439321926781e-01
1.381501571408339790e-01
1.331082811313016034e-01
1.367165472890649602e-01
1.383858136832714081e-01
1.401607468724250793e-01
1.387990239475454524e-01
1.328713090292044929e-01
1.420240066945552826e-01
1.357829576092106916e-01
1.348648566220487788e-01
1.377765839653355695e-01
1.320055081908191874e-01
1.331314806427274511e-01
1.333277374505996704e-01
1.303736673934119128e-01
1.407018697687557884e-01
1.359286068805626579e-01
1.324813001390014455e-01
1.355648503771849922e-01
1.361096235258238696e-01
1.319599311266626551e-01
1.326005043728011035e-01
1.349453396563018992e-01
1.320621017366647720e-01
1.341426332614251427e-01
1.353457665869167992e-01
1.370797583035060219e-01
1.385459633810179614e-01
1.382796149700880051e-01
1.371168888040951439e-01
1.374968247754233264e-01
1.329638119786977768e-01
1.321052485810858823e-01
1.276953914867980100e-01
1.379647246961082652e-01
1.332177671470812508e-01
1.328781422759805486e-01
1.408329821590866282e-01
1.302259740020547674e-01
1.387441224817718699e-01
1.323359813541173935e-01
1.317181683012417504e-01
1.336294072014944934e-01
1.298343933054379173e-01
1.406546426670891858e-01
1.398747967822211169e-01
1.320656676377569005e-01
1.370786902095590398e-01
1.353284833686692334e-01
1.340900244457381152e-01
1.414270289242267609e-01
1.328954443867717550e-01
1.350749153643846512e-01
1.312946506908961586e-01
1.322540526411362938e-01
1.371866028223718836e-01
1.334349992019789599e-01
1.336038139249597356e-01
1.350624013159956172e-01
1.410357265600136467e-01
1.312427667102643303e-01
1.279871942741530322e-01
1.361522051904882624e-01
1.421832570007869057e-01
1.303908832903419301e-01
1.362829272236142919e-01
1.305570461388145254e-01
1.357396202428000354e-01
1.422160831945283033e-01
1.365155396716935254e-01
1.353924343628542803e-01
1.396901272237300873e-01
1.239625066518783569e-01
1.240371989884546805e-01
1.408251034361975573e-01
1.347701035972152517e-01
1.278958137014082619e-01
1.416670195758342743e-01
1.293663305363484672e-01
1.303962666009153559e-01
1.353169229945966057e-01
1.315304666225399211e-01
1.362177224031516365e-01
1.354873018073184110e-01
1.362525466829538345e-01
1.297426444611378960e-01
1.386395466646977714e-01
1.392051673361233421e-01
1.282686434153999522e-01
1.345675358814852618e-01
1.328834460249968819e-01
1.409508844039269737e-01
1.355573614793164350e-01
1.364579791469233416e-01
1.386183345956461810e-01
1.370435271944318578e-01
1.378792646740163996e-01
1.357034827981676295e-01
1.362851544150284477e-01
1.334978075964110278e-01
1.343709507158824257e-01
1.322557465838534452e-01
1.375457947807652570e-01
1.405630441648619555e-01
1.314635894128254601e-01
1.353786241795335576e-01
1.267709489911794662e-01
1.333223722342933848e-01
1.339747378868716143e-01
1.406005126024995611e-01
1.328248666333300687e-01
1.333276573568582535e-01
1.428349662039961054e-01
1.344687989247696780e-01
1.383903965886150167e-01
1.347043104469776154e-01
1.382740592317921735e-01
1.421997217195374585e-01
1.372226492634841255e-01
1.312494384390967272e-01
1.437468464885439112e-01
1.342702901789120384e-01
1.345618425735405632e-01
1.405811746205602453e-01
1.372973109994615748e-01
1.298035516270569512e-01
1.351377181708812714e-01
1.332092905150992490e-01
1.283567055527652934e-01
1.364696353141750529e-01
1.385018338582345299e-01
1.344494952687195488e-01
1.302467025816440582e-01
1.397003025880881599e-01
1.311345435678958893e-01
1.418578113828386500e-01
1.355131044983863831e-01
1.346877406218222328e-01
1.406814916325467013e-01
1.314467691949435524e-01
1.324454649750675395e-01
1.476403480129582502e-01
1.375164059656006910e-01
1.322948868785585597e-01
1.308125105819531730e-01
1.355829568845885180e-01
1.360175199806690216e-01
1.395507657102176002e-01
1.363668337996516988e-01
1.291061541331665896e-01
1.357048587607485868e-01
1.297334102647645093e-01
1.403793477054153249e-01
1.399251669645309448e-01
1.351965383759566597e-01
1.374047986630882456e-01
1.361699572631291100e-01
1.291119136980601600e-01
1.361962378557239339e-01
1.310656549675124072e-01
1.340123414993286133e-01
1.349560629044260218e-01
1.302522146808249570e-01
1.402036973408290199e-01
1.410902823720659449e-01
1.438769597027982905e-01
1.352295071950980476e-01
1.373660952917167000e-01
1.373169757425785065e-01
1.393822995679719068e-01
1.346022212611777402e-01
1.281922523464475439e-01
1.390672552266291329e-01
1.382796442402260684e-01
1.387639942445925423e-01
1.363700830510684303e-01
1.252428418291466616e-01
1.372505394475800611e-01
1.333485048796449468e-01
1.259955596178770065e-01
1.395855907882962987e-01
1.346722612423556231e-01
1.389642283320426941e-01
1.369263364800385185e-01
1.383225790091923424e-01
1.342392872486795619e-01
1.333566071199519254e-01
1.385891565254756264e-01
1.362201156360762500e-01
1.318880569721971319e-01
1.394604428538254448e-01
1.333334126642772011e-01
1.362802508686269953e-01
1.359725602503333852e-01
1.294623062546764181e-01
1.291060304003102399e-01
1.418274851249796964e-01
1.370547485670872978e-01
1.360805588109152697e-01
1.402185828025852010e-01
1.463252699800900170e-01
1.358668362455708600e-01
1.343264084841523931e-01
1.368761254208428479e-01
1.308318065213305570e-01
1.266909204423427582e-01
1.363635653895991229e-01
1.293338760733604431e-01
1.366827642279011823e-01
1.361020164830344104e-01
1.334406555231128499e-01
1.332991221653563596e-01
1.342772649867194079e-01
1.333231558757168866e-01
1.298365451927696035e-01
1.252446810581854530e-01
1.286136617085763267e-01
1.346342167151825808e-01
1.397691502102783867e-01
1.356656279947076604e-01
1.386452375778130242e-01
1.395456931952919200e-01
1.341761499643325806e-01
1.366297320595809273e-01
1.298475414514541626e-01
1.348574581955160334e-01
1.367325500718184761e-01
1.325491845075573161e-01
1.298381297716072746e-01
1.352559796401432701e-01
1.398080491593905739e-01
1.395039451973778821e-01
1.333791464567184448e-01
1.355725864746741005e-01
1.355087613420827009e-01
1.339266874960490517e-01
1.376263802605015851e-01
1.316739187708922676e-01
1.299943391765867040e-01
1.317055935838392922e-01
1.364766678639820763e-01
1.386135656918798253e-01
1.304976942815951058e-01
1.317603952650512888e-01
1.380994104381118581e-01
1.420692098992211438e-01
1.338334727500166133e-01
1.323851352291447736e-01
1.411720482366425611e-01
1.402190375540937617e-01
1.343050801328250221e-01
1.320654962744031713e-01
1.349857625152383611e-01
1.350017716842038251e-01
1.402656648840223119e-01
1.400189234742096611e-01
1.332192958465644173e-01
1.344171570880072497e-01
1.317666321992874146e-01
1.281845697334834389e-01
1.413780434855393120e-01
1.353375616350344368e-01
1.374984239893300153e-01
1.370316626770155810e-01
1.311541061316217616e-01
1.376398839056491852e-01
1.374950073659420013e-01
1.361106192427022077e-01
1.347178667783737183e-01
1.277802964406354047e-01
1.344886874513966657e-01
1.357112590755735204e-01
1.273891795426607132e-01
1.346529551914759926e-01
1.315958329609462074e-01
