1.699980571866035461e-01
1.584982722997665405e-01
1.535691879689693451e-01
1.533963792026042938e-01
1.582486927509307861e-01
1.472600456327199936e-01
1.537299267947673798e-01
1.490677408874034882e-01
1.495929285883903503e-01
1.549977064132690430e-01
1.630294285714626312e-01
1.579057071357965469e-01
1.703854538500308990e-01
1.466842144727706909e-01
1.606666781008243561e-01
1.559520624577999115e-01
1.701937690377235413e-01
1.605237238109111786e-01
1.706073544919490814e-01
1.532363183796405792e-01
1.540903486311435699e-01
1.640808396041393280e-01
1.523523591458797455e-01
1.599259749054908752e-01
1.632587574422359467e-01
1.593168564140796661e-01
1.504309922456741333e-01
1.655902452766895294e-01
1.506409794092178345e-01
1.718391738831996918e-01
1.428920142352581024e-01
1.565338410437107086e-01
1.575448550283908844e-01
1.497821211814880371e-01
1.530977375805377960e-01
1.617407649755477905e-01
1.622404418885707855e-01
1.510052718222141266e-01
1.480331942439079285e-01
1.742359809577465057e-01
1.433993950486183167e-01
1.544604934751987457e-01
1.489142552018165588e-01
1.557268612086772919e-01
1.676688864827156067e-01
1.468206942081451416e-01
1.501383557915687561e-01
1.573659107089042664e-01
1.559256538748741150e-01
1.547083705663681030e-01
1.624530553817749023e-01
1.561647765338420868e-01
1.647559255361557007e-01
1.481924429535865784e-01
1.569805666804313660e-01
1.478016432374715805e-01
1.421926766633987427e-01
1.436015721410512924e-01
1.634732559323310852e-01
1.610093005001544952e-01
1.492582485079765320e-01
1.641380861401557922e-01
1.561145596206188202e-01
1.563973054289817810e-01
1.620098650455474854e-01
1.576069518923759460e-01
1.508689075708389282e-01
1.442906074225902557e-01
1.543089076876640320e-01
1.516884677112102509e-01
1.617792956531047821e-01
1.442846544086933136e-01
1.495955102145671844e-01
1.388716436922550201e-01
1.609491892158985138e-01
1.542770937085151672e-01
1.475793085992336273e-01
1.478013060986995697e-01
1.537849456071853638e-01
1.518104672431945801e-01
1.486073024570941925e-01
1.475217957049608231e-01
1.562275551259517670e-01
1.624865308403968811e-01
1.590064018964767456e-01
1.475409269332885742e-01
1.473182737827301025e-01
1.355950739234685898e-01
1.513492874801158905e-01
1.497459448873996735e-01
1.438982039690017700e-01
1.477884240448474884e-01
1.489379853010177612e-01
1.488829515874385834e-01
1.368116103112697601e-01
1.450986377894878387e-01
1.530741639435291290e-01
1.480435989797115326e-01
1.404516808688640594e-01
1.456325575709342957e-01
1.518824100494384766e-01
1.368711050599813461e-01
1.540778614580631256e-01
1.520996913313865662e-01
1.457243971526622772e-01
1.566498503088951111e-01
1.476063579320907593e-01
1.458844467997550964e-01
1.477165892720222473e-01
1.535896211862564087e-01
1.487958244979381561e-01
1.427837535738945007e-01
1.567491069436073303e-01
1.570359766483306885e-01
1.466773673892021179e-01
1.529994383454322815e-01
1.468435861170291901e-01
1.440053693950176239e-01
1.533234231173992157e-01
1.473488397896289825e-01
1.383630931377410889e-01
1.580027081072330475e-01
1.540933959186077118e-01
1.532766036689281464e-01
1.526464298367500305e-01
1.507249437272548676e-01
1.458109170198440552e-01
1.476145852357149124e-01
1.518183574080467224e-01
1.622661314904689789e-01
1.509690806269645691e-01
1.442202292382717133e-01
1.459812466055154800e-01
1.443836353719234467e-01
1.319862920790910721e-01
1.407952010631561279e-01
1.563897132873535156e-01
1.406376138329505920e-01
1.512648388743400574e-01
1.405306681990623474e-01
1.493982896208763123e-01
1.401318907737731934e-01
1.451204121112823486e-01
1.524833962321281433e-01
1.407951638102531433e-01
1.406624652445316315e-01
1.554240770637989044e-01
1.583103202283382416e-01
1.466133557260036469e-01
1.520593129098415375e-01
1.542096547782421112e-01
1.496980674564838409e-01
1.504703164100646973e-01
1.530472338199615479e-01
1.563619039952754974e-01
1.521142907440662384e-01
1.499272771179676056e-01
1.536258421838283539e-01
1.402423549443483353e-01
1.494496390223503113e-01
1.552522145211696625e-01
1.569821499288082123e-01
1.492819376289844513e-01
1.436012350022792816e-01
1.567015498876571655e-01
1.501803733408451080e-01
1.447925791144371033e-01
1.507852114737033844e-01
1.479925997555255890e-01
1.402042545378208160e-01
1.481468193233013153e-01
1.591460406780242920e-01
1.421819366514682770e-01
1.505226120352745056e-01
1.447989754378795624e-01
1.524687521159648895e-01
1.440751329064369202e-01
1.438103839755058289e-01
1.439678594470024109e-01
1.475135553628206253e-01
1.473471187055110931e-01
1.438063122332096100e-01
1.452452093362808228e-01
1.448377091437578201e-01
1.488293819129467010e-01
1.421954706311225891e-01
1.543836891651153564e-01
1.461005844175815582e-01
1.464625671505928040e-01
1.535139046609401703e-01
1.548360623419284821e-01
1.447128169238567352e-01
1.506335884332656860e-01
1.329537332057952881e-01
1.547525562345981598e-01
1.477395631372928619e-01
1.537710800766944885e-01
1.529447250068187714e-01
1.462956331670284271e-01
1.407659631222486496e-01
1.587893143296241760e-01
1.464943252503871918e-01
1.504314467310905457e-01
1.323245055973529816e-01
1.489631384611129761e-01
1.350861079990863800e-01
1.379250735044479370e-01
1.374356597661972046e-01
1.503664627671241760e-01
1.493296846747398376e-01
1.432958059012889862e-01
1.506432406604290009e-01
1.365928705781698227e-01
1.393436752259731293e-01
1.443877238780260086e-01
1.517048813402652740e-01
1.500760465860366821e-01
1.423665657639503479e-01
1.482705250382423401e-01
1.483261138200759888e-01
1.502574048936367035e-01
1.452942863106727600e-01
1.480043902993202209e-01
1.478779986500740051e-01
1.426500864326953888e-01
1.434143893420696259e-01
1.359810233116149902e-01
1.467378661036491394e-01
1.343776434659957886e-01
1.515321359038352966e-01
1.368451230227947235e-01
1.423133462667465210e-01
1.343208961188793182e-01
1.357812471687793732e-01
1.417167037725448608e-01
1.462611816823482513e-01
1.382939890027046204e-01
1.353236194700002670e-01
1.355425342917442322e-01
1.479209065437316895e-01
1.330779194831848145e-01
1.442509293556213379e-01
1.441382504999637604e-01
1.408844701945781708e-01
1.359950173646211624e-01
1.541033983230590820e-01
1.398391388356685638e-01
1.390934474766254425e-01
1.516434252262115479e-01
1.413186751306056976e-01
1.473886184394359589e-01
1.348172724246978760e-01
1.457966193556785583e-01
1.426304988563060760e-01
1.423397660255432129e-01
1.364032924175262451e-01
1.464731991291046143e-01
1.379546746611595154e-01
1.419993638992309570e-01
1.381506193429231644e-01
1.471319235861301422e-01
1.551283597946166992e-01
1.359104365110397339e-01
1.367729268968105316e-01
1.482567489147186279e-01
1.390604786574840546e-01
1.457082033157348633e-01
1.344980597496032715e-01
1.306912023574113846e-01
1.460966765880584717e-01
1.431656256318092346e-01
1.352835465222597122e-01
1.418866924941539764e-01
1.460080705583095551e-01
1.499312855303287506e-01
1.417398639023303986e-01
1.497403196990489960e-01
1.462449878454208374e-01
1.379103194922208786e-01
1.554204486310482025e-01
1.441879123449325562e-01
1.476241387426853180e-01
1.396469920873641968e-01
1.355535723268985748e-01
1.369165480136871338e-01
1.400703489780426025e-01
1.450459584593772888e-01
1.359687969088554382e-01
1.427916884422302246e-01
1.387562230229377747e-01
1.430410109460353851e-01
1.445056013762950897e-01
1.369826309382915497e-01
1.349954940378665924e-01
1.506831757724285126e-01
1.468584835529327393e-01
1.405154541134834290e-01
1.435671411454677582e-01
1.439380906522274017e-01
1.396755762398242950e-01
1.422535181045532227e-01
1.475981101393699646e-01
1.430894397199153900e-01
1.340543441474437714e-01
1.321169864386320114e-01
1.310639455914497375e-01
1.396318450570106506e-01
1.348724998533725739e-01
1.446622312068939209e-01
1.309034116566181183e-01
1.464881077408790588e-01
1.470686122775077820e-01
1.408165022730827332e-01
1.416143365204334259e-01
1.328271236270666122e-01
1.504613980650901794e-01
1.295990943908691406e-01
1.515138968825340271e-01
1.405253820121288300e-01
1.473582461476325989e-01
1.391346380114555359e-01
1.457882896065711975e-01
1.411140784621238708e-01
1.390103697776794434e-01
1.480795666575431824e-01
1.337335687130689621e-01
1.360177360475063324e-01
1.472248025238513947e-01
1.434087548404932022e-01
1.464367173612117767e-01
1.416884213685989380e-01
1.432436406612396240e-01
1.368185356259346008e-01
1.403643526136875153e-01
1.357527412474155426e-01
1.415373496711254120e-01
1.442403160035610199e-01
1.327592395246028900e-01
1.455839872360229492e-01
1.298917271196842194e-01
1.426042951643466949e-01
1.318028960376977921e-01
1.485136449337005615e-01
1.485690586268901825e-01
1.423737034201622009e-01
1.360178347676992416e-01
1.455780602991580963e-01
1.478747464716434479e-01
1.381825730204582214e-01
1.495812870562076569e-01
1.443536616861820221e-01
1.373983323574066162e-01
1.441371962428092957e-01
1.371653638780117035e-01
1.416114605963230133e-01
1.371616832911968231e-01
1.346167102456092834e-01
1.404895335435867310e-01
1.449818760156631470e-01
1.422853395342826843e-01
1.451514624059200287e-01
1.413569860160350800e-01
1.348575428128242493e-01
1.463697738945484161e-01
1.337128132581710815e-01
1.386920176446437836e-01
1.465375274419784546e-01
1.489278338849544525e-01
1.396068967878818512e-01
1.478006243705749512e-01
1.397924534976482391e-01
1.475897505879402161e-01
1.484170034527778625e-01
1.389469020068645477e-01
1.382046937942504883e-01
1.473140642046928406e-01
1.390035413205623627e-01
1.459825113415718079e-01
1.461006924510002136e-01
1.385940685868263245e-01
1.440670192241668701e-01
1.402920186519622803e-01
1.440788805484771729e-01
1.406612507998943329e-01
1.363362073898315430e-01
1.266168709844350815e-01
1.455304548144340515e-01
1.470518521964550018e-01
1.414560489356517792e-01
1.433219984173774719e-01
1.414466425776481628e-01
1.319120824337005615e-01
1.389064341783523560e-01
1.393189840018749237e-01
1.360991075634956360e-01
1.334058158099651337e-01
1.337856650352478027e-01
1.338658742606639862e-01
1.467857733368873596e-01
1.386444643139839172e-01
1.449615061283111572e-01
1.287020202726125717e-01
1.295963265001773834e-01
1.439342796802520752e-01
1.458410955965518951e-01
1.397715583443641663e-01
1.441503390669822693e-01
1.235097069293260574e-01
1.300718598067760468e-01
1.467279642820358276e-01
1.390136443078517914e-01
1.311198994517326355e-01
1.434072405099868774e-01
1.341381072998046875e-01
1.364554986357688904e-01
1.494417116045951843e-01
1.433980930596590042e-01
1.398338619619607925e-01
1.363203432410955429e-01
1.446223482489585876e-01
1.355931349098682404e-01
1.311279684305191040e-01
1.284873839467763901e-01
1.440496630966663361e-01
1.427557468414306641e-01
1.432646363973617554e-01
1.374024450778961182e-01
1.455039381980895996e-01
1.337563041597604752e-01
1.450466513633728027e-01
1.422668434679508209e-01
1.353943906724452972e-01
1.439709030091762543e-01
1.402739100158214569e-01
1.454359851777553558e-01
1.342216618359088898e-01
1.394488140940666199e-01
1.414932124316692352e-01
1.351741626858711243e-01
1.476742960512638092e-01
1.321797948330640793e-01
1.490980871021747589e-01
1.488668955862522125e-01
1.479570902884006500e-01
1.386742051690816879e-01
1.453828811645507812e-01
1.480740085244178772e-01
1.419896706938743591e-01
1.391761004924774170e-01
1.431474052369594574e-01
1.413192227482795715e-01
1.418194174766540527e-01
1.523467712104320526e-01
1.534861996769905090e-01
1.437092423439025879e-01
1.473602354526519775e-01
1.409695073962211609e-01
1.275399848818778992e-01
1.384049840271472931e-01
1.320824138820171356e-01
1.381176747381687164e-01
1.418100446462631226e-01
1.408473104238510132e-01
1.553817614912986755e-01
1.403547357767820358e-01
1.394169405102729797e-01
1.435093544423580170e-01
1.466462872922420502e-01
1.423741057515144348e-01
1.430740207433700562e-01
1.325053293257951736e-01
1.393091417849063873e-01
1.372296176850795746e-01
1.423351895064115524e-01
1.353696398437023163e-01
1.429250799119472504e-01
1.370309405028820038e-01
1.456656381487846375e-01
1.417584009468555450e-01
1.380005907267332077e-01
1.325714662671089172e-01
1.316206213086843491e-01
1.384472232311964035e-01
1.412112005054950714e-01
1.409451011568307877e-01
1.387268714606761932e-01
1.424175389111042023e-01
1.429643630981445312e-01
1.379147320985794067e-01
1.351483836770057678e-01
1.348175182938575745e-01
1.355995945632457733e-01
1.379505246877670288e-01
1.363211348652839661e-01
1.433945074677467346e-01
1.332207471132278442e-01
1.378629654645919800e-01
1.388605162501335144e-01
1.383717879652976990e-01
1.346025615930557251e-01
1.369136273860931396e-01
1.380550302565097809e-01
1.390250883996486664e-01
1.289829276502132416e-01
1.334435269236564636e-01
1.406846754252910614e-01
1.365506462752819061e-01
1.347499266266822815e-01
1.440698876976966858e-01
1.364328488707542419e-01
1.432642824947834015e-01
1.381395384669303894e-01
1.469635888934135437e-01
1.379079967737197876e-01
1.492851488292217255e-01
1.467293612658977509e-01
1.473717186599969864e-01
1.345616001635789871e-01
1.347843930125236511e-01
1.448183767497539520e-01
1.363835744559764862e-01
1.395718492567539215e-01
1.424676775932312012e-01
1.456865295767784119e-01
1.288407705724239349e-01
1.419416218996047974e-01
1.481146626174449921e-01
1.501869857311248779e-01
1.396346203982830048e-01
1.358648091554641724e-01
1.285637784749269485e-01
1.441444344818592072e-01
1.342744100838899612e-01
1.392723955214023590e-01
1.344228573143482208e-01
1.425437070429325104e-01
1.456694826483726501e-01
1.319961603730916977e-01
1.355361342430114746e-01
1.348740309476852417e-01
1.446220092475414276e-01
1.342690326273441315e-01
1.264047622680664062e-01
1.410405375063419342e-01
1.418057419359683990e-01
1.422011815011501312e-01
1.380440108478069305e-01
1.375969238579273224e-01
1.428134441375732422e-01
1.385182421654462814e-01
1.336361952126026154e-01
1.450083516538143158e-01
1.345786228775978088e-01
1.397391818463802338e-01
1.366274319589138031e-01
1.362369693815708160e-01
1.230987403541803360e-01
1.396927349269390106e-01
1.289491113275289536e-01
1.288868468254804611e-01
1.409138813614845276e-01
1.310772020369768143e-01
1.353798694908618927e-01
1.457358226180076599e-01
1.453286930918693542e-01
1.367211528122425079e-01
1.299915499985218048e-01
1.384571418166160583e-01
1.395288482308387756e-01
1.317315213382244110e-01
1.248609796166419983e-01
1.429673470556735992e-01
1.364272665232419968e-01
1.368025541305541992e-01
1.426434777677059174e-01
1.385245472192764282e-01
1.383045762777328491e-01
1.217426676303148270e-01
1.372278369963169098e-01
1.448970437049865723e-01
1.367382183670997620e-01
1.486386954784393311e-01
1.439305320382118225e-01
1.474569439888000488e-01
1.351419743150472641e-01
1.428388431668281555e-01
1.368932127952575684e-01
1.464972533285617828e-01
1.330564953386783600e-01
1.408760547637939453e-01
1.414800845086574554e-01
1.442600637674331665e-01
1.442396081984043121e-01
1.385373659431934357e-01
1.479664966464042664e-01
1.377543490380048752e-01
1.447848081588745117e-01
1.340169012546539307e-01
1.341085694730281830e-01
1.451637521386146545e-01
1.418543234467506409e-01
1.471802592277526855e-01
1.377396099269390106e-01
1.323408726602792740e-01
1.454575210809707642e-01
1.355723068118095398e-01
1.294369995594024658e-01
1.427941508591175079e-01
1.333356890827417374e-01
1.297301612794399261e-01
1.391907520592212677e-01
1.397170647978782654e-01
1.418217699974775314e-01
1.392595358192920685e-01
1.417534649372100830e-01
1.345413550734519958e-01
1.312621645629405975e-01
1.253510881215333939e-01
1.305537112057209015e-01
1.343924142420291901e-01
1.330820247530937195e-01
1.349952295422554016e-01
1.418383941054344177e-01
1.387281566858291626e-01
1.310528740286827087e-01
1.401836015284061432e-01
1.377957947552204132e-01
1.339473947882652283e-01
1.422796547412872314e-01
1.433553099632263184e-01
1.437901183962821960e-01
1.470116078853607178e-01
1.365912798792123795e-01
1.474571339786052704e-01
1.455518081784248352e-01
1.378504596650600433e-01
1.386741437017917633e-01
1.396271474659442902e-01
1.407024264335632324e-01
1.284524872899055481e-01
1.348588541150093079e-01
1.299531664699316025e-01
1.407658569514751434e-01
1.350761838257312775e-01
1.354211382567882538e-01
1.397624276578426361e-01
1.432216838002204895e-01
1.394816599786281586e-01
1.393182948231697083e-01
1.300352960824966431e-01
1.418641731142997742e-01
1.281607560813426971e-01
1.326644904911518097e-01
1.359893605113029480e-01
1.449853293597698212e-01
1.407789811491966248e-01
1.396255008876323700e-01
1.396306045353412628e-01
1.473586373031139374e-01
1.351702362298965454e-01
1.441139206290245056e-01
1.376816332340240479e-01
1.355300266295671463e-01
1.376431472599506378e-01
1.277997046709060669e-01
1.394712217152118683e-01
1.426070965826511383e-01
1.418291069567203522e-01
1.359326057136058807e-01
1.414542049169540405e-01
1.370621100068092346e-01
1.317869126796722412e-01
1.370055340230464935e-01
1.415292546153068542e-01
1.391823180019855499e-01
1.370439454913139343e-01
1.288485992699861526e-01
1.416786983609199524e-01
1.281839329749345779e-01
1.236541792750358582e-01
1.372131109237670898e-01
1.267581228166818619e-01
1.430500932037830353e-01
1.351797319948673248e-01
1.393367834389209747e-01
1.343774721026420593e-01
1.371289677917957306e-01
1.338398791849613190e-01
1.336673032492399216e-01
1.302447896450757980e-01
1.442251838743686676e-01
1.481029950082302094e-01
1.283932290971279144e-01
1.368468403816223145e-01
1.321841962635517120e-01
1.350648626685142517e-01
1.402659323066473007e-01
1.262044496834278107e-01
1.356669701635837555e-01
1.233519762754440308e-01
1.406327374279499054e-01
1.390803344547748566e-01
1.362127959728240967e-01
1.350623257458209991e-01
1.296514905989170074e-01
1.424671858549118042e-01
1.426197141408920288e-01
1.348187327384948730e-01
1.287286579608917236e-01
1.321046091616153717e-01
1.377908736467361450e-01
1.377857625484466553e-01
1.447231546044349670e-01
1.422628946602344513e-01
1.390504240989685059e-01
1.408621855080127716e-01
1.379763744771480560e-01
1.322488971054553986e-01
1.394427344202995300e-01
1.424072012305259705e-01
1.298298314213752747e-01
1.422786526381969452e-01
1.317621022462844849e-01
1.339156180620193481e-01
1.308557819575071335e-01
1.386597119271755219e-01
1.387394592165946960e-01
1.300530377775430679e-01
1.374326478689908981e-01
1.378202326595783234e-01
1.321732643991708755e-01
1.404960826039314270e-01
1.478613018989562988e-01
1.386098191142082214e-01
1.397004090249538422e-01
1.306847184896469116e-01
1.352143120020627975e-01
1.263791304081678391e-01
1.335173621773719788e-01
1.363581717014312744e-01
1.284760981798171997e-01
1.281808316707611084e-01
1.361655946820974350e-01
1.393131576478481293e-01
1.332195699214935303e-01
1.393804289400577545e-01
1.324778944253921509e-01
1.305532790720462799e-01
1.353826709091663361e-01
1.379657611250877380e-01
1.360524781048297882e-01
1.442014910280704498e-01
1.359538510441780090e-01
1.279973722994327545e-01
1.423526406288146973e-01
1.375391557812690735e-01
1.430264078080654144e-01
1.429768018424510956e-01
1.289859041571617126e-01
1.361241228878498077e-01
1.388275586068630219e-01
1.420100927352905273e-01
1.393277384340763092e-01
1.221050228923559189e-01
1.370279565453529358e-01
1.419704556465148926e-01
1.445206999778747559e-01
1.426689177751541138e-01
1.368253752589225769e-01
1.330431364476680756e-01
1.283310949802398682e-01
1.346662472933530807e-01
1.327747665345668793e-01
1.362601686269044876e-01
1.380882225930690765e-01
1.305959727615118027e-01
1.335137449204921722e-01
1.476213000714778900e-01
1.284641977399587631e-01
1.362386569380760193e-01
1.319688055664300919e-01
1.424138471484184265e-01
1.325432434678077698e-01
1.336102932691574097e-01
1.356057785451412201e-01
1.375120840966701508e-01
1.276795659214258194e-01
1.385566815733909607e-01
1.304922793060541153e-01
1.261262483894824982e-01
1.356721147894859314e-01
1.396590024232864380e-01
1.342966966331005096e-01
1.413406804203987122e-01
1.309549678117036819e-01
1.332145929336547852e-01
1.406535804271697998e-01
1.376356072723865509e-01
1.212763693183660507e-01
1.301036216318607330e-01
1.360844932496547699e-01
1.346807610243558884e-01
1.428187675774097443e-01
1.357056237757205963e-01
1.380729191005229950e-01
1.446430645883083344e-01
1.297686826437711716e-01
1.431445926427841187e-01
1.369886584579944611e-01
1.378434002399444580e-01
1.465155743062496185e-01
1.341626271605491638e-01
1.236584987491369247e-01
1.397641971707344055e-01
1.424266025424003601e-01
1.369991824030876160e-01
1.414464078843593597e-01
1.295545343309640884e-01
1.426606625318527222e-01
1.306791137903928757e-01
1.385353095829486847e-01
1.379191540181636810e-01
1.396230831742286682e-01
1.365901306271553040e-01
1.200265828520059586e-01
1.375815384089946747e-01
1.295753102749586105e-01
1.351306065917015076e-01
1.439348347485065460e-01
1.399941816926002502e-01
1.398407109081745148e-01
1.401845179498195648e-01
1.436144746840000153e-01
1.353701539337635040e-01
1.419333405792713165e-01
1.319285407662391663e-01
1.267433427274227142e-01
1.401365250349044800e-01
1.361530646681785583e-01
1.383387260138988495e-01
1.214506011456251144e-01
1.379360221326351166e-01
1.315510757267475128e-01
1.321075968444347382e-01
1.372308917343616486e-01
1.355182453989982605e-01
1.272983346134424210e-01
1.310617011040449142e-01
1.268596816807985306e-01
1.450100168585777283e-01
1.418688707053661346e-01
1.271838732063770294e-01
1.413758732378482819e-01
1.252075303345918655e-01
1.336895432323217392e-01
1.302499212324619293e-01
1.370840296149253845e-01
1.365011073648929596e-01
1.331259403377771378e-01
1.393654420971870422e-01
1.401719041168689728e-01
1.331762224435806274e-01
1.371246092021465302e-01
1.317159421741962433e-01
1.384175382554531097e-01
1.353435814380645752e-01
1.365655772387981415e-01
1.375335566699504852e-01
1.342161633074283600e-01
1.385330818593502045e-01
1.354164332151412964e-01
1.297770030796527863e-01
1.323478147387504578e-01
1.328119412064552307e-01
1.381866633892059326e-01
1.361630037426948547e-01
1.345704961568117142e-01
1.424045003950595856e-01
1.371839307248592377e-01
1.285933945327997208e-01
1.307091638445854187e-01
1.378651969134807587e-01
1.408952884376049042e-01
1.316505726426839828e-01
1.333757825195789337e-01
1.369612552225589752e-01
1.323121897876262665e-01
1.290168650448322296e-01
1.373960711061954498e-01
1.355195641517639160e-01
1.421562246978282928e-01
1.423139423131942749e-01
1.408019922673702240e-01
1.365379765629768372e-01
1.330547071993350983e-01
1.308180950582027435e-01
1.340288184583187103e-01
1.405616104602813721e-01
1.413005478680133820e-01
1.365924887359142303e-01
1.339361146092414856e-01
1.384863518178462982e-01
1.263518277555704117e-01
1.200598739087581635e-01
1.266624238342046738e-01
1.253371164202690125e-01
1.399060338735580444e-01
1.375243477523326874e-01
1.467010825872421265e-01
1.324755214154720306e-01
1.377866268157958984e-01
1.346833109855651855e-01
1.357385553419589996e-01
1.329120099544525146e-01
1.269908379763364792e-01
1.430295072495937347e-01
1.290380526334047318e-01
1.391344442963600159e-01
1.373272165656089783e-01
1.281537730246782303e-01
1.313069947063922882e-01
1.391360461711883545e-01
1.334779746830463409e-01
1.298235524445772171e-01
1.311441361904144287e-01
1.372378803789615631e-01
1.387768536806106567e-01
1.292601451277732849e-01
1.248556599020957947e-01
1.374890320003032684e-01
1.305714026093482971e-01
1.381672210991382599e-01
1.234345920383930206e-01
1.314901411533355713e-01
1.297528259456157684e-01
1.387492567300796509e-01
1.307830438017845154e-01
1.407099440693855286e-01
1.337969116866588593e-01
1.411574184894561768e-01
1.306344717741012573e-01
1.285999100655317307e-01
1.238122899085283279e-01
1.325672846287488937e-01
1.350473016500473022e-01
1.327929198741912842e-01
1.409773901104927063e-01
1.425505913794040680e-01
1.357942819595336914e-01
1.347667425870895386e-01
1.277239471673965454e-01
1.401558928191661835e-01
1.292653921991586685e-01
1.320064365863800049e-01
1.394655276089906693e-01
1.279644854366779327e-01
1.335726752877235413e-01
1.286828331649303436e-01
1.344595160335302353e-01
1.218767073005437851e-01
1.367718279361724854e-01
1.266998965293169022e-01
1.375051364302635193e-01
1.378540135920047760e-01
1.366313043981790543e-01
1.329830475151538849e-01
1.339758895337581635e-01
1.217458676546812057e-01
1.297956965863704681e-01
1.403644531965255737e-01
1.368515305221080780e-01
1.315404213964939117e-01
1.356306448578834534e-01
1.302241757512092590e-01
1.371051911264657974e-01
1.338845305144786835e-01
1.339083556085824966e-01
1.263926960527896881e-01
1.334204133599996567e-01
1.400097161531448364e-01
1.359849553555250168e-01
1.422577835619449615e-01
1.315580587834119797e-01
1.429393552243709564e-01
1.374753899872303009e-01
1.320374067872762680e-01
1.416871026158332825e-01
1.376105695962905884e-01
1.391514353454113007e-01
1.337331365793943405e-01
1.342584397643804550e-01
1.397454552352428436e-01
1.419603079557418823e-01
1.301474086940288544e-01
1.438796967267990112e-01
1.328245718032121658e-01
1.306356769055128098e-01
1.292709745466709137e-01
1.350506283342838287e-01
1.375811491161584854e-01
