1.107521122942368152e-01
8.229404545078675137e-02
7.357287555932998102e-02
7.907616707185903537e-02
7.699693528314431601e-02
6.980431601405143183e-02
7.523957882076501291e-02
6.561151100322604179e-02
7.074254347632329132e-02
6.531698880717158595e-02
6.203437360624472485e-02
7.114945140977700644e-02
6.734434353808561868e-02
6.862420197576284131e-02
6.882605260858933038e-02
6.475888490676880160e-02
7.033263137564063627e-02
7.048787611226241256e-02
6.324778506532310884e-02
6.702340934425592145e-02
6.907191822926203595e-02
6.056607880940039629e-02
6.536186294009288522e-02
6.803418112297852927e-02
6.663099375242988176e-02
6.747612400601307736e-02
6.678863602379957187e-02
6.751955971121788302e-02
6.593064138044914257e-02
6.112672869736949371e-02
6.514664829398195134e-02
6.191569728155930930e-02
6.137672333667675700e-02
6.132696187123656134e-02
6.646950580179691870e-02
6.795345731079578677e-02
6.281094405179223072e-02
6.152281559382875853e-02
6.443389958391586292e-02
6.355972159653902609e-02
6.459751563767592020e-02
6.510020618637403500e-02
5.915877052272359299e-02
5.423459485173225125e-02
6.811491530388594229e-02
6.512166087826093408e-02
6.420678856472174234e-02
6.138924959426125122e-02
6.029992479210098677e-02
6.636025415112574433e-02
6.418806485210855339e-02
6.302871881052851677e-02
5.740272458642721454e-02
6.281386728708943101e-02
6.494579104085763943e-02
5.678512326752146316e-02
6.287729311734438498e-02
5.761071729163328575e-02
6.015639851490656859e-02
5.638001247619588846e-02
6.626391702642044079e-02
6.356027778238057535e-02
5.921993485341469493e-02
6.266305390745401105e-02
6.379516388600071919e-02
6.340539579590161179e-02
6.003686639790733331e-02
5.679368755469719338e-02
6.221816965068380223e-02
6.077095006282130785e-02
6.205772683024406156e-02
5.692920420939723974e-02
5.557453610623876161e-02
5.847606003905336108e-02
6.281321449205279350e-02
5.422775608797868185e-02
6.180306375026702742e-02
6.190736057857672281e-02
5.430755941197275977e-02
6.177736846730112752e-02
5.850331317633390704e-02
5.324822189286351065e-02
6.041831253096461435e-02
6.375736069555083818e-02
6.110308002680540224e-02
5.954593395193417960e-02
6.380990852291384963e-02
5.446567457790175981e-02
6.433777601147691594e-02
6.008228141193588251e-02
5.628480650484561643e-02
6.129026512304942137e-02
6.182497159267465181e-02
5.928520339851577753e-02
5.511725998173157282e-02
6.164851551875472069e-02
6.021354971453547755e-02
6.375076457237204008e-02
6.104235810538132662e-02
5.601234516749779152e-02
6.273003745203216408e-02
5.998018393293023248e-02
5.618710663790504184e-02
6.119685250644882335e-02
6.115876693899433003e-02
6.007498878364761485e-02
5.827837806815902577e-02
5.623599154253800664e-02
6.004248087604840273e-02
6.052030908564726835e-02
6.133002405986189703e-02
5.221872348338365416e-02
6.041228752583265027e-02
6.042353541900714192e-02
6.077158004045486728e-02
5.907517941668629508e-02
6.192757217213511189e-02
5.985931651666760722e-02
5.489327867204944061e-02
6.157865729182958325e-02
6.024442010869582309e-02
5.792172768463690891e-02
5.740155229965845929e-02
5.010213898494839807e-02
5.519425701349973956e-02
5.696117052187522206e-02
6.196749797090887746e-02
5.965038205807407512e-02
5.003636684268712720e-02
5.783353190248211040e-02
6.072677001357078275e-02
5.096196404968698912e-02
5.553471228728691644e-02
6.000673221424222131e-02
5.463250757505496574e-02
5.856987706695993695e-02
6.048647171507279263e-02
5.542608570928374973e-02
5.992178094262878146e-02
6.012770437325040684e-02
5.821087062358856062e-02
5.698278564959764758e-02
5.514983866984645572e-02
6.059220051392912726e-02
5.942127186184128357e-02
5.456150627384583063e-02
5.867224382236600061e-02
5.807745369772116667e-02
5.635345693056782040e-02
5.520624062046408653e-02
5.466426303610205650e-02
5.899069455141822682e-02
6.112348310028513365e-02
5.718973570813735280e-02
5.536920102313160758e-02
5.824614210675160136e-02
5.758579221243659979e-02
5.730962269008159360e-02
4.650808451697230339e-02
5.865113936985532489e-02
5.930342180654406270e-02
5.749169181411464824e-02
5.811694016059239937e-02
5.692759075512488637e-02
5.856610362728436464e-02
5.781955116738875938e-02
5.559334410354495326e-02
5.791451980670293126e-02
5.558995008468627791e-02
5.667038854832450595e-02
5.319030340760946135e-02
5.827029847229520804e-02
5.577876384680469785e-02
5.856645945459604263e-02
4.453206313773989955e-02
6.016982942819595198e-02
5.816394180680314885e-02
5.926406644284724912e-02
5.565033533299963003e-02
5.859752902761102000e-02
5.786113928382595473e-02
5.758890152598420548e-02
5.666516910617550029e-02
5.770246960843603001e-02
5.607156927386919981e-02
5.895876536766687936e-02
5.657185319190224243e-02
5.638944121698538647e-02
5.445791886498530660e-02
5.913080666214227954e-02
5.640297684197624617e-02
5.618456496546665735e-02
5.476386466373999590e-02
5.489462818950414935e-02
5.272298182050386833e-02
5.629983361189563884e-02
4.987618165711561746e-02
5.885144543523589816e-02
5.592847280204295973e-02
5.537214241921901980e-02
5.834822260464231358e-02
4.794003941739598956e-02
5.133316901822884692e-02
5.592123462508122311e-02
5.748096589619914459e-02
5.806065987174709869e-02
4.914021699999769621e-02
5.149544629578788751e-02
5.808347466712196483e-02
5.622300161048769673e-02
5.417314233879248070e-02
5.335498234877984053e-02
5.043218595286210609e-02
5.721625927835703035e-02
5.892580002546310425e-02
5.719428680216272903e-02
5.617661156381170001e-02
5.738294782737891203e-02
5.577541493500272340e-02
5.602099957565466470e-02
5.554769722123940878e-02
5.674628733346859938e-02
4.970592595636844774e-02
5.538321795562903271e-02
5.557399600123365951e-02
5.519320024177432060e-02
5.410664808005094528e-02
5.788230995337168699e-02
5.703147184103727479e-02
5.721320047353704863e-02
4.853270286694168906e-02
5.276235953594247269e-02
4.967638176555434770e-02
5.149312618499000960e-02
5.401202843834956163e-02
5.769310416653752188e-02
5.432364769900838858e-02
5.244004490474860058e-02
5.546056808282931461e-02
5.659151198342442235e-02
5.427088678504030095e-02
5.102600002040465904e-02
5.685101312895615711e-02
5.032859932010372295e-02
5.960272255664070262e-02
5.209495803962151117e-02
5.671003799264629636e-02
5.221583262706796374e-02
5.063150313993294849e-02
5.075634553407629146e-02
5.654285357644160681e-02
5.313435522839426994e-02
5.239875443900624680e-02
5.511216474696993550e-02
5.542962215840816637e-02
5.301019440715511871e-02
5.269239715610941205e-02
5.192386579389373508e-02
5.729820610334476066e-02
5.706456896538535800e-02
5.483924389506379671e-02
5.462405662983656207e-02
5.076879436771074977e-02
5.439446528131763187e-02
5.547322624673445973e-02
5.263282358646392822e-02
5.385704307506481575e-02
5.480014625936746597e-02
5.384004432708024840e-02
5.420196345075965066e-02
5.338605421905716353e-02
5.517794343953331265e-02
5.419643527517715997e-02
5.197345223277807097e-02
5.466702083746591972e-02
5.112785743549465994e-02
5.681984263161818371e-02
5.176623016595840315e-02
5.769782889013488902e-02
5.367243504151701650e-02
5.584868866329392029e-02
5.455154376104474206e-02
4.882600723455349928e-02
5.756892586747805463e-02
5.117027247324586192e-02
5.792282829061150273e-02
5.310669979080558101e-02
5.578224677592515807e-02
5.169735479479034557e-02
5.366925041501720978e-02
5.204610927030443868e-02
5.579261006787419180e-02
5.461183621858557019e-02
5.705325311670701033e-02
5.440364523480335779e-02
5.409778874988357272e-02
5.418246379122138023e-02
5.576814829061428613e-02
4.501367462798953195e-02
5.717388878886898312e-02
5.302789751440286498e-02
5.056484304368495664e-02
5.207999109600981030e-02
5.443676083038250652e-02
5.561997306843598915e-02
5.390241782491405481e-02
5.571206364159782959e-02
5.434641651809215407e-02
5.325065165137251449e-02
5.399757757162054056e-02
5.406656702980398854e-02
5.368289767454068051e-02
5.530561947574218207e-02
5.401277383789419850e-02
4.904377938558657918e-02
4.967019173006216592e-02
5.544453148419658389e-02
5.281180006762345447e-02
4.777957856034239364e-02
5.748862704883019037e-02
5.440517356619238576e-02
5.345592840264241224e-02
4.979703761637210846e-02
4.778346074745058736e-02
5.253944921617706432e-02
5.413362014417846813e-02
5.282100293164451732e-02
4.938604825486739291e-02
5.199768239011367393e-02
5.512280268594622890e-02
5.369926296795408255e-02
5.516446065157652040e-02
5.403466131538152417e-02
5.572985056787729125e-02
5.342666764433185583e-02
5.291429456944266724e-02
5.224067239711682048e-02
5.406780373305082599e-02
5.429216511547565321e-02
5.166989238932728767e-02
5.512802911301453723e-02
5.022513096531232291e-02
4.830587301403284350e-02
5.447708715995152468e-02
5.227349388102690148e-02
5.164427083606521612e-02
5.301887492338816510e-02
5.303778375188509392e-02
4.939433047547936440e-02
4.670106082533796721e-02
5.415119926134745465e-02
4.802394043654203276e-02
5.164871321370204105e-02
5.371431525175770355e-02
5.447641639038920680e-02
5.062250817815462656e-02
4.975848458707332611e-02
5.235732030123472353e-02
5.204366315156221112e-02
5.158876695980628424e-02
4.693918141225973673e-02
5.523375937094290866e-02
5.457295312856634550e-02
5.225237313037116998e-02
5.277831899002194405e-02
4.269489531094829149e-02
5.520974462851881842e-02
5.023736335958043503e-02
5.268348592023054666e-02
4.717328445985913277e-02
5.509728208805123734e-02
4.999838940178354812e-02
4.866687950367729054e-02
5.002697054296732088e-02
4.835361440976460728e-02
5.436586656918128424e-02
5.092548010870814185e-02
5.445610992610454282e-02
5.156333073973655423e-02
4.876206992194056372e-02
5.514954334745804376e-02
5.355073213577270230e-02
5.185247641056776186e-02
4.955474644278486801e-02
4.690921219686667448e-02
5.413742847740650455e-02
5.337872554858525548e-02
5.393272104362646646e-02
4.973055555795629495e-02
5.083522346491615301e-02
5.446135550737381259e-02
5.324339087431629453e-02
5.253923634688059674e-02
5.328353506823380742e-02
4.891484370455145836e-02
5.390446068098147386e-02
4.798423663402597017e-02
5.541604155053694858e-02
5.513626364991068562e-02
4.723098641261458397e-02
5.045836999391516142e-02
5.181800282249848094e-02
4.812824434290329662e-02
4.728307720894615179e-02
5.450251043463746892e-02
5.261706644669175009e-02
5.324866510927676877e-02
4.612243541826804155e-02
5.247947744404276443e-02
4.763293111075957847e-02
4.386712089180946211e-02
4.795197471976279935e-02
4.454122229168812341e-02
5.373649066314101219e-02
4.954586261883377890e-02
5.475855985035498613e-02
4.812045240153869224e-02
5.615147221833467761e-02
4.543879435708125109e-02
5.290983173375328474e-02
5.251024908696611676e-02
4.645579727366566658e-02
5.683430880308151106e-02
5.158559450258811546e-02
5.343776981656749719e-02
4.684578866387407309e-02
4.875598515694339746e-02
5.452254001672069555e-02
5.360812724878390861e-02
4.967478821054101268e-02
3.841417127599319054e-02
5.854399790987372537e-02
4.997636756549279219e-02
5.072804959490895271e-02
5.452003503839174953e-02
5.443108913799126619e-02
4.769241924708088332e-02
5.159938298165798326e-02
4.845734049255649017e-02
3.883487184842427525e-02
5.453932508826255660e-02
5.064856040601928983e-02
4.912769117703040533e-02
5.574927156170209064e-02
5.139040180171529359e-02
5.099358633160590987e-02
4.533773713434736258e-02
5.259951824943224358e-02
4.945561649898688045e-02
5.207921111335356984e-02
5.523434796681006564e-02
5.222234682490427965e-02
4.637835292766491480e-02
5.085513591766357283e-02
4.720507608726620674e-02
4.865263281390071193e-02
5.409274191285173145e-02
5.362650090828537802e-02
4.856785659988720888e-02
5.039206435903906961e-02
5.158042951176564084e-02
5.006229967499772893e-02
5.180984238783518242e-02
5.319164181128144264e-02
5.098024268324176378e-02
4.406964620575308522e-02
5.131374172245462689e-02
5.324169161419074064e-02
5.120870402703682489e-02
5.150415158520142006e-02
4.488526113952199387e-02
4.921293739850322174e-02
4.795079814891020642e-02
5.324553356816371513e-02
4.430609357853730612e-02
5.292564776415626532e-02
5.080158747732639590e-02
5.311072844391067499e-02
5.160832488909363608e-02
4.965601451694965501e-02
5.368662647282083922e-02
4.659552620723843297e-02
5.043289599319299155e-02
4.883435064305861883e-02
4.910914991050958911e-02
5.275398933639129095e-02
5.011870460584759435e-02
5.068773087114095827e-02
5.334767230475942479e-02
4.762026993557810783e-02
4.909550681089361324e-02
5.274697318673134128e-02
4.618085194379091540e-02
4.876625615482529236e-02
4.514611888055999889e-02
5.283599641794959473e-02
5.254995857054988589e-02
4.896270027384162088e-02
5.015460019931197028e-02
5.164501319328943657e-02
