5.667724525133769120e+00
1.353951121966044058e+00
5.447798788547515425e-01
2.150448278586069850e-01
1.139845559125145236e-01
1.127438419001797892e-01
8.562424600745241476e-02
7.800745007271568665e-02
8.010120486840605070e-02
8.069728075837095949e-02
1.035367868095636301e-01
9.359464538594086669e-02
1.174286392827828679e-01
8.544390641773740025e-02
8.837556046123305753e-02
8.950325644264618685e-02
7.644911449402570780e-02
7.413287832091251806e-02
7.514348154887556808e-02
7.102191718295217115e-02
6.823011037583152916e-02
7.105964777991174985e-02
7.493593204766511862e-02
6.858283007517457230e-02
6.819738011186321502e-02
6.865330498665571379e-02
7.039497263729571630e-02
7.929968657592932624e-02
7.457768661901355289e-02
7.937907947227358652e-02
7.363712390884756542e-02
7.460494115327795384e-02
6.965372420847415480e-02
7.270485275114575707e-02
6.560537932440638209e-02
7.101577699184417891e-02
6.963385166600347120e-02
7.206663064658641593e-02
6.707693632071216883e-02
6.936602039883534021e-02
7.351454034447670038e-02
6.337060074632366868e-02
7.190379563408592911e-02
9.844970549146334071e-02
6.860716678202152807e-02
6.714910920709371567e-02
6.841654953857262411e-02
7.070413393278916769e-02
6.853869715705514232e-02
7.604483904937903160e-02
6.713465426738063346e-02
6.697007872785130933e-02
7.795127405474583382e-02
8.504364307969808356e-02
6.773434404283762422e-02
8.240856988976398567e-02
7.120263451710343028e-02
7.548277240246534237e-02
7.272540556887785446e-02
7.934756792460878616e-02
6.567183915525674764e-02
7.099637763574719040e-02
6.726816192890207324e-02
6.436168483768900384e-02
6.936643958712616909e-02
6.677637439221144333e-02
6.459094777082403926e-02
7.533995845665533708e-02
6.697308446280658689e-02
6.132739201808969087e-02
6.815438051397601504e-02
7.834284959981839547e-02
7.564917543282111134e-02
6.701396154860655985e-02
6.419855357458194300e-02
7.220748120918869806e-02
7.241251926248272464e-02
6.655486834545930319e-02
7.674589983498056323e-02
6.675264683241645403e-02
7.272581589718660200e-02
8.409120807734628278e-02
6.656491305058201413e-02
7.379626223196586454e-02
6.467747405792276250e-02
7.087432210023204837e-02
6.319701869661609184e-02
7.872365234419703706e-02
6.422575177624821607e-02
7.519301627452175396e-02
6.936656903475522939e-02
6.732838828116655128e-02
6.228816201289495008e-02
6.539054508010545830e-02
7.303668466086188360e-02
6.458415812502305009e-02
6.597882589946189869e-02
6.411370615164438402e-02
6.457088996966679761e-02
7.006402029345433491e-02
6.458309214562177325e-02
6.500049083804090855e-02
6.654499477396408347e-02
6.114794696991642659e-02
6.471183941389123395e-02
6.395746768141785665e-02
6.383741845066348564e-02
6.630170188533762721e-02
7.571132845555741953e-02
6.957332877442240493e-02
6.487501628076036697e-02
6.932126901422937248e-02
6.713127815164625367e-02
6.269150844464699279e-02
6.477194972957174557e-02
6.560025870800018089e-02
6.285921387374400482e-02
6.456076721971233667e-02
6.615064095705747160e-02
6.316402560720840720e-02
6.274358646323283106e-02
7.155241881807644644e-02
6.675208133334914473e-02
9.210412142177422379e-02
6.076552845227221888e-02
6.843949100623528126e-02
6.312846254557370751e-02
6.258879474053780090e-02
7.734291384617487941e-02
6.518444354335467539e-02
6.809035393098990252e-02
7.146985380289455625e-02
7.637830051903923834e-02
6.159393730883797047e-02
7.429042801881829972e-02
6.669377841676274454e-02
6.464494952311118647e-02
7.018376963833967974e-02
6.228938195854425569e-02
6.878197391207019340e-02
6.755200834323962789e-02
6.704644637803236495e-02
7.278737050481140503e-02
6.953431926046808875e-02
6.170110626767078693e-02
6.724750202149153144e-02
6.889931951959928080e-02
6.286425034826000069e-02
6.425837175299724258e-02
6.313245936917762091e-02
7.071472999329368736e-02
6.843847014630834169e-02
6.811744244148333627e-02
6.234199217831094819e-02
5.846086358961959800e-02
6.465084780628482797e-02
6.653073304022351364e-02
6.183493345354994231e-02
7.634533171231548676e-02
6.621750500053166788e-02
6.389330603803197728e-02
6.851934977496663970e-02
6.231304082398613636e-02
6.536566082388162169e-02
6.359320908163984543e-02
6.345765183990199898e-02
6.194464699675639174e-02
6.735104716072480568e-02
6.353904833396276097e-02
6.651366590522229949e-02
7.497620234265924000e-02
6.384501951436201417e-02
6.858552927772204599e-02
6.094531460975607245e-02
7.994306492308775325e-02
6.506957052896419902e-02
8.145901280765732722e-02
6.198546657338738219e-02
7.613851929083466363e-02
6.462166748320062604e-02
6.108728747194012293e-02
6.504189606755972353e-02
6.338372118771076758e-02
6.489830343673626267e-02
6.406290552889307155e-02
6.080494770159323992e-02
6.476982848097879997e-02
5.935921436175704141e-02
6.186569677044947979e-02
6.119268420462806862e-02
7.195865410690506503e-02
6.582179396723707165e-02
6.367646442105372173e-02
6.933114982210099309e-02
6.555297667781512239e-02
6.458236035580436352e-02
6.079106251709163328e-02
6.074647963047027921e-02
6.012938768913348581e-02
6.718971137267848448e-02
6.361857491855819891e-02
8.149083275968829754e-02
9.416284993290900684e-02
7.406852734585603337e-02
6.466082358732819224e-02
6.272168707723418946e-02
6.832975326105952818e-02
7.098902042334277740e-02
6.423249234755834536e-02
6.996201328312356971e-02
6.844989386076728854e-02
7.254312355071305951e-02
9.126620487620433486e-02
7.358742350091536377e-02
7.538960667327046505e-02
6.753760948777198792e-02
7.516908144578338113e-02
6.317992190830409860e-02
7.070911435410380530e-02
6.013654034584760971e-02
6.023900687073668186e-02
6.297341320042808277e-02
7.059132404625416413e-02
6.885122700283924368e-02
6.149884325762589726e-02
6.745075943569342480e-02
6.347013750423988188e-02
5.982312641416986931e-02
6.039054621631900766e-02
5.959154264380534666e-02
6.943989513441919947e-02
6.805383649654686562e-02
8.151860778530438389e-02
7.994441661362847173e-02
6.459880813956260515e-02
6.037836647282043834e-02
5.777633196984727909e-02
7.966325402259827326e-02
6.762803625936308904e-02
6.153029076134165082e-02
6.617039641986290077e-02
8.044228456914424841e-02
6.243005651980638310e-02
7.294846917813023468e-02
6.313171166926621891e-02
6.842704787229497709e-02
6.213684848199287764e-02
7.512321228161454589e-02
7.839770724065601992e-02
7.758329029505452168e-02
6.474821337809165411e-02
7.478247351323565051e-02
6.931661878402034516e-02
6.309213480601708057e-02
6.804198314746220944e-02
6.826369306693474970e-02
6.605617349036037311e-02
6.775123226145902955e-02
5.985997761289278685e-02
6.200337903574108800e-02
6.528102679178118817e-02
6.951128684605160923e-02
6.755203340202570184e-02
6.939155533288915434e-02
6.057747072229782703e-02
7.160090838248531209e-02
7.445312667017181529e-02
6.831524140511949228e-02
6.062408604969581061e-02
6.558672583972414982e-02
6.277522053569555005e-02
7.160930766413609039e-02
7.039907952770591004e-02
6.578173737352092931e-02
7.406281932567557180e-02
7.231245931858817921e-02
6.070430345833301850e-02
6.205332505206267307e-02
6.116743274033069333e-02
7.069378932317098296e-02
6.103388121351599471e-02
6.373489861687024749e-02
7.655459656069675545e-02
6.106510796273748043e-02
6.861040908222397483e-02
7.583339356506864359e-02
8.123619541525840815e-02
6.723107871909936306e-02
7.095378653456767271e-02
6.336380738765001741e-02
7.383661366999148823e-02
6.109069864576061742e-02
6.462205577020843639e-02
6.403177180637915911e-02
6.228348909566799874e-02
6.175805222243070658e-02
6.203163010999560023e-02
6.161053388689954891e-02
6.788706803383925958e-02
6.254760757709543206e-02
5.986906930804252597e-02
6.537304267908136679e-02
6.723235708971818381e-02
6.055764421820640508e-02
6.054059974228342272e-02
5.878064415107171065e-02
6.167170834106703442e-02
7.245641739418108573e-02
6.780742256591718031e-02
6.265265124539534658e-02
6.429358219417433129e-02
5.933562658727169203e-02
6.374598175908129105e-02
6.978144162644941972e-02
7.169853406647841432e-02
7.682748087992270769e-02
6.640509363884726513e-02
5.936223961102465863e-02
7.455552131558458584e-02
6.075956733897328044e-02
6.340945804491639193e-02
6.409387589121857964e-02
6.899463216463724846e-02
8.134795886774857931e-02
6.388018930951754049e-02
6.104027387996514842e-02
5.814580341490606374e-02
6.814483531440297670e-02
6.508939376721779857e-02
6.173897927626967319e-02
6.507611466261248312e-02
6.556464117641250255e-02
6.235576761265596013e-02
6.298553419609864701e-02
6.141674501200516945e-02
6.041024047260483421e-02
6.674064498705169213e-02
7.125033880273501374e-02
6.100500764325261088e-02
6.684505162760615016e-02
6.680751305073499846e-02
7.219245993221799773e-02
6.451165786944329517e-02
6.738273169845342137e-02
6.298086165140072412e-02
6.748218525201082896e-02
7.446369636803865100e-02
6.621453532328208658e-02
7.339104382010797067e-02
9.705971601419151329e-02
6.157049798096219523e-02
6.809248059367140060e-02
6.732259416331846935e-02
6.386915640905499458e-02
6.019997373844186705e-02
6.701724143698811753e-02
6.803543147941430724e-02
6.050200272972384996e-02
6.341229585309823835e-02
6.721959236077963695e-02
7.967114892788230984e-02
6.598203881022830786e-02
6.352530996625621595e-02
7.699627894287308649e-02
7.212593873341878459e-02
8.976970993292827938e-02
6.020679354046781784e-02
7.069053940474986919e-02
6.555094019199411703e-02
6.648272833476463750e-02
5.909387995178500691e-02
6.275686514563857954e-02
7.105276825527349904e-02
6.361733172088861188e-02
8.483900042871633795e-02
6.311618690689405065e-02
6.314434814577300770e-02
6.742359565570950342e-02
7.283567844579617867e-02
7.003348988791306684e-02
6.511896021043260541e-02
6.013840130219856583e-02
6.849861327869197214e-02
7.252837243800361322e-02
9.210455789541205363e-02
7.507297813892364891e-02
6.603830736440917393e-02
6.307608991861343717e-02
7.802709978694717663e-02
7.745988971243301935e-02
5.909373266622423848e-02
5.977711491286754469e-02
6.873401984572410917e-02
7.680076219141483695e-02
7.335380412948627749e-02
6.237230132023493384e-02
7.997210046897332281e-02
7.154491969694694309e-02
6.009199838464458765e-02
8.083334937070807413e-02
6.590444092949231114e-02
6.662485848491390972e-02
6.580087494725982145e-02
7.936472764238715338e-02
6.215670690561334033e-02
6.119806970159212545e-02
5.970753593991200148e-02
6.375181762501597182e-02
5.996403336524963601e-02
6.973482283453145969e-02
7.302186736837029679e-02
6.405862407758831922e-02
7.031257413948575896e-02
6.885875652233759692e-02
7.233858004833261524e-02
5.940277670199672205e-02
6.881167667297025115e-02
6.138983247180779951e-02
7.784924006710450262e-02
7.004127847651640815e-02
6.644847997153799368e-02
6.534751530736684910e-02
5.915589771543940112e-02
6.666298829639950851e-02
6.044984252502520750e-02
6.854775535253186669e-02
6.617790251659849687e-02
6.034115811499456833e-02
5.865533966881533723e-02
6.037006096914410841e-02
8.719210959350069678e-02
6.528281168391307510e-02
6.826417398328582520e-02
6.299571111177404426e-02
6.394585006559888596e-02
5.884958369036515785e-02
7.741784818470477669e-02
6.612499934310714367e-02
6.896438149735331646e-02
8.079186238348484705e-02
6.606956947594881668e-02
6.445594054957230756e-02
6.745724324447413545e-02
6.146947941432396451e-02
6.194754529123504966e-02
6.202560706684986935e-02
6.341338020438949674e-02
6.231226605052749001e-02
6.966146100933352792e-02
5.846230708683530786e-02
6.153952377227445147e-02
6.524620529264212043e-02
7.042010663077234722e-02
5.837834361940621997e-02
6.135817501073081992e-02
7.674027112002174134e-02
6.195615841696659742e-02
6.420283890639742752e-02
7.020393333708246919e-02
6.870093988254666328e-02
6.193594911446174273e-02
7.077254194145400634e-02
7.334896781171361402e-02
6.356987375145156660e-02
6.756715752494832361e-02
8.242956762202084675e-02
6.510310072451830354e-02
6.444020908325910624e-02
5.970966563249627962e-02
6.401671607357760363e-02
7.609113484621048140e-02
6.157081730042894552e-02
6.558800652002294562e-02
5.911433163409431785e-02
7.025519910578927052e-02
6.152261061593890246e-02
6.149035244559248464e-02
6.723531500125924654e-02
6.237147705008586063e-02
5.872775884345173697e-02
6.299346389559408455e-02
6.314536979111531889e-02
6.067311218008399065e-02
7.227061137557029558e-02
7.057668957238395768e-02
5.968196723610162679e-02
6.382315037151177484e-02
6.207610455031196267e-02
6.103987690682212419e-02
6.463430002952615105e-02
6.828883590797583947e-02
6.634463618819912145e-02
7.074189173988998380e-02
6.814945419629414580e-02
7.021579638123512379e-02
6.874320769992967040e-02
5.911704616621136360e-02
6.664363154520591692e-02
6.859712217003106904e-02
6.719881135349471679e-02
