1.267719929118951150e+00
1.526804790149132451e-01
8.317212650552391340e-02
7.449506737912695020e-02
6.977525938923159754e-02
7.118002209191520713e-02
7.549770087624589621e-02
6.663733268777528862e-02
6.680380275472998231e-02
6.699876102929314126e-02
6.569313217575351027e-02
6.998510788505275804e-02
6.402963294337192524e-02
7.602069009095430152e-02
7.179493715986609570e-02
6.391061345736186172e-02
6.769316926598549500e-02
7.229265586162607338e-02
6.417095352585117096e-02
6.750279299914836717e-02
6.304139345263441718e-02
6.500243651370207765e-02
6.290015373378991803e-02
6.397899172579248062e-02
6.255641996860504539e-02
6.463914291933178791e-02
6.246160238360365380e-02
6.402742631733417122e-02
6.142030009378989658e-02
6.212846406425039103e-02
6.407049120714267132e-02
6.180141286303599685e-02
6.077551073705156348e-02
6.116281067331631738e-02
6.258386035139361370e-02
6.514183908700943437e-02
5.963822895660996631e-02
6.206182864805062649e-02
6.038056934873262810e-02
6.242875856657822964e-02
6.207801157608628523e-02
6.640571685507894173e-02
6.426740966116388509e-02
6.200065338984131480e-02
6.082988912860552710e-02
5.935724869991342023e-02
6.351709270849824340e-02
5.957072641079624170e-02
6.089656008407473564e-02
6.415750273192921682e-02
5.956218691232303963e-02
6.031508731345335689e-02
6.315694944933056276e-02
6.003188281630476159e-02
5.940879586463173462e-02
5.727041031233966184e-02
5.768824135263760783e-02
5.970918035134673008e-02
6.130696165375411344e-02
6.208115962644417812e-02
6.128568404664595792e-02
5.948780021319786948e-02
5.756570390736063386e-02
6.073498423521717093e-02
5.913041677325964196e-02
5.865548819303512823e-02
6.082601043085256870e-02
5.758634689574440579e-02
6.205785745754838212e-02
5.891611646239956063e-02
5.799397985140482270e-02
5.751763065656026463e-02
6.184335052967071533e-02
6.470271804990868070e-02
5.800914932663241846e-02
5.810993460938334437e-02
5.906201135677596054e-02
5.869947858775655114e-02
6.228181957577665767e-02
6.464244331233202912e-02
5.986911473174889864e-02
5.516741589953502028e-02
5.927003448208172792e-02
5.985047340393066101e-02
6.022286404545108135e-02
5.860301683967312353e-02
5.791407746573289106e-02
5.859558463717500637e-02
5.715903835992018622e-02
5.779883490254481698e-02
5.869076109801729668e-02
6.008298792565862356e-02
5.631653301417827856e-02
5.836856940140326688e-02
5.833582830304900879e-02
5.671359878654281400e-02
5.949297235036889869e-02
6.157161002978682462e-02
6.269531186049183413e-02
5.965248110393683162e-02
5.850942257791757334e-02
5.964465903118252449e-02
6.050334028589228474e-02
5.977974132324258283e-02
6.126160322688520288e-02
5.817768936976790151e-02
6.518416480471690699e-02
6.085923755541444019e-02
6.109411285569270322e-02
5.896318065933883051e-02
5.898232501621047952e-02
5.520527058591444963e-02
5.955815518895785088e-02
6.320333740363517916e-02
5.663456932641566105e-02
5.801498422399162941e-02
5.715227203443646459e-02
5.721385506913066049e-02
5.816778762266040098e-02
5.896486862252155875e-02
5.744382300724586166e-02
6.395659919517736325e-02
5.663848149279753635e-02
5.679030475517114068e-02
6.349461636816461363e-02
5.960643269121646687e-02
6.346887294203043539e-02
5.393660333628455539e-02
5.490528926874200383e-02
5.872412538776795171e-02
6.124042618398865129e-02
6.108150333166122159e-02
6.033160656690597645e-02
5.960176275422175707e-02
5.749087167282899286e-02
5.632005070336162933e-02
5.990317611334224773e-02
5.408224421242872892e-02
6.600489097336928457e-02
5.723868290583292856e-02
5.600649599606791901e-02
5.597887235693633362e-02
5.578339816381534116e-02
5.587542165691653656e-02
5.813036442423859945e-02
5.632031804571548811e-02
5.725230901812513457e-02
5.701729509669045681e-02
5.521558085766931079e-02
5.802411561831832126e-02
5.619041367744406074e-02
6.310837551330526762e-02
5.732556470359365108e-02
6.134667831162611551e-02
5.698019911224643658e-02
5.885815538465976465e-02
5.593139796828230231e-02
5.832844716807206176e-02
5.467176905212303012e-02
6.079234945898254888e-02
5.993898562155663967e-02
5.754569680119554081e-02
5.717302383854985098e-02
6.434178788214922617e-02
5.690985384707649558e-02
5.960562371338407051e-02
5.634214478234449847e-02
5.501808982652922619e-02
5.706910611130297517e-02
5.606331588700413926e-02
5.804045506442586516e-02
5.775061530371507212e-02
6.002597037081917192e-02
5.728755152473847395e-02
5.738489606107274876e-02
5.662520363926887290e-02
6.782092858105898125e-02
5.888170804828405519e-02
5.934597445031006974e-02
5.700958309074243002e-02
5.589877689257263804e-02
5.937740329653024701e-02
5.554537019071479481e-02
6.464276349792877352e-02
5.450894083827734216e-02
5.675949073707064335e-02
5.463133808225393434e-02
5.795663418869177741e-02
5.730021591608722847e-02
5.637518164391319003e-02
5.885534646610419279e-02
5.717503958071271791e-02
5.945141809682051581e-02
5.722379982161025086e-02
5.697955181201298791e-02
5.611048244250317618e-02
5.883216587205727932e-02
5.693928648407260706e-02
5.535990752279758287e-02
5.741956022257606318e-02
5.802502064655224584e-02
5.815116814648111504e-02
5.457923645153641562e-02
5.781130542668203726e-02
5.760790176068743274e-02
6.084492971499760872e-02
5.794503913881877966e-02
5.513094577938318364e-02
5.681823029493292265e-02
5.819263225421309610e-02
5.820751552780469018e-02
5.825168934340278076e-02
5.572292305529117501e-02
5.564145938182870482e-02
5.814511381400128132e-02
5.810912127917011727e-02
5.789493351553877398e-02
5.545574356491367318e-02
5.635406150793036140e-02
5.658031620085239577e-02
5.693085265656312038e-02
5.639721987148126059e-02
5.471683857962489350e-02
6.103048732504248730e-02
5.729725837707519420e-02
5.977301888788739970e-02
5.565048173690835542e-02
5.637878601749737872e-02
5.597018660356600783e-02
5.605428918885688172e-02
5.740919747700293924e-02
6.054009211249649497e-02
5.598000659296909626e-02
5.367282269522547639e-02
5.778070151805878019e-02
6.089767474681138937e-02
5.362377359221379147e-02
5.679128691554069519e-02
5.718770505860448078e-02
5.662107572890818369e-02
5.575927222768465447e-02
5.765741062661011718e-02
5.349343253299593953e-02
5.634304944425821277e-02
5.588598987087607661e-02
6.028815252085526627e-02
5.871868444606662130e-02
6.228785712271928815e-02
5.822008085747559791e-02
5.465061550959944559e-02
5.425938965752721138e-02
5.244700850918888879e-02
5.594983058360715467e-02
5.360408888198435473e-02
5.636313557624816895e-02
5.384627254058917123e-02
5.915883556008338928e-02
5.678331701705852802e-02
5.664429899925987194e-02
5.935136851544181580e-02
5.644477889562646289e-02
5.433772154152393535e-02
6.163938188925385808e-02
5.781490168534219459e-02
5.925693800052007215e-02
5.363959878683090265e-02
5.796148527413606810e-02
5.653775792568922071e-02
5.511923804258306997e-02
5.564844451223810440e-02
5.697125945861140905e-02
6.292762996007998655e-02
5.469160330171386059e-02
5.735428364326556477e-02
6.147021950222551767e-02
5.477446692995727173e-02
5.508565145855148781e-02
5.309438533460100751e-02
5.707824728451669355e-02
5.545985396330554984e-02
5.413403883576393266e-02
5.701738760806620426e-02
5.458082104101777410e-02
5.670593138163288610e-02
5.486460477734605296e-02
5.336736906940738046e-02
6.091501814313232677e-02
5.758965224027633861e-02
6.145946150024732269e-02
5.690130503848195298e-02
5.570428925255934555e-02
5.484800454229116218e-02
5.738461573297778950e-02
5.789661624158422282e-02
5.572656232242782781e-02
5.565134252111116758e-02
5.537338515743613077e-02
5.464438676834106751e-02
5.874205439041058074e-02
5.769185038283466960e-02
5.455768394594390919e-02
5.383215951422850448e-02
5.338459117027620493e-02
5.511891884108384432e-02
5.343759401701390910e-02
6.349160810622075934e-02
5.578957419221600156e-02
6.082898527383804460e-02
5.491386342793703329e-02
5.397261390462517600e-02
5.698609851300716345e-02
5.546175235882401522e-02
5.325960680842399542e-02
5.930569207916656926e-02
5.689550964472194633e-02
5.522957489825785354e-02
5.285688709467649404e-02
5.726108767713109643e-02
5.638763528938094821e-02
5.499578544249137529e-02
6.124388937527934507e-02
