9.379453104403283337e-02
8.665863819834258852e-02
8.352962274932199116e-02
8.047668066703611567e-02
7.907519506083594829e-02
7.636987548321486075e-02
7.187215288480122699e-02
7.826324243926340019e-02
7.463059909641742151e-02
7.715090422166717699e-02
7.401381099803580610e-02
7.586578637775447109e-02
7.540211213959588377e-02
6.966768830186791106e-02
7.474128359721766979e-02
7.383892244348923273e-02
7.346100840303633472e-02
7.261602679888407019e-02
7.276626564562320432e-02
7.147019093649255306e-02
7.256261907103989106e-02
7.257090908371739701e-02
7.019051269938549054e-02
7.067740565786759244e-02
7.182897739112377444e-02
6.802643818987740010e-02
6.971296585268443868e-02
6.982908998098638631e-02
7.131415994630919963e-02
6.956946634584003364e-02
6.594758117571472567e-02
6.933224575801028022e-02
6.958369084944328320e-02
6.766676995903253555e-02
6.993629789600769309e-02
6.873314544144604188e-02
6.871469298170672368e-02
6.907351501286029816e-02
6.686371979821059686e-02
6.532570279927717161e-02
6.519622964163621082e-02
6.657232079241011402e-02
6.677503638590374935e-02
6.660300048275126505e-02
6.659951344546344298e-02
6.523188576102256775e-02
6.438434960113631478e-02
6.460682871854966924e-02
6.560628937764299839e-02
6.417099357479148780e-02
6.505151196486419485e-02
6.573966693960958674e-02
6.318556455274422501e-02
6.586248537318574459e-02
6.606176559709840690e-02
6.542743341997266093e-02
6.676803465104765023e-02
6.395187370686067352e-02
6.354751028120517176e-02
5.957470599354969254e-02
6.218709674560361778e-02
6.474277132915126631e-02
6.590701633443435403e-02
6.140639024476210461e-02
6.537868382616175700e-02
6.501277602381176635e-02
6.421223907834953948e-02
6.395359818513195183e-02
6.095565910347634092e-02
6.436232181472910374e-02
6.354311602190136632e-02
6.307477270149522419e-02
6.269087533776958321e-02
6.365809435438778141e-02
6.154958614044719195e-02
6.167323501366708122e-02
6.262680470115608578e-02
6.230230094451043310e-02
6.078018098034792399e-02
5.693009678895274983e-02
6.286719495223627718e-02
6.331697718964682253e-02
6.218727789819240848e-02
6.100614294409752170e-02
6.020717256599002198e-02
6.343432680393258638e-02
6.228845345063342004e-02
6.120876795094874062e-02
6.290989783075121022e-02
6.328520120845901320e-02
6.186127023150523457e-02
6.250206246558162593e-02
6.195684376483161920e-02
6.270707895358403061e-02
6.248169785572423029e-02
6.228632202578915367e-02
6.231202698416180019e-02
6.127028976463609611e-02
6.275699726409382506e-02
6.065535517409444133e-02
6.143149822536442262e-02
6.080621418853601051e-02
5.954485247946447735e-02
6.077822028762764478e-02
5.843791331474979672e-02
6.073193547005454468e-02
5.811548154387208981e-02
5.912810456421640354e-02
6.013603725781043602e-02
6.038219485845830459e-02
6.095366214091579166e-02
5.631371254308355917e-02
6.157090715650054974e-02
6.011951548150844260e-02
6.097778994590043883e-02
6.140629535333978067e-02
6.111110805844267163e-02
6.173506153540479074e-02
6.180526537613736243e-02
6.210753057772914337e-02
5.996209845567743169e-02
5.855713511506716734e-02
6.106701888557937441e-02
5.896686856738395099e-02
5.894848674328790478e-02
5.939599189700351528e-02
6.002807119447323841e-02
6.076116060010260805e-02
5.959804661365018796e-02
6.050987879021300225e-02
5.584364438222514521e-02
5.983536311735709184e-02
5.620735087949368936e-02
5.954751938374506365e-02
6.024730303842160128e-02
5.775467687182956472e-02
5.728107224115067120e-02
6.009545101680689727e-02
5.929016368463635445e-02
6.090081737687190466e-02
5.993848440961705576e-02
6.073214425187972026e-02
6.016795461376508308e-02
6.054610598625408124e-02
6.159367882129218597e-02
5.969036726488007732e-02
5.972573507784141589e-02
5.979611339668432918e-02
6.012083054002788363e-02
5.899517698627379514e-02
5.925808270565337266e-02
5.617580290676819216e-02
6.043485873896214944e-02
5.666757701999611263e-02
5.979716097936034480e-02
5.850301256610287298e-02
5.948201101273298264e-02
5.958666777652171093e-02
5.975343286991119385e-02
5.646035794375671435e-02
5.934760481533077336e-02
5.937210770530833293e-02
5.879291453295283632e-02
5.729494081396195593e-02
6.019917202906475973e-02
5.711599876069360648e-02
6.055473953278528443e-02
5.869217394954628214e-02
5.901339153448740410e-02
5.905677032553487138e-02
5.971025851451688266e-02
5.888645648956299106e-02
5.531392333408196443e-02
5.887033939361572404e-02
5.663501957638396311e-02
5.921757294692926721e-02
5.268282567461331917e-02
5.922054471448064128e-02
5.615083054742879554e-02
5.946721787460976238e-02
5.642808218383126712e-02
5.794326106293334194e-02
5.980688089297877402e-02
5.781713005983167564e-02
5.916856956771678056e-02
5.967899406742718793e-02
5.936226163887315527e-02
5.775748658925294876e-02
5.856086618991361570e-02
5.897484415521224432e-02
5.715288638861643067e-02
5.931485526056753249e-02
5.683101092775662971e-02
5.529850351934631481e-02
5.528592383489012996e-02
5.399304331383771027e-02
5.976662454712722283e-02
5.747291630961828823e-02
5.877888934272858940e-02
5.896661107738812579e-02
5.765675557777285437e-02
5.683841805698142818e-02
5.887560757497946329e-02
5.383228805537024902e-02
5.954417913324303036e-02
5.613337885588407655e-02
5.722814581046501564e-02
5.844518988289766626e-02
5.835550041455361825e-02
5.622113017986218181e-02
5.948329486159814605e-02
5.668375249952077588e-02
5.912885938046707340e-02
5.784324251322282839e-02
5.530515598754088408e-02
5.800980384358101621e-02
5.817305563638607707e-02
5.700889067310425939e-02
5.802936053110493292e-02
5.752313614098562150e-02
5.649190396070480347e-02
5.883841098596652441e-02
5.785812980805834366e-02
5.364593706197208489e-02
5.866206370087133359e-02
5.396256075344151720e-02
5.731155452215009466e-02
5.685754569454325863e-02
5.795920629882150149e-02
5.703713793514503250e-02
5.453787537084685277e-02
5.541412067703074817e-02
5.704592538790570488e-02
5.869078887626529017e-02
5.801370468818479315e-02
5.762040546784798212e-02
5.785624465594688820e-02
5.778788040495581174e-02
5.736444069900446807e-02
5.700928144570854145e-02
5.665753726950949892e-02
5.627232605798376808e-02
5.796969085931778093e-02
5.720617310661408467e-02
5.754422904509637338e-02
5.654044383101992921e-02
5.517235107512937636e-02
5.784665465147958985e-02
5.452395609269539839e-02
5.661094041748179068e-02
5.828788870324690813e-02
5.849869342313872289e-02
5.482182844231526381e-02
5.776516110118892766e-02
5.646138939385612898e-02
5.677087442535493078e-02
5.578466911489764896e-02
5.681802843593888874e-02
5.714717342828710966e-02
5.744137894362211227e-02
5.737772017924321760e-02
5.750347456584373879e-02
5.362161259270376706e-02
5.697503109566039170e-02
5.533389466711216564e-02
5.721068219799134436e-02
5.829200130990809525e-02
5.584889196066392808e-02
5.705049546021553897e-02
5.713482716431220187e-02
5.688322008483939762e-02
5.156787242740392546e-02
5.584548769725693890e-02
5.567922804297672362e-02
5.394711485132575035e-02
5.626827255926198507e-02
5.731668801357348714e-02
5.755895990878343721e-02
5.651431209925147914e-02
5.694981056989895096e-02
5.700503470790055371e-02
5.576551456211342045e-02
5.733846597787406463e-02
5.645367198934157782e-02
5.599341994772354808e-02
5.703451279550790509e-02
5.024418414880831713e-02
5.684129735454916676e-02
5.711409184667799038e-02
5.735021743716465364e-02
5.523290877333945914e-02
5.773091023373935066e-02
5.686032832082774796e-02
5.456538713640636529e-02
5.680979960080650287e-02
5.638402726294265699e-02
5.618157939364512576e-02
5.672518847924139934e-02
5.700811674404475393e-02
5.611009350460436501e-02
5.723331547859641932e-02
5.683934803431232863e-02
5.728930755414896742e-02
5.772567955363128167e-02
5.422657699220710670e-02
5.378110925149586635e-02
5.631587935818566093e-02
5.506181257466475493e-02
5.389653876837757068e-02
5.758088369750314489e-02
5.722208097577095171e-02
5.578843750473525681e-02
5.649035821358362741e-02
5.432877811706728066e-02
5.585528371027774497e-02
5.483386175086100989e-02
5.556725823423928901e-02
5.499061169102788249e-02
5.570424015944202417e-02
5.565044419426057321e-02
5.431383607081240877e-02
