5.660822997689247682e-01
5.733842259347439185e-01
5.808864841759204811e-01
5.808736646175384211e-01
5.801560750305652103e-01
5.806064528226851928e-01
5.805299547314644037e-01
5.828765020668507102e-01
5.789040986597537852e-01
5.795984902381896564e-01
5.827362614870071900e-01
5.799531765580177023e-01
5.819203788340091554e-01
5.801029671132564847e-01
5.803375232219696311e-01
5.837233650088310410e-01
5.807329644560813575e-01
5.794778141975402974e-01
5.798510577380656672e-01
5.828264877498149366e-01
5.807942912578583083e-01
5.791061842739582133e-01
5.814249220192432288e-01
5.802275190353393119e-01
5.805621689260005436e-01
5.818015459477900997e-01
5.790466815829277136e-01
5.805904830396175775e-01
5.815744929611682545e-01
5.809424440264702172e-01
5.810793766677380123e-01
5.784783858060836836e-01
5.789808236956596188e-01
5.806739470660686742e-01
5.798378888368606043e-01
5.832595947682857052e-01
5.810089644193648928e-01
5.805757791697978565e-01
5.782941001951694693e-01
5.803791455626488016e-01
5.826212483048438528e-01
5.814811214804649353e-01
5.802122670114040481e-01
5.805881381332874680e-01
5.837959453463554826e-01
5.814828517436980704e-01
5.784776181280613105e-01
5.813406649231910306e-01
5.820373316407203568e-01
5.808285949528216863e-01
5.811891248524189146e-01
5.827993156313896472e-01
5.788976451754570540e-01
5.792121284604072606e-01
5.804501225948334175e-01
5.796321650445461771e-01
5.812035860419273448e-01
5.790783006548881895e-01
5.805004885792732772e-01
5.811995499134063881e-01
5.800440404415130313e-01
5.782413506209850285e-01
5.816145539879798987e-01
5.800953873395919835e-01
5.810961859822273423e-01
5.808833933472633548e-01
5.776992230713366983e-01
5.806129340231418468e-01
5.786799365282058183e-01
5.826081536114215975e-01
5.779543135762215122e-01
5.803254070878028914e-01
5.804406451582908577e-01
5.798576772809028723e-01
5.797407414913177126e-01
5.811201374232769501e-01
5.796147205829620397e-01
5.811868621408939894e-01
5.811831835508346478e-01
5.797011505961418010e-01
5.800223789811134179e-01
5.810087526142597714e-01
5.792092042565345489e-01
5.823746098577976538e-01
5.789216963648795566e-01
5.812997471392155058e-01
5.823170424401760137e-01
5.804025140106677805e-01
5.820213348865509451e-01
5.782935077548027047e-01
5.814316913485526594e-01
5.805407333672046866e-01
5.793305750489234907e-01
5.779737690985202736e-01
5.792857215404511040e-01
5.779837601184845131e-01
5.803584994673729458e-01
5.810304338335990915e-01
5.820641591548919580e-01
5.805915073156356909e-01
5.808309637904167655e-01
5.806674638688564816e-01
5.815060977935790909e-01
5.803911611437797546e-01
5.827412582039832589e-01
5.805761682689190017e-01
5.797445614337921604e-01
5.807707177400589504e-01
5.806799506247043441e-01
5.797462627291679604e-01
5.808456997573375746e-01
5.803738116621971477e-01
5.813676894605159795e-01
5.800969014465808815e-01
5.785746956467628932e-01
5.827426259517669571e-01
5.799739550054073822e-01
5.809282002151012758e-01
5.788212446868419292e-01
5.802291097044944834e-01
5.803667740225791905e-01
5.797753916382789585e-01
5.797209633886813984e-01
5.811707540750503664e-01
5.811048647463321615e-01
5.809255247712135084e-01
5.794668281376361696e-01
5.795975435972213763e-01
5.823490450084209957e-01
5.809477586448192898e-01
5.781939189434051052e-01
5.818262014091014622e-01
5.795420326590537963e-01
5.806473124921321949e-01
5.794857205450534288e-01
5.808378731608391243e-01
5.822090117335319004e-01
5.792732350230217486e-01
5.824254235029220350e-01
5.798571149408817682e-01
5.811702177822589688e-01
5.780699562430381411e-01
5.808681421875954154e-01
5.803712887465953818e-01
5.800122004747391147e-01
5.823742364048958287e-01
5.804825489223003343e-01
5.793602745831012424e-01
5.805279497802257049e-01
5.802278675734996449e-01
5.796719815433025724e-01
5.788854137659072974e-01
5.797469378113746519e-01
5.791766585111618459e-01
5.831615459620952402e-01
5.796036685109138276e-01
5.812817596793175001e-01
5.793374059200286919e-01
5.801448525488376307e-01
5.789366776943206672e-01
5.807483744025230266e-01
5.791623453795909926e-01
5.780103459656238396e-01
5.802383748590945745e-01
5.800373803377151249e-01
5.800095542669295723e-01
5.805886869132518280e-01
5.786754830181598530e-01
5.817670996487140922e-01
5.805063591003417622e-01
5.807840242981910928e-01
5.800684741735457894e-01
5.791024119555949756e-01
5.815970572829246565e-01
5.803568043112754538e-01
5.803423492312431708e-01
5.822985861003399100e-01
5.788817290067672650e-01
5.797694809734821320e-01
5.810261565446853682e-01
5.794614754319190597e-01
5.806250143349170889e-01
5.811364656686782704e-01
5.820562005341053391e-01
5.804961363673210029e-01
5.803953086435794662e-01
5.812414296865463514e-01
5.784283603131771256e-01
5.782071210145950380e-01
5.794235502779483404e-01
5.803965838253497544e-01
5.815773479342460917e-01
5.812680136859417201e-01
5.796707285046577285e-01
5.811807787716388729e-01
5.804723149538040250e-01
5.804431902766227225e-01
5.799781877398491048e-01
5.808295720815658258e-01
5.799750663638114645e-01
5.806148934662341832e-01
5.789016064703464970e-01
5.788558281064033473e-01
5.798404445052146583e-01
5.781654109954833531e-01
5.765484457612037872e-01
5.799334876239299330e-01
5.779345630705357006e-01
5.791036050021648451e-01
5.805330361425876662e-01
5.799359751939773266e-01
5.815098731815815380e-01
5.803331156671047708e-01
5.789650724232197065e-01
5.822647815942764149e-01
5.816664783358573843e-01
5.798838180005549958e-01
5.804079584479332476e-01
5.794106844663620137e-01
5.811968923509120977e-01
5.803208944797515478e-01
5.799661513566970461e-01
5.802018426060676637e-01
5.778313513696193837e-01
5.785680928230285680e-01
5.783380640447139953e-01
5.797919833064079098e-01
5.786989777088165088e-01
5.807550919651984778e-01
5.794942161738872999e-01
5.796369427144527631e-01
5.809465454518795147e-01
5.813396369814872733e-01
5.818098702132702416e-01
5.805379374921322277e-01
5.800796485841274164e-01
5.814929178953170963e-01
5.786061461865902311e-01
5.811769922673701849e-01
5.806208403408527063e-01
5.787852749824523579e-01
5.786777619123458782e-01
5.778439709842204675e-01
5.805837584733962720e-01
5.783566913902759010e-01
5.812228895723819955e-01
5.807674327194690678e-01
5.809362061619758322e-01
5.809474888145923499e-01
5.798183809518814291e-01
5.780293080806732098e-01
5.792515623867511287e-01
5.800098214745521563e-01
5.779270301163196288e-01
5.809165836572647290e-01
5.795896062850952601e-01
5.799338525831699842e-01
5.799560166299343456e-01
5.800283496081829471e-01
5.809608724415302738e-01
5.796222302615642308e-01
5.788042657971381733e-01
5.810159892737865039e-01
5.807899403274059402e-01
5.814798879921436736e-01
5.799496966600418135e-01
5.796088752150535539e-01
5.796012168228625860e-01
5.802829231917857600e-01
5.791063437759875754e-01
5.810893462598323289e-01
5.801372853219508574e-01
5.805309014618397212e-01
5.788487111330031798e-01
5.795620000958442430e-01
5.790278579890727473e-01
5.797527303695678702e-01
5.799799071252346172e-01
5.775685064196586227e-01
5.810562421679497103e-01
5.801924609243870323e-01
5.808711481988430014e-01
