5.033748461864888391e-02
3.420133329927921469e-03
2.323541142977774299e-03
1.789182077627628990e-03
1.476597650907933738e-03
1.265421691350638927e-03
1.111558557022363034e-03
1.011062294710427575e-03
9.019845910370349494e-04
8.321149146649986983e-04
7.630783214699477087e-04
7.181471004150807988e-04
6.633066583890467405e-04
6.321859953459351821e-04
6.029168702661991640e-04
5.590554035734384818e-04
5.363280430901795149e-04
5.137695872690529065e-04
4.921890207333490383e-04
4.738330049440264724e-04
4.531679279170930234e-04
4.369288031011819666e-04
4.180386266671121077e-04
4.069542232900858099e-04
4.015307506779208519e-04
3.814718622015789390e-04
3.714669425971806310e-04
3.633180609904229511e-04
3.481257264502346754e-04
3.446847450686618729e-04
3.304263658355921637e-04
3.240867989370599151e-04
3.189672902226448233e-04
3.108089574379846714e-04
3.036009729839861393e-04
2.940386201953515562e-04
2.895274275215342684e-04
2.831570088164880937e-04
2.825656463392078790e-04
2.702509256778284799e-04
2.704863401595503330e-04
2.616811220650561327e-04
2.595335608930326998e-04
2.562434494029730797e-04
2.516479871701449156e-04
2.487300941720605157e-04
2.479355415562167720e-04
2.388124848948791623e-04
2.364960670820437437e-04
2.325684626703150646e-04
2.312278281897306356e-04
2.267634120653383369e-04
2.213950868463143641e-04
2.176220994442701448e-04
2.135243185330182238e-04
2.092356281355023503e-04
2.083408678299747397e-04
2.079227782087400491e-04
2.086018086993135599e-04
2.002565690781921235e-04
2.011242255684919525e-04
1.950768032111227491e-04
1.938701051403768317e-04
1.957004694850183937e-04
1.910142134875059236e-04
1.852729453821666452e-04
1.914128355565480942e-04
1.824876194586977460e-04
1.830624043941497889e-04
1.798358059022575682e-04
1.823629566933959853e-04
1.800713656120933527e-04
1.728426929912529875e-04
1.751441144733689780e-04
1.736908167367800940e-04
1.739843620453029914e-04
1.718395750503987031e-04
1.646332224481739158e-04
1.669927901821211002e-04
1.631186314625665545e-04
1.637223485158756256e-04
1.607559117837809113e-04
1.598825800465419921e-04
1.573387344251386821e-04
1.571276216418482287e-04
1.602251859731040819e-04
1.547434483654797186e-04
1.538462139433249875e-04
1.523247035220265378e-04
1.501216652104630969e-04
1.518776666489429674e-04
1.478392293211072748e-04
1.471135477186180586e-04
1.478967900038696760e-04
1.449021924054250099e-04
1.457174209645017971e-04
1.445180218433961251e-04
1.412728961440734565e-04
1.414218937861733008e-04
1.402596849948167823e-04
1.383340556640177954e-04
1.379823428578674847e-04
1.382210155134089204e-04
1.362758377217687634e-04
1.355680177221074733e-04
1.359062886331230272e-04
1.358910297858528923e-04
1.352650451008230329e-04
1.315562389208935255e-04
1.329548467765562236e-04
1.315805413469206433e-04
1.316582418803591314e-04
1.288914860924705928e-04
1.279963648994453349e-04
1.288986339932307558e-04
1.260656284284777874e-04
1.248504666727967593e-04
1.265994535060599338e-04
1.279933869955129932e-04
1.266871765255928105e-04
1.230812112044077323e-04
1.229920468176715022e-04
1.242784260830376319e-04
1.245230826316401373e-04
1.216297679638955710e-04
1.196683327725622798e-04
1.212126127211377068e-04
1.211751828668639086e-04
1.186017387954052494e-04
1.186506912927143265e-04
1.164279379008803479e-04
1.173160540929529762e-04
1.170849286427255758e-04
1.162713789381086870e-04
1.166058098897337946e-04
1.165010272234212591e-04
1.126783207291737231e-04
1.138946392165962574e-04
1.152113078569527721e-04
1.134903907950501824e-04
1.112083852058276540e-04
1.124603897915221702e-04
1.119547108828555847e-04
1.122012377891223823e-04
1.111197231512051141e-04
1.093773721368052103e-04
1.098776209983043389e-04
1.096760494692716813e-04
1.070294846431352155e-04
1.085964436060749032e-04
1.060589335975237180e-04
1.053232631238643118e-04
1.062442149850539912e-04
1.053775538457557608e-04
1.070249207259621444e-04
1.072985898645129082e-04
1.055321357853245044e-04
1.034982509736437405e-04
1.022519294929224976e-04
1.054794243827927803e-04
1.040373290015850157e-04
1.036200426460709472e-04
1.027497465838678225e-04
1.024392968975007518e-04
1.012507639825344021e-04
1.030171121237799531e-04
1.005097321467474130e-04
1.012169259774964362e-04
9.950778578058816113e-05
9.883329359581693627e-05
9.976630448363721696e-05
1.017468153440859190e-04
9.818368707783519680e-05
9.916443130350671817e-05
9.687287878477945978e-05
9.698388181277551245e-05
9.585278297890908799e-05
9.817214246140792641e-05
9.638510266086087065e-05
9.666542842751369097e-05
9.477226296439767318e-05
9.610639608581550419e-05
9.689077473012730262e-05
9.610198554582894065e-05
9.528824084554798630e-05
9.526489302515983039e-05
9.448183613130822561e-05
9.577473843819461980e-05
9.552181625622325296e-05
9.367556296638212990e-05
9.487699833698570295e-05
9.333811060059815808e-05
9.329772554337978200e-05
9.354900495964102339e-05
9.150355370366014649e-05
9.300806079409084564e-05
9.190873082843608666e-05
9.046621416928247159e-05
9.178217587759717757e-05
9.132801176747306748e-05
9.008050081320106821e-05
9.085701065487228984e-05
9.046046805451624475e-05
8.919316402170806527e-05
8.975270728114992489e-05
8.916009828681125966e-05
8.868178934790194251e-05
9.033075606566853875e-05
9.010361085529439477e-05
8.962399166193790138e-05
9.004186998936348260e-05
8.795675385044887120e-05
8.875166662619448981e-05
8.788206701865419962e-05
8.775143243838100975e-05
8.756057795835658366e-05
8.723857637960464196e-05
8.712000490049832111e-05
8.586684372858144777e-05
8.681786712259054726e-05
8.605695111327805167e-05
8.664786902954801538e-05
8.603169771959073842e-05
8.538289490388706814e-05
8.501127143972553096e-05
8.539455244317650741e-05
8.455926741589792561e-05
8.547934310627170558e-05
8.539324757293798084e-05
8.360475345398299613e-05
8.373645861865952774e-05
8.351358861546032619e-05
8.538353984476998015e-05
8.382544590858742974e-05
8.259575042757205665e-05
8.323066416778602302e-05
8.306058065500109900e-05
8.269675483461469032e-05
8.053032448515295657e-05
8.239470858825370344e-05
8.192022258299403001e-05
8.120273807435296367e-05
8.073673481703735780e-05
8.195191636332310140e-05
8.212303204345516915e-05
8.137231023283675421e-05
8.107480811304412294e-05
8.143536237184889940e-05
8.031577628571540280e-05
8.162878162693232515e-05
7.966434379341080134e-05
8.062743159825913825e-05
7.981177695910446075e-05
8.013717379071750289e-05
7.993775303475558161e-05
7.824199550668709305e-05
7.892783294664695696e-05
8.107769142952748022e-05
8.071193151408806714e-05
7.931312473374418481e-05
7.900168959167785292e-05
7.774800484185106998e-05
7.950632207212037796e-05
7.923043638584203855e-05
7.883584592491388429e-05
7.883330792537890266e-05
7.680559065192937851e-05
7.772139069857075539e-05
7.729039964033291178e-05
7.872996429796330902e-05
7.694068568525836089e-05
7.607408639159985103e-05
7.630998210515826995e-05
7.701757262111641521e-05
7.739534630673006448e-05
7.666769975912757164e-05
7.616937524289824556e-05
7.744202477624639760e-05
7.533005118602887067e-05
7.486707923817447993e-05
7.646978410775772956e-05
7.432673141011036716e-05
