1.260180488228797857e-01
8.491257404287656796e-02
7.724834543963272904e-02
7.512184903025627414e-02
7.407596558332443792e-02
6.770831321676572256e-02
6.646217095355193283e-02
6.545763326187928333e-02
6.433119997382164001e-02
6.236511891086896076e-02
5.436130942155917301e-02
6.167414368440707340e-02
5.708649636556704932e-02
5.858971172322829241e-02
5.930365224679311209e-02
6.226438004523515701e-02
5.830174988756577081e-02
5.256734608362118727e-02
6.175090186297893524e-02
6.324778137107690823e-02
5.790866023550431119e-02
5.463272500783204755e-02
6.270430559913317548e-02
5.043500941246747971e-02
6.369507573544978818e-02
6.101495046168566028e-02
5.923351068049668988e-02
5.367728807032108584e-02
5.905490635583798137e-02
5.698855792482693944e-02
5.434912970910469460e-02
5.061919055879116058e-02
5.521165498842795644e-02
6.431604512035846155e-02
5.835349156210820065e-02
6.020159609615802904e-02
5.592204437901576036e-02
5.396494604647159715e-02
5.449731654177109724e-02
6.102231877545515742e-02
5.122299430270989967e-02
5.616106608261664523e-02
5.117950551211834093e-02
5.093333708743254251e-02
4.977727023263772005e-02
6.023529053976138525e-02
5.093082593133051866e-02
4.700488876551389694e-02
5.453708637505769868e-02
5.688737854361534257e-02
5.707530540724595203e-02
5.374433671434720311e-02
5.427343429376681877e-02
5.354424063116312166e-02
5.465858125438292914e-02
5.483839611212412701e-02
5.216678970803816789e-02
4.499279322723547664e-02
6.200569116820891374e-02
4.234900617351134572e-02
4.992340250561634607e-02
6.304433376838763925e-02
6.282269712537527639e-02
5.522903005282084332e-02
5.791898307700951709e-02
5.379653554409742633e-02
5.150907554974158697e-02
5.529161151498555860e-02
4.593935385346412797e-02
5.927621790518363548e-02
5.193184005717436241e-02
6.130587104707956037e-02
5.919884300480286049e-02
5.779214439292748584e-02
4.648613035678863387e-02
5.367166548967361450e-02
5.161759809901316637e-02
5.539553059885899550e-02
5.343955860783656392e-02
5.769541251162688122e-02
4.569068706283966469e-02
5.365362347414096011e-02
6.061889982471863753e-02
5.231439409156640047e-02
4.611276170859734264e-02
6.611755204697450372e-02
5.618577736119429594e-02
5.643259733915328979e-02
5.602760886152585024e-02
4.994620401412248889e-02
5.164261454095443044e-02
5.476596901814143048e-02
5.452334557970364703e-02
4.823870174586773057e-02
6.021637606124083386e-02
4.987112289915482388e-02
5.901228866229454861e-02
5.138909320036570000e-02
5.741314676900704378e-02
5.628645674635966711e-02
5.604948606342077116e-02
5.432527996599674502e-02
5.366603496174017496e-02
5.139969152708848132e-02
4.625290210048357831e-02
4.342704880982637544e-02
5.640758251150448932e-02
4.781351368874311308e-02
5.754779223352670531e-02
4.637848200897375789e-02
5.909236936519543515e-02
5.692666216442982680e-02
5.207235291600227634e-02
5.793895026048024449e-02
5.640422546615202898e-02
5.362604868908723427e-02
5.814672751973072595e-02
5.142333296438058449e-02
5.318138661483923918e-02
5.367810086657603258e-02
5.367959830909967145e-02
5.226478079954783446e-02
5.157408689459164891e-02
5.442437287420034270e-02
4.745704227437575612e-02
5.165631280591090335e-02
4.716193905721108304e-02
5.867731006195147508e-02
4.622777570039034167e-02
5.470699425786733350e-02
5.470532303055127693e-02
4.735865307350953235e-02
4.803856449822584834e-02
5.180073517064253535e-02
5.387899794926245822e-02
5.275867190212011476e-02
4.483961965888738632e-02
5.389309991151094298e-02
4.976931630323330746e-02
5.157519144316514287e-02
5.106959628562132703e-02
4.467990988244612688e-02
6.331708220144112442e-02
5.852152804533640451e-02
5.647358211378256804e-02
5.457217202832301273e-02
4.860566804806391167e-02
5.022710536917050772e-02
5.530810871471961154e-02
5.505081837375958714e-02
5.085781936844190054e-02
5.223517610381046838e-02
3.701344865063826289e-02
5.263219904154538969e-02
5.059139896184206009e-02
5.650933912644783702e-02
5.391696933656930923e-02
5.200268725554148264e-02
6.081857656439145637e-02
3.836228679865598401e-02
5.837046615779399594e-02
5.519399729867776466e-02
4.453467254837353839e-02
6.022721268236637393e-02
5.541633050888776502e-02
5.638309468825657839e-02
5.526826418936252316e-02
5.259069843838612424e-02
5.268357681731383052e-02
4.704233221709728380e-02
4.565244068702061647e-02
5.958798136562108716e-02
4.750516731292009354e-02
5.458081855128208565e-02
5.291173489143451147e-02
4.809107972929874825e-02
5.196269092460473193e-02
5.521021590878565782e-02
5.581050782154003964e-02
5.338524281978607178e-02
5.468620788305997987e-02
5.175151576598484987e-02
5.337724760174751559e-02
4.849867075681686679e-02
5.149793314437071251e-02
5.103974298884471350e-02
4.830830618739127835e-02
5.831405570109685077e-02
4.576516983409722322e-02
5.846706125885248184e-02
5.509991496801376620e-02
4.648482004801432477e-02
4.098524612685044283e-02
4.101452901959419528e-02
5.300648249685764590e-02
4.931388162076473514e-02
5.135602715114752359e-02
4.709312779208024019e-02
4.806143982956807142e-02
5.362862988064686504e-02
5.029169221719106270e-02
5.356877458592256003e-02
5.215552238126595908e-02
5.044203127423921990e-02
4.376931798954804970e-02
5.302190724760293822e-02
5.574760486682255739e-02
5.517671753962834907e-02
5.825607534497976442e-02
5.262196796635786739e-02
5.323529684295257025e-02
4.867400998870531625e-02
5.286029055714606961e-02
5.270176200817029005e-02
3.842765695104996548e-02
5.013794582337140898e-02
6.046509128063917021e-02
4.776566581179698262e-02
5.211545216540495323e-02
5.351357869803905626e-02
5.257413225869337486e-02
4.581503501782814569e-02
5.478171699990828925e-02
4.907120112329721451e-02
5.745686398198206896e-02
4.573654184738795009e-02
5.589451466997464452e-02
5.237524664650360789e-02
5.240901882449786053e-02
4.488628568748632974e-02
5.008688916762669974e-02
5.184449516236781796e-02
4.233295656740665436e-02
4.946448014428218160e-02
4.494385030120610913e-02
5.397730475912491249e-02
5.291157749791940146e-02
5.838568241645892415e-02
4.949293695390224318e-02
5.151863278200229102e-02
5.251197063674529347e-02
4.621309650441010608e-02
5.425560325384139876e-02
4.830786356081565036e-02
3.849311967690785541e-02
5.019410364329814772e-02
4.953520478059848103e-02
4.462459627538919310e-02
5.336165558546781401e-02
5.429632657517989569e-02
4.183761378129323416e-02
5.775449052453041077e-02
5.180262327194214145e-02
4.521755867948134416e-02
5.428318946311871257e-02
5.058050677180290361e-02
5.127798623094956265e-02
4.699846021831035475e-02
4.819723057250181741e-02
4.464264313379923826e-02
4.227792434394359727e-02
4.093804719547430859e-02
5.391537938266992291e-02
4.241175614297389845e-02
5.366549796114365029e-02
4.923192318528890610e-02
4.613469565908114023e-02
4.844888101021448817e-02
5.068364447603623119e-02
3.892656397074460706e-02
5.948613062500953536e-02
4.643667154014110426e-02
5.287303638954957141e-02
4.552669264376163483e-02
5.395608084897200035e-02
4.353342770288388258e-02
5.239859459300835742e-02
4.060661109785238670e-02
6.159795032193263187e-02
4.680502936244011064e-02
5.401679612696171084e-02
5.670163134733836180e-02
4.070404799034198218e-02
5.965862677743037634e-02
4.532063342630863328e-02
5.215158220380544662e-02
4.435285956909259392e-02
3.524792113651831899e-02
4.567325307677189833e-02
3.779945398370424675e-02
6.339183828483024863e-02
5.077788680791854581e-02
5.125494766980409622e-02
4.381588225563367439e-02
4.554748938729365898e-02
4.850169730683167452e-02
3.901319578289985657e-02
5.403812949856122427e-02
4.474608084807793484e-02
5.698833713928858763e-02
4.895623320092757497e-02
4.981159896900256429e-02
5.259165888031323843e-02
5.024472648898760385e-02
4.551115389913320403e-02
5.270221823205550188e-02
4.941211231052875658e-02
4.285607306907574660e-02
4.842897715667883463e-02
3.933508464445670261e-02
4.894587565213441571e-02
5.251857725282509798e-02
4.767716303467750549e-02
4.543264141927162714e-02
4.734913309415181293e-02
4.992636007567246431e-02
5.084391999989747862e-02
4.793524990479151177e-02
4.862175596257050508e-02
4.832966799537340846e-02
4.329379759728908816e-02
5.740618761628866334e-02
4.787043053656816344e-02
4.235055266569057869e-02
5.695169499764839854e-02
4.370075905074675970e-02
4.561812058091163635e-02
5.312250461429357529e-02
5.047008817394574298e-02
4.787865964074929787e-02
5.157698777814705843e-02
4.799041717002789503e-02
4.339667713890472955e-02
5.831360394755999432e-02
4.708815254271030148e-02
5.078013694534699168e-02
4.780194529642661089e-02
4.907061265160640035e-02
4.333984106779098511e-02
5.379099336763223244e-02
3.524581262220938954e-02
5.938902037839095122e-02
4.767850798865159306e-02
3.798942795644203591e-02
5.708666412780682292e-02
4.032470540453990393e-02
5.104713564117749347e-02
5.227939908703168465e-02
5.315068997442722043e-02
4.732891911019881243e-02
3.902846916268268990e-02
5.968267874171336723e-02
4.638413103918234692e-02
3.830844089388847629e-02
5.992664688577254567e-02
4.576576799154281894e-02
5.335618543128172603e-02
4.819776912530263080e-02
4.057393980522950444e-02
5.386190383384625163e-02
4.253156079600254463e-02
5.251777743299802098e-02
4.904106544951598173e-02
4.754198441902796751e-02
4.641302997867266522e-02
4.140405524522065839e-02
5.314407249291738106e-02
4.247638831535974907e-02
5.156381893903017044e-02
4.730140324681997299e-02
4.904257940749327110e-02
4.863163083791732788e-02
4.621491984774669243e-02
4.360206822554270334e-02
5.026870314031839371e-02
4.308864654352267259e-02
4.732912331819534579e-02
5.162660392622153011e-02
4.494251323242982182e-02
4.700815044343471805e-02
4.865551752348740849e-02
4.053994702796141075e-02
4.890175579736630307e-02
5.061667623619238443e-02
4.846951905637979230e-02
4.823754994819561687e-02
4.096827010313670164e-02
5.055239678670962744e-02
4.312250589330991063e-02
5.183458297202984261e-02
3.947211299091577669e-02
5.470529676725467000e-02
4.704518355429172793e-02
5.120667796581983289e-02
5.055563474694887982e-02
4.974500940491755757e-02
4.531017752985159325e-02
4.933654361714919639e-02
4.428843588878710741e-02
5.167051572352647504e-02
4.889588424315054888e-02
4.733132092903057780e-02
4.671195670962333818e-02
4.255428997178872103e-02
4.872230092684427805e-02
4.679019401470820017e-02
5.092602552225192203e-02
3.867414221167564392e-02
5.352277681231498718e-02
4.264671001583338061e-02
4.080856417616208348e-02
4.525241771092017307e-02
4.874731339514255801e-02
4.682216551154851775e-02
5.035641336192687306e-02
4.245600656916697496e-02
4.673643720646699501e-02
4.397456857065359936e-02
4.750085957348346849e-02
5.062905543794234825e-02
4.010994769632816176e-02
4.530099518597126285e-02
4.303198444346587048e-02
5.339367333799600879e-02
4.747904210040966577e-02
4.472709565112988062e-02
4.749235181758801327e-02
4.738182084014018469e-02
4.893557528654734340e-02
3.759038796027501517e-02
5.336062808831532750e-02
4.752393625676631927e-02
4.690067625294128822e-02
4.681739620864391188e-02
4.651040962586800581e-02
4.634490236639976501e-02
4.832978298266728950e-02
4.347960315644740920e-02
4.960020935783783502e-02
5.055343986799319678e-02
5.111919573197762356e-02
4.407517183572053771e-02
4.921790013710657802e-02
4.691231691588958197e-02
4.242344448963800835e-02
4.461665389438470436e-02
5.046882424503564696e-02
4.710130685319503102e-02
4.906348343938589374e-02
4.570100177079439163e-02
4.160970697800318169e-02
3.956470079720020294e-02
4.540713274230559482e-02
4.867249410599470277e-02
4.513684461514155116e-02
4.785123125960429741e-02
4.262955859303474426e-02
4.702233696977297511e-02
4.419124343742927147e-02
4.648235309869051118e-02
4.526180401444435120e-02
4.664112112174431668e-02
3.569293046991030283e-02
5.393716289351383614e-02
3.858802386869986806e-02
4.331095746407906399e-02
4.802832932521899217e-02
4.710794308533271246e-02
4.520858973264694353e-02
4.709308072924613814e-02
4.560231243570645604e-02
4.466669137279192375e-02
5.284213268508513445e-02
4.498383775353431702e-02
4.489865389962990894e-02
4.633933746566375189e-02
3.646141843249400133e-02
4.855475717534621372e-02
4.560762730737526888e-02
5.429778092851241661e-02
4.479129798710346222e-02
4.083811230957508365e-02
5.371029246598481993e-02
4.720274681846300946e-02
4.900743446002404219e-02
4.061894509941339770e-02
5.299250682195027345e-02
4.492917576183875356e-02
4.871485624462366243e-02
4.071145008007685112e-02
5.331905186176300049e-02
4.631155139456192421e-02
4.092016220092773576e-02
2.962462228412429330e-02
5.957615381727616316e-02
4.825404317428668571e-02
4.215447232127189636e-02
4.523855137328306603e-02
4.564905048658450537e-02
4.465688758840163225e-02
