3.021632249156633865e+00
4.135606151024500576e+00
1.727820205986499769e+00
1.133480862875779538e+00
7.119668475786844475e-01
6.871571709712346321e-01
5.612246280411878896e-01
3.994753836095333299e-01
3.033813054859638147e-01
2.928795145452022797e-01
5.502123347669839459e-01
2.053558133418361409e-01
4.029721532513698135e-01
3.711859310170014803e-01
2.333516592656572630e-01
1.761847565198937926e-01
2.590614759425322045e-01
1.962052285422881404e-01
2.011858622605602054e-01
4.086020481834808926e-01
2.334351970007022270e-01
1.893020224074522528e-01
1.736111633852124303e-01
1.897500969966252615e-01
1.704836679498354657e-01
1.525145707527796324e-01
1.397954472526908021e-01
1.387815047303835592e-01
1.247505418024957152e-01
1.154942870450516579e-01
1.121536305174231501e-01
1.259293341636657793e-01
1.051208234826723764e-01
1.147584629928072308e-01
1.298216392596562574e-01
9.934550361086924575e-02
1.015450432772437711e-01
9.020606378093361244e-02
1.010189258493483094e-01
1.108188411717613564e-01
1.156596361969908088e-01
9.637761992091933849e-02
9.672829949607451849e-02
9.732459561278422600e-02
1.168735850664476550e-01
9.778400975589951472e-02
9.261061498274406056e-02
1.066127189372976652e-01
1.117319985230763729e-01
8.888665252675612138e-02
8.721406466638048638e-02
8.982439602414767077e-02
7.986869944259523957e-02
8.530180633068085161e-02
8.408540156980355562e-02
8.192130692924062818e-02
7.935445067162315291e-02
1.146480947670837219e-01
8.073584192122022773e-02
1.084765136986970968e-01
1.012741771961251924e-01
1.049459257473548263e-01
1.084534649923443728e-01
1.032875149945418070e-01
8.213747366021076357e-02
1.011461085205276750e-01
1.057307379258175667e-01
1.034380792764325874e-01
1.066949976111451759e-01
7.329063576335707875e-02
8.304251525551080426e-02
8.382108846058447527e-02
8.207041983182231104e-02
7.596788392091791131e-02
9.581706016634901346e-02
9.070184515789150859e-02
7.697559412568807935e-02
1.005893057088057263e-01
7.916937742382287868e-02
9.881546638906002489e-02
1.173950515128672073e-01
7.329394044975440226e-02
7.430784431596597350e-02
8.850628759091098974e-02
1.211080694074432029e-01
7.706612946465611624e-02
7.533759271105130995e-02
7.325662341589729565e-02
7.555719148988525313e-02
8.078775663549701835e-02
8.596390670165419967e-02
7.418847740938265545e-02
8.073160616060097439e-02
9.843904281655947719e-02
7.223409013201792517e-02
7.486152742678919836e-02
8.814981574192642944e-02
9.089504562939207388e-02
7.951423004890481594e-02
8.552816192929943440e-02
9.322247359280784462e-02
7.708256597941121058e-02
8.010160258660713184e-02
8.372909717882673353e-02
8.189278444275259472e-02
8.362471540148060101e-02
7.805671408151586277e-02
8.792107257992029523e-02
7.103675291563073257e-02
7.927335468431313814e-02
8.507034781699379655e-02
7.594201414535442507e-02
7.691470446685949591e-02
6.991179699699083538e-02
7.495795381565888149e-02
8.262999092539151380e-02
7.408172385146220840e-02
7.242126349359750970e-02
7.748745712141195952e-02
8.203622086594501706e-02
7.548195940752823463e-02
7.137502576534947296e-02
7.261341741308570408e-02
6.959979408731063744e-02
7.186164009695251986e-02
7.392479949320356070e-02
8.384220972657203952e-02
7.302777717510859634e-02
9.665237382054328585e-02
8.312387979899843460e-02
7.740311850483218292e-02
8.336255956441164516e-02
8.818946018815040921e-02
8.160528189813097411e-02
8.724758286649982042e-02
8.258457716554402916e-02
7.414057234302162680e-02
8.190545295054714459e-02
6.997235045457879388e-02
8.135232274110118511e-02
8.183026810487110947e-02
7.642843609675764593e-02
7.237853482365608215e-02
7.896155955269933135e-02
7.351300967857241075e-02
7.385893540456890671e-02
9.465071434775988723e-02
7.904975724716981067e-02
6.994476195424795262e-02
7.183416290829579276e-02
8.416110879431168423e-02
8.660132884358366645e-02
1.027110928421219177e-01
7.582549144203463987e-02
8.947976376240451835e-02
9.001781510810057119e-02
7.905418941130240573e-02
7.646218027919531035e-02
7.666205060978729946e-02
7.910350777208804973e-02
7.571824946751197494e-02
7.670309153075019482e-02
9.991574601580699433e-02
8.947365826616685003e-02
9.788594929501413799e-02
6.993700594951708649e-02
7.097016463056206315e-02
7.458680601169666302e-02
7.525727352127432879e-02
8.298214997475346355e-02
7.600344572837154644e-02
6.898802572861313653e-02
7.722512103617190649e-02
7.595660276710987369e-02
7.261124681060512898e-02
8.033510835841298214e-02
7.395377968127528345e-02
8.046926682194073532e-02
7.143233882263302914e-02
7.181605164582530176e-02
7.317776515459020747e-02
7.334287981813152058e-02
7.389353903010487112e-02
7.081407900899648611e-02
7.135081361979246639e-02
7.892197746783495560e-02
7.957875346764922697e-02
6.861835739885767393e-02
7.571001602336764613e-02
7.042225115622083309e-02
7.206839187070727959e-02
7.337655197208126090e-02
8.159094272802273895e-02
8.453055564314126968e-02
7.063501946628093775e-02
7.283131744091710102e-02
7.559043786178032409e-02
6.569652016585071641e-02
6.805170388271411519e-02
6.783135007446010334e-02
7.362268297622601154e-02
6.910406339913606477e-02
7.075582475711901520e-02
6.996291855350136868e-02
8.030597879861792188e-02
7.101799912750721144e-02
7.190507072334488547e-02
8.141964389632146137e-02
7.655397168050209755e-02
7.972604952131708000e-02
6.988411859919627100e-02
7.466261772438884115e-02
7.604582876587907825e-02
7.468722326681018209e-02
8.542489315072696043e-02
8.800316045371193996e-02
7.181931703040997372e-02
7.654357161372900287e-02
7.724931118388971008e-02
7.728890991459290427e-02
7.007757044086854181e-02
7.775414844974876116e-02
7.449624373887976658e-02
7.823245452716946768e-02
7.789597973848381984e-02
7.851428515588243506e-02
7.248960056031743260e-02
7.146883623053630619e-02
7.219754166280230312e-02
7.305965319896737253e-02
7.573831273242831452e-02
6.996809313073754089e-02
8.096305349220832281e-02
7.403725435336430682e-02
8.595856462915738017e-02
8.865729924291372577e-02
9.456574555486441103e-02
7.188421585907538158e-02
7.675014654795328517e-02
8.021450371171037763e-02
7.946759944160779188e-02
7.741493821144103393e-02
7.164284029354651973e-02
7.390986749902367370e-02
8.255087415998180189e-02
7.242205052326122772e-02
7.096924596155683440e-02
7.768976942946513586e-02
7.668296515941619429e-02
6.842893134181697590e-02
7.622328640893101526e-02
7.166562543561061371e-02
6.996973566710948389e-02
7.416068872436881732e-02
6.648799680173396454e-02
6.867760892336567669e-02
6.836760247747103447e-02
7.482518622030814859e-02
7.115603861709435263e-02
8.468446482593815217e-02
8.788266067703565110e-02
7.680519721781213505e-02
6.641337980205813674e-02
7.653609533483783645e-02
7.279370112965503903e-02
7.780167237545053405e-02
7.468733757734298540e-02
7.300791351124644168e-02
7.427638744935392834e-02
8.105806088695922951e-02
7.084913002947966498e-02
7.393574122960368256e-02
6.722379376490911218e-02
7.180583978071808371e-02
6.729835925623774140e-02
7.071868263185024372e-02
6.995242023840546330e-02
8.120817630241314311e-02
7.206922379011909685e-02
9.697884171580274659e-02
9.233839590723315338e-02
7.553867884601156435e-02
9.926721906910339344e-02
8.389118205135066841e-02
6.959420723219712779e-02
6.922111733506122744e-02
7.300231399014592282e-02
8.974647187317411068e-02
8.144894793629646468e-02
8.726071444029609436e-02
7.346291009957592322e-02
7.564869720488787141e-02
7.238192920883496084e-02
8.106061835462848031e-02
9.732109302033981058e-02
8.057003820935884630e-02
8.420268482218186412e-02
7.617513548582792449e-02
9.175938811153173946e-02
7.190347944696744154e-02
7.498022674893339845e-02
7.726923308645684829e-02
7.023163539047042048e-02
6.924904544527331340e-02
7.447419295708337938e-02
7.097811171164115918e-02
7.046793584401409016e-02
7.975924817224343266e-02
7.989216507722933514e-02
8.422495342791080919e-02
8.683714512114723560e-02
7.790479134147365592e-02
7.672851048409938535e-02
6.745666289702058338e-02
7.464230471601088213e-02
7.509335378184914256e-02
7.924375468865037242e-02
7.464878647277752022e-02
7.479982487857342321e-02
8.811896679922938402e-02
9.302366850897669792e-02
7.161946445703507025e-02
7.126831303040186139e-02
8.280484495684505009e-02
6.814956580599149105e-02
7.243048661078016481e-02
7.925580874085426386e-02
6.762070855746667164e-02
7.061133821805318234e-02
7.368325903390844644e-02
7.071943692242105284e-02
6.711640271047751571e-02
7.462292324751615413e-02
7.222258504480123797e-02
7.742845773076018068e-02
6.879587677617868269e-02
7.003423243140180499e-02
6.927690989027421309e-02
7.346450017144282030e-02
7.429060121377309422e-02
8.935703566918770657e-02
7.669166286786396891e-02
7.540598994741837258e-02
8.650796140233675546e-02
6.857099200288455099e-02
7.193374121561646461e-02
6.829401877398291743e-02
6.993710296849409147e-02
6.882522080714503776e-02
6.825678573300440755e-02
7.543387215584516914e-02
6.822163823992014042e-02
6.988920276363690121e-02
7.693557869022091267e-02
7.722456056003769442e-02
7.617910599336027988e-02
7.090895142406225538e-02
6.872429204483826437e-02
7.288564505055546150e-02
7.385209806263447196e-02
7.701915419350068015e-02
7.048468222841620945e-02
7.111623605092366740e-02
6.744333538537224115e-02
7.050006419420241921e-02
8.213279798626899053e-02
7.158901680881778196e-02
7.173704561466971719e-02
6.748447130744655853e-02
7.896700928608577086e-02
8.103544833759467048e-02
7.278560530394315164e-02
7.195857171590129553e-02
7.421127825975418202e-02
7.203273088981708427e-02
6.776761996870239724e-02
7.209698325643937311e-02
6.999352959295114529e-02
6.797487027322252073e-02
7.006264476105571182e-02
6.850164664909243195e-02
7.843265794838467919e-02
7.351496110980709764e-02
7.207376529773076856e-02
7.179782345890999007e-02
6.628607082491119740e-02
7.560850497024754202e-02
6.791618756329019513e-02
7.498727283750970807e-02
6.939024477576216654e-02
7.820353087658683811e-02
7.238458071524898896e-02
7.962767391155163577e-02
6.881979343791802539e-02
7.261652940263350897e-02
6.826521929353475404e-02
6.795689006646474239e-02
7.123647129784027587e-02
7.461923335368435273e-02
7.139052324617901901e-02
7.003985710442066359e-02
7.279486515869697250e-02
6.896660229191184377e-02
7.331868482132752884e-02
6.897250513856609255e-02
7.315940868109464812e-02
7.195476464927196003e-02
7.911969518909851840e-02
7.609134192888934722e-02
7.470921082422136983e-02
7.498920085529486856e-02
7.299500723058978402e-02
7.627701751266915964e-02
7.408824587861696787e-02
7.501606599738200321e-02
7.137528002882996547e-02
7.071233321602145294e-02
6.993901544560988948e-02
7.567962183306614632e-02
7.107832041879494356e-02
7.337194849426548204e-02
7.426041676973303696e-02
8.049698997288942670e-02
7.476798435052235681e-02
6.796523126463095699e-02
7.118411465237538260e-02
6.970642878984412150e-02
6.961730379611254238e-02
6.975524729117750511e-02
7.279678247248133616e-02
7.084061384201049971e-02
7.215809945637981226e-02
6.705484608188271023e-02
7.244772069777051515e-02
7.117454636842011906e-02
7.111843200400472242e-02
6.961499545102317610e-02
7.533184749384720658e-02
8.093578736608227076e-02
6.783952942738930014e-02
7.438073137154181669e-02
7.100301785394549925e-02
7.753103948508699439e-02
7.200030895570913581e-02
7.240929438422123721e-02
8.403277973333994622e-02
7.667698438589772014e-02
7.542088164016604035e-02
7.146599391475319529e-02
7.547183383256196587e-02
7.467168394476175752e-02
7.997291424001257143e-02
6.776909862334529189e-02
6.774822759752471835e-02
7.799397352462013322e-02
7.188403315842151198e-02
7.565954503913720208e-02
7.244140649214386718e-02
8.084176116933425305e-02
7.992732431739568710e-02
7.340272245307763455e-02
7.067320999999840425e-02
8.027689067025979563e-02
6.750426582992076485e-02
7.067115159705281147e-02
7.838176321238279898e-02
7.876819254209597998e-02
7.049569644654790634e-02
7.037187535315751752e-02
7.387241646026571074e-02
7.343791950494051035e-02
7.210326845447222188e-02
7.145543084790309529e-02
6.908011789123216784e-02
6.871712765345970586e-02
6.923968613147735152e-02
7.876169309640923544e-02
7.664445693294207052e-02
7.992295563841859962e-02
7.115650068968534803e-02
6.736906829600532165e-02
7.487922192861636017e-02
7.437865681946277674e-02
7.425246415038903869e-02
7.029613848154743494e-02
7.351211970672011375e-02
6.843889496599633859e-02
6.974795407305160733e-02
6.754722851018110652e-02
7.200676851595441685e-02
6.966295472035805014e-02
6.910090743874509889e-02
8.430030418559908423e-02
8.601205724601944380e-02
7.998602267975608859e-02
7.623324567452073597e-02
8.318796003858248966e-02
7.631906611224015258e-02
7.144896915182470665e-02
7.285326357310016598e-02
