1.737080501765012608e-01
1.477447921484708881e-01
1.352111343145370459e-01
1.274401383996009718e-01
1.250382871925830863e-01
1.169295936375856354e-01
1.140431849211454435e-01
1.122164572700858065e-01
1.086584881506860306e-01
1.082081024050712548e-01
1.051008775196969475e-01
1.039590041078627125e-01
1.018802104890346588e-01
1.026319915950298367e-01
9.945587626472116027e-02
9.863714781776070084e-02
9.773387072607875314e-02
9.766290332376957595e-02
9.741180175170302546e-02
9.516421715170145235e-02
9.485860406234859765e-02
9.391137795522809528e-02
9.287505478039384532e-02
9.329473260417581182e-02
9.134560209140181464e-02
9.114561678841709425e-02
9.010699203610419983e-02
9.165224079787731570e-02
8.886370418220758405e-02
8.897630712389946461e-02
8.829470925033092166e-02
8.771981098130345045e-02
8.680371402576565754e-02
8.655549244955182409e-02
8.660905044898391247e-02
8.564711773023009345e-02
8.610486995801329424e-02
8.533579557761550305e-02
8.563585668802260742e-02
8.444041025638580888e-02
8.349765624478459880e-02
8.384059411287307639e-02
8.318186901509762310e-02
8.294381634518503688e-02
8.423755165934562750e-02
8.196328243613243414e-02
8.190759417042135782e-02
8.139550245553255070e-02
8.087447725236415752e-02
8.095408628135919438e-02
8.028307092562317338e-02
8.067809843271971093e-02
8.080833991244434911e-02
7.980441838875412808e-02
7.933164618164301185e-02
7.901890429109334479e-02
7.894318811595439633e-02
7.868775898590683882e-02
7.854325224831699981e-02
7.818033218756317848e-02
7.818594906851648874e-02
7.798868234828114365e-02
7.724988345056772732e-02
7.916118696331977955e-02
7.724954337254166803e-02
7.718243610486388850e-02
7.659184251725673076e-02
7.701652052998542164e-02
7.638023316115140349e-02
7.626991063356398926e-02
7.559790968522429877e-02
7.601712473109364931e-02
7.502817497402429481e-02
7.554846327751875423e-02
7.505794297531247217e-02
7.497953820973635164e-02
7.487584973126650001e-02
7.479737127944827146e-02
7.476798306405543770e-02
7.413121199235320202e-02
7.435065903887153049e-02
7.370483441650867162e-02
7.362457700818776651e-02
7.333346655592322405e-02
7.420835741981864075e-02
7.356642415747045860e-02
7.333987238630652883e-02
7.254947581887245811e-02
7.284241613373160229e-02
7.251385522261262484e-02
7.217914325371384276e-02
7.222150791808962245e-02
7.262575691938399913e-02
7.224482192471623487e-02
7.175187306106090013e-02
7.237350797280668602e-02
7.192327887192367930e-02
7.108715538680553114e-02
7.137754417583346001e-02
7.148447234183549770e-02
7.117493026703596015e-02
7.102510204538703409e-02
7.081443287059664693e-02
7.079144635796547069e-02
7.112199904397130401e-02
7.066139083355665873e-02
7.098255893960594975e-02
6.997923302650452260e-02
7.054849691316485150e-02
7.033422993123530920e-02
7.033010560646653364e-02
6.998333483934401911e-02
6.986393903568387242e-02
6.987221433222293165e-02
6.993883357197046291e-02
6.952835309505463190e-02
6.945178674533963870e-02
6.984068784862756951e-02
6.954949831217527301e-02
6.939870235323905567e-02
6.893043009564280010e-02
6.888517976924776742e-02
6.892063188552856323e-02
6.864594193547964018e-02
6.945799796655774405e-02
6.847496361657977315e-02
6.852562940865755681e-02
6.889918918162583894e-02
6.814945714920758735e-02
6.841871793195605789e-02
6.789248281717299993e-02
6.822543624415994268e-02
6.779371283575892637e-02
6.820715079456567131e-02
6.783022526279092190e-02
6.734138049185275920e-02
6.779724549874663331e-02
6.766088852658867780e-02
6.747877636924386191e-02
6.784439814463258389e-02
6.723553099483250972e-02
6.729971304908394236e-02
6.735183165967464913e-02
6.756032755225896413e-02
6.749409765750169488e-02
6.714975658804178682e-02
6.672435230389237026e-02
6.694338743388653090e-02
6.721278552711010268e-02
6.647285918518901215e-02
6.609968463331461486e-02
6.738695301115513181e-02
6.634136546030640347e-02
6.673997665941715229e-02
6.638588257133960779e-02
6.631997288018465220e-02
6.633166381344199336e-02
6.605929153412580523e-02
6.629149723052978060e-02
6.603948843851685513e-02
6.577757024392485996e-02
6.612507522106170210e-02
6.603919119387864634e-02
6.588778546079993026e-02
6.573574979975820021e-02
6.592184588685631730e-02
6.577323890849948174e-02
6.554495799914002163e-02
6.540415804088116347e-02
6.530009567365049894e-02
6.528676940128207151e-02
6.524357338622212288e-02
6.496093824878335088e-02
6.483948043733835098e-02
6.529661770537495413e-02
6.537953263893724054e-02
6.542053740844130938e-02
6.478416108340025181e-02
6.490036922693252774e-02
6.500565493851899468e-02
6.496552733331918683e-02
6.473814443498850102e-02
6.456149329245090829e-02
6.475237131863832707e-02
6.488374403491616038e-02
6.516329063102603569e-02
6.470291183888912667e-02
6.498588462546467381e-02
6.495773798227309770e-02
6.403646432235836350e-02
6.422865268960595286e-02
6.437634568288921888e-02
6.420908421464265048e-02
6.436302414909005065e-02
6.401042763888835363e-02
6.387781471759081120e-02
6.445751176401973148e-02
6.365541659668087771e-02
6.376512572169304449e-02
6.366809285432099841e-02
6.365371943637729291e-02
6.433918555639683845e-02
6.441013479232787775e-02
6.362405451759696462e-02
6.360527028143406203e-02
6.374294247478246023e-02
6.313424959592521535e-02
6.367317515984177723e-02
6.332183269038796358e-02
6.375873765908181279e-02
6.356572671234607397e-02
6.322562335804104983e-02
6.313669122382999099e-02
6.303324700519442880e-02
6.273777043446898682e-02
6.372077151760459357e-02
6.338046488165854919e-02
6.312475976347922679e-02
6.330006135813891210e-02
6.290030224993825581e-02
6.316053210571408172e-02
6.330047773197293448e-02
6.273417061567305997e-02
6.295130382478236752e-02
6.294256058521568997e-02
6.274071720242500871e-02
6.235461111739278028e-02
6.249070170149206849e-02
6.299507548287511249e-02
6.250494403764605966e-02
6.274965191259980479e-02
6.255720405653118765e-02
6.237494276463985410e-02
6.284771325625479466e-02
6.298965186998248256e-02
6.265614205598830921e-02
6.251957597211003914e-02
6.178411618992686594e-02
6.288197388499974783e-02
6.242006460577249199e-02
6.245999040454625756e-02
6.217260286398231667e-02
6.250450494140386004e-02
6.212168339639902170e-02
6.286675217747687838e-02
6.193448110669851070e-02
6.198895437270402625e-02
6.196277045831084102e-02
6.233096460253000071e-02
6.210054139792919176e-02
6.198282031714916207e-02
6.168739163503050849e-02
6.153063540160656070e-02
6.171024282462894694e-02
6.201423314586281682e-02
6.195475600846112041e-02
6.204142292588948893e-02
6.201953942328691793e-02
6.184301444888114924e-02
6.158017647638917152e-02
6.155494821816683004e-02
6.154789473488926632e-02
6.116640904732048578e-02
6.167921478301286592e-02
6.168984134122729168e-02
6.129540505632757874e-02
6.154650340974331113e-02
6.180153760686516590e-02
6.128724059090018272e-02
6.113839184679090849e-02
6.129903471842407942e-02
6.152378666214644576e-02
6.125675524771213853e-02
6.143732346594333454e-02
6.122325675189495275e-02
6.111764205619692886e-02
6.159625054895877944e-02
6.172618061304092213e-02
6.144518831744789911e-02
6.105205302126705952e-02
6.111331568658352059e-02
6.084824093058705669e-02
6.082337623834609824e-02
6.085819862410426356e-02
6.095010253414511608e-02
6.081902314908802648e-02
6.058910530246794379e-02
6.112008720263838873e-02
6.067261304706335345e-02
6.097543770819902759e-02
6.066521606594323796e-02
6.057917026989161763e-02
6.081424508616328078e-02
6.097138276323676304e-02
6.094297818467021149e-02
6.048639930412173099e-02
6.076160646975040103e-02
6.046992085129022920e-02
6.063778494670987035e-02
6.019829838722944026e-02
6.041493083909153794e-02
6.044954030402004824e-02
6.034919786080718274e-02
6.045225631445646369e-02
6.039112465083599363e-02
6.024878937937318962e-02
6.017210163176059390e-02
6.019492160156369315e-02
6.031745244190096777e-02
6.066130895167589493e-02
6.055646916106343508e-02
6.081815034896135425e-02
6.046254391223192248e-02
6.035034616664051998e-02
5.997969964705407442e-02
5.982590333744883249e-02
6.001936333440244242e-02
6.002786101959645820e-02
