2.036693529486656162e-01
1.482734540998935646e-01
1.322839132249355454e-01
1.235504775941371897e-01
1.176017930507659848e-01
1.128189433962106664e-01
1.089460037648677798e-01
1.065991061478853280e-01
1.036641470342874460e-01
1.016202700734138431e-01
1.001507674008607907e-01
9.813824678957462633e-02
9.697748266160488573e-02
9.549228420853614341e-02
9.400611108541488681e-02
9.262804409861565003e-02
9.199530367553233889e-02
9.091565005481243300e-02
9.036502945423126321e-02
8.883481341600417414e-02
8.822637449204921711e-02
8.780831952393054751e-02
8.688745611906051325e-02
8.583593134582043205e-02
8.583087195456028107e-02
8.495397286117076230e-02
8.443872191011905781e-02
8.409851898252963809e-02
8.336258502304554063e-02
8.260259981453418887e-02
8.204961410164833546e-02
8.217299775779247917e-02
8.133519597351551722e-02
8.113427156209945812e-02
8.038792243599891807e-02
8.007936725020409208e-02
7.944110335409641788e-02
7.937909583747386477e-02
7.904228097200394210e-02
7.847140082716941301e-02
7.809298507869243122e-02
7.800660431385039728e-02
7.760883732140064217e-02
7.715971043705940891e-02
7.694091909378766858e-02
7.617435986548662386e-02
7.606729582697152603e-02
7.599613550305366061e-02
7.537338175624609671e-02
7.526029164344072431e-02
7.493409609049558884e-02
7.461764946579933777e-02
7.423319951444863618e-02
7.404722151160239574e-02
7.387352430075407039e-02
7.352859263867139727e-02
7.340827791392803836e-02
7.306954238563775905e-02
7.268192748725414709e-02
7.226911514997481911e-02
7.213000458478927013e-02
7.224000242352485168e-02
7.204938898980617346e-02
7.185469574481248567e-02
7.130495026707649175e-02
7.141646805405617304e-02
7.105907432734966112e-02
7.079878271371126131e-02
7.053986347466707774e-02
7.036304035037756199e-02
7.036475387215614108e-02
7.013822382688522650e-02
6.972212082892656482e-02
6.960369966924190299e-02
6.944066574424505311e-02
6.940489436686038405e-02
6.924242611229419753e-02
6.903899987787008585e-02
6.866725646704435748e-02
6.862183541059493908e-02
6.850440402328968059e-02
6.829463378340006052e-02
6.833864804357289713e-02
6.778372392058372442e-02
6.761726637929678374e-02
6.770112485438585515e-02
6.738930611312389518e-02
6.734849158674478808e-02
6.701926824450492315e-02
6.725361907482146906e-02
6.707992088049649637e-02
6.680550325661897826e-02
6.711238858103751870e-02
6.662345043569803393e-02
6.655015174299477865e-02
6.633331840485334752e-02
6.626747717708349195e-02
6.600542598217726264e-02
6.600208822637795847e-02
6.599583234637976248e-02
6.578340409696102620e-02
6.575337156653404680e-02
6.565832503885030147e-02
6.553011082112789043e-02
6.542744677513838425e-02
6.521352985501290001e-02
6.518886050581931824e-02
6.503154463320970358e-02
6.504613862186670037e-02
6.474101665616036061e-02
6.428473350405693176e-02
6.447749716043472967e-02
6.457422506809235019e-02
6.426372919231652936e-02
6.428184518963098171e-02
6.421118456870317237e-02
6.397964541614055423e-02
6.406760051101445530e-02
6.390804796665906784e-02
6.361254572123288542e-02
6.344182872772216597e-02
6.353076660633087680e-02
6.353756268322467704e-02
6.345557708293199373e-02
6.352873124182224773e-02
6.308071666210890438e-02
6.330445167422295294e-02
6.313838148117065230e-02
6.290940760076045579e-02
6.282622943073511157e-02
6.274014471471309196e-02
6.291286545991897627e-02
6.258210757374763067e-02
6.244256160408258316e-02
6.242294211685657512e-02
6.251480487734079050e-02
6.205012905597686451e-02
6.222696406394243041e-02
6.225876486301422374e-02
6.225598659366369386e-02
6.210129255801439402e-02
6.183060593903064867e-02
6.197530402243137115e-02
6.198563528805971223e-02
6.160251183062791930e-02
6.182165121287107323e-02
6.171782061457634083e-02
6.149718116223812370e-02
6.153096495568752267e-02
6.152059195190667795e-02
6.140666329860687556e-02
6.116871167719364205e-02
6.122669722884893639e-02
6.116365921497345093e-02
6.108108227699995257e-02
6.092364811897277993e-02
6.088851834833621662e-02
6.093820922076702284e-02
6.073941887170076354e-02
6.081564937531948323e-02
6.066721817106008469e-02
6.086307725310325517e-02
6.072520808130502795e-02
6.051475230604410477e-02
6.071796683967113639e-02
6.016248077899217367e-02
6.027039057016372881e-02
6.035835191607475531e-02
6.021882645040750603e-02
6.028223622590303532e-02
6.036246717721224092e-02
6.010426890850067289e-02
5.999878108501434382e-02
5.987408028542995364e-02
5.986893928796052644e-02
6.032709181308746477e-02
5.995168720930815071e-02
5.972027432173490635e-02
5.992556614428758838e-02
5.966865530610084706e-02
5.955374056845903069e-02
5.959190338850021279e-02
5.958135527372360185e-02
5.954429388791322719e-02
5.933973404765129078e-02
5.938759562373161632e-02
5.940769207477569758e-02
5.908124080300330982e-02
5.919719322770834041e-02
5.925871220976114406e-02
5.901835699379444355e-02
5.886391075700521391e-02
5.906545051187277184e-02
5.880296839028596734e-02
5.896008406579494182e-02
5.860094726830721024e-02
5.870805859565735030e-02
5.879388833791017455e-02
5.876740244030952132e-02
5.875302820652723162e-02
5.858469354361296039e-02
5.880008639395237213e-02
5.837834858149289902e-02
5.868911948055029193e-02
5.847961639612913459e-02
5.858586157858371862e-02
5.847543808817863564e-02
5.828934144973754727e-02
5.812992387264966782e-02
5.826313597708940306e-02
5.821487919241190301e-02
5.821804338693618852e-02
5.833701036125421568e-02
5.792511098086833982e-02
5.812370120733976325e-02
5.805085088312626068e-02
5.813057005405426053e-02
5.810212668776511963e-02
5.781039779633283943e-02
5.791492975503206159e-02
5.773275583982467873e-02
5.787737558037042707e-02
5.778926316648722028e-02
5.779164359718561017e-02
5.765492848306894014e-02
5.741820950061082840e-02
5.769901262968778893e-02
5.774826820939779615e-02
5.750047850608825534e-02
5.744187389314174552e-02
5.753617997467518064e-02
5.747627261281013783e-02
5.776039396971464207e-02
5.757084868103265474e-02
5.744097124040126873e-02
5.734474394470453346e-02
5.719573379307985039e-02
5.731753732264041612e-02
5.719904606044292489e-02
5.705024324357509807e-02
5.720289874076843473e-02
5.727207519859075363e-02
5.727472268790006343e-02
5.701576389372348813e-02
5.698936633020639658e-02
5.678014968335628326e-02
5.711310980468988635e-02
5.704914521425962642e-02
5.700787015259265594e-02
5.709375611692667218e-02
5.680619488656520749e-02
5.688804357498884051e-02
5.691129609942436468e-02
5.659444739669561297e-02
5.678785800933838085e-02
5.674543666094541278e-02
5.678706236183643508e-02
5.659266205132007510e-02
5.671066356450319562e-02
5.664138732105493401e-02
5.654965233057737684e-02
5.653772716969251294e-02
5.656370899826287935e-02
5.635144598782062392e-02
5.613949903845787126e-02
5.657269818335771555e-02
5.642910152673721175e-02
5.638806694000959158e-02
5.648172134160995422e-02
5.637285996973514374e-02
5.624861676990985937e-02
5.631343451887368956e-02
5.624869991093874033e-02
5.642835106700658937e-02
5.604106744378805488e-02
5.610451477766036782e-02
5.611732877790927970e-02
5.638790889829397440e-02
5.604718460142612407e-02
5.622056865692138389e-02
5.588603362441062899e-02
5.588251307606697388e-02
5.603755354136228523e-02
5.579385004192590619e-02
5.588942909240722512e-02
5.604023984074592291e-02
5.585507190227508717e-02
5.575681725144386591e-02
5.568661106377840314e-02
5.584979982674121574e-02
5.570459404587745772e-02
5.557552355527877602e-02
5.568618479371070795e-02
5.571229691058397077e-02
5.565515954047441788e-02
5.546574486047029656e-02
5.562416115403175099e-02
5.572193684428930482e-02
5.564907186478376677e-02
5.569539139419794199e-02
5.535375645011663542e-02
5.526477666199207384e-02
5.548663479089736839e-02
5.561937920749187442e-02
5.537371300160884996e-02
5.548504386842250530e-02
5.554140727967023933e-02
5.512760351598262887e-02
5.525602505356073252e-02
5.536069634556770036e-02
5.537565638124943013e-02
5.516417728364467893e-02
5.533423074334859609e-02
5.505918429791927665e-02
5.519112899899483032e-02
5.544780070334672656e-02
5.518175970762968091e-02
5.531322118639946106e-02
