7.100000000000000000e+01
9.800000000000000000e+01
6.700000000000000000e+01
2.000000000000000000e+01
4.900000000000000000e+01
9.300000000000000000e+01
4.600000000000000000e+01
5.000000000000000000e+00
2.500000000000000000e+01
0.000000000000000000e+00
3.100000000000000000e+01
6.800000000000000000e+01
4.000000000000000000e+00
6.200000000000000000e+01
8.500000000000000000e+01
1.300000000000000000e+01
9.700000000000000000e+01
9.200000000000000000e+01
3.800000000000000000e+01
2.100000000000000000e+01
9.600000000000000000e+01
3.200000000000000000e+01
1.800000000000000000e+01
7.900000000000000000e+01
7.500000000000000000e+01
8.900000000000000000e+01
6.000000000000000000e+01
2.200000000000000000e+01
5.600000000000000000e+01
9.900000000000000000e+01
5.000000000000000000e+01
5.500000000000000000e+01
1.100000000000000000e+01
3.000000000000000000e+00
9.000000000000000000e+01
3.900000000000000000e+01
3.000000000000000000e+01
7.000000000000000000e+01
7.800000000000000000e+01
8.100000000000000000e+01
