1.177412009332328979e-01
7.618831216357647984e-02
7.182065472006797513e-02
7.046095357742160337e-02
6.872484550811350235e-02
6.800738376565278187e-02
6.761921997182071542e-02
6.766347071155905113e-02
6.721449537202715818e-02
6.690427813213319086e-02
6.632583883125335589e-02
6.608397923409939367e-02
6.506402886006981690e-02
6.538393253926187698e-02
6.484126587864011415e-02
6.524007250089197685e-02
6.469778016675263588e-02
6.210861344356089636e-02
6.295745358802377900e-02
6.407994912471622062e-02
6.331451183184981513e-02
6.315370151773094798e-02
6.250729360152035285e-02
6.320840721018612662e-02
6.281194313894956915e-02
6.291560850571840946e-02
6.257807109970599246e-02
6.314583925995975733e-02
6.168074761051684646e-02
6.197839883621782120e-02
6.126449956558644577e-02
6.220286081545054607e-02
6.189297255594283093e-02
6.191839465871453591e-02
6.099982978310435761e-02
6.127831290010363197e-02
6.201132468413561583e-02
6.049305813852697694e-02
6.109001217875629358e-02
6.033412510529160416e-02
5.952335502021014607e-02
6.116644984576850852e-02
6.016795408446341809e-02
6.000949159730226135e-02
6.049832990858703546e-02
5.896551055833697264e-02
5.959157161414622983e-02
5.979334127157926587e-02
5.955185876693576408e-02
5.930771696846932201e-02
5.949614592362195004e-02
5.902198420837521248e-02
5.913693507667630578e-02
5.732043217401951857e-02
6.006145611871033935e-02
5.969392486382275875e-02
5.922984183300286642e-02
5.847321718465536833e-02
5.926802717614918642e-02
5.876297873444855102e-02
5.870920249726623019e-02
5.678226133808493559e-02
5.924985573161393321e-02
5.820535964332521073e-02
5.849430481903254708e-02
5.847407837398350267e-02
5.752601394895464487e-02
5.872210699599236111e-02
5.769162328913807897e-02
5.831251473631710036e-02
5.807165696751326323e-02
5.913116584531962622e-02
5.845525926910340869e-02
5.845520095899701257e-02
5.738381682895123820e-02
5.707572160288691687e-02
5.676616811193525847e-02
5.752952118869870957e-02
5.646715819835662620e-02
5.808141992893069844e-02
5.712074993643909832e-02
5.716816882137209371e-02
5.743367861025035215e-02
5.718897232785821044e-02
5.730670282151550249e-02
5.697720595169812607e-02
5.750161095522344362e-02
5.741471634712070476e-02
5.728038041386753626e-02
5.730164357926696705e-02
5.719007942359894542e-02
5.533469873946159773e-02
5.743507015984505165e-02
5.701752675697207423e-02
5.680161037947982494e-02
5.538834284525364499e-02
5.654054882936179749e-02
5.727678026072680756e-02
5.545163960196077685e-02
5.560022512450814303e-02
