1.111277225852012718e+00
1.323685997258871871e-01
8.312301034294068691e-02
7.710962605290114236e-02
7.529571385122835192e-02
7.900098872743546718e-02
7.081685807742178762e-02
7.183290037512779502e-02
6.812804764509200472e-02
6.895392301492392351e-02
6.706935334764420331e-02
6.984716667048633532e-02
6.954190634377301061e-02
6.842541643604636847e-02
8.204593341518193195e-02
7.152535554673522533e-02
7.069886994548141290e-02
6.788743871729821522e-02
7.000340405851603054e-02
6.727346327155828143e-02
6.650788346119225480e-02
7.078070163819938365e-02
6.686592901311814996e-02
7.104759947769344330e-02
6.475495367683470338e-02
6.713850274495780646e-02
6.410292313620448434e-02
6.653675303794442941e-02
7.338557476270943236e-02
6.292632962204515457e-02
6.695896187797188703e-02
6.638743618689477155e-02
6.704642286710441046e-02
6.562121090665459788e-02
6.403615871537476911e-02
7.273994896560907752e-02
6.870038795098662443e-02
6.496077659539878368e-02
7.072879508696496009e-02
6.986217783484607868e-02
6.759337609075009856e-02
6.576940671354532253e-02
6.219778703898191236e-02
6.216974615305662089e-02
6.320310575608163728e-02
6.715803302638233274e-02
7.205202185921370794e-02
6.180196162313222885e-02
6.994547423347831361e-02
6.395228003337979916e-02
6.518713376298547468e-02
6.163421859592198987e-02
6.464282743073999915e-02
6.376466545276343600e-02
7.252769603207707971e-02
7.332686561904847022e-02
6.789070968981832099e-02
6.869338663108646992e-02
6.116243794374168208e-02
6.340202899463474873e-02
6.467710439860820115e-02
8.405924191139638180e-02
6.419211230892687969e-02
6.367120196763426110e-02
6.313357005268335764e-02
6.056285770144313740e-02
6.037735806778073144e-02
6.448980890866369553e-02
6.190981820225715387e-02
6.584179925918579035e-02
6.008663645572960565e-02
6.084841166064142853e-02
6.106758646108210314e-02
6.098782626446336286e-02
6.390955670457333648e-02
6.044560829736292384e-02
6.285951482970267290e-02
6.563105495460332117e-02
6.174967146012932256e-02
6.049143403023481136e-02
6.084768535010516566e-02
6.173237535171210988e-02
6.003425046056509035e-02
6.083699893578887324e-02
6.326298053935169863e-02
5.965356195531785338e-02
6.176598651893436959e-02
6.126015399303287590e-02
5.863441088609397389e-02
5.960884332843124911e-02
6.107752443291247085e-02
6.175476143695413783e-02
6.160652751103043445e-02
5.927117511630058261e-02
6.233163315989077163e-02
6.600154949445277697e-02
6.326520217489450815e-02
6.816427164152263907e-02
7.275717795267701293e-02
6.327692074142396428e-02
