2.011883949860930332e-01
8.746231457218528460e-02
8.187799300998449548e-02
7.731238499283790699e-02
7.528088415041565840e-02
7.342207051813602614e-02
6.980077665299176670e-02
7.375302305445075035e-02
7.149882854893803430e-02
7.139825126156211510e-02
7.096145808696746604e-02
7.141755726188421527e-02
6.926516603678464779e-02
6.922522932291030884e-02
6.755768541246652548e-02
6.825882468372583556e-02
6.792029105126858035e-02
6.763367936015128590e-02
6.785162368789315890e-02
6.559974723495543003e-02
6.687987759709358715e-02
6.432162459939717858e-02
6.606519100256263988e-02
6.586755668744444236e-02
6.400544015690684541e-02
6.540327923372388219e-02
6.563135446980596088e-02
6.535840832628309061e-02
6.572479461319744032e-02
6.601960541680455818e-02
6.485502565279603615e-02
6.378974872641265947e-02
6.513867403380572962e-02
6.400358607992530369e-02
6.248668714426457854e-02
6.543600752018391420e-02
6.447804469615220357e-02
6.442292032763362319e-02
6.286843218840658387e-02
6.351374222896993826e-02
6.398241774179042052e-02
6.290666142478584799e-02
6.334843730553985086e-02
6.283942483365535792e-02
6.393421703018248303e-02
6.169736631214618738e-02
6.311398088000715056e-02
6.258254542946815879e-02
6.217014392837882236e-02
6.162828540429472757e-02
6.192904836498201032e-02
6.059453936293721088e-02
5.807005655951798240e-02
6.350021224468946346e-02
6.167014744132757326e-02
6.057774950750172138e-02
6.177061563357710838e-02
6.088496790267527298e-02
6.323625667952001428e-02
6.274323228746653269e-02
6.083747833035886565e-02
6.197064304724335393e-02
6.140086123719811634e-02
5.925419408828019874e-02
6.015144043602049101e-02
5.961104373447596860e-02
6.051350719295442437e-02
6.056371664628386331e-02
6.110125700943171839e-02
6.054993870668113481e-02
6.022924411110579940e-02
5.892302355729043400e-02
5.785181237384676850e-02
5.933444414287805668e-02
6.049528802745043898e-02
6.072974252514540955e-02
6.124568536877632308e-02
6.008378650061785980e-02
5.997084734961390801e-02
6.011153734289109707e-02
6.087352632544934528e-02
5.882584785111248660e-02
6.060267565771937370e-02
6.012674237601459137e-02
5.889461853541434061e-02
6.007868497632443822e-02
5.925023533403873249e-02
6.021706091240048436e-02
5.994129016064107113e-02
5.951845902018249035e-02
5.885319987311959239e-02
5.918625630438327512e-02
5.774459431879222504e-02
5.669342161156237098e-02
5.903369638137519193e-02
5.872339714318514092e-02
5.904921604320406692e-02
5.874878785572946321e-02
5.895907803438604072e-02
5.951645875349640541e-02
