1.282824369117617547e+00
2.539571530893445228e-01
1.286945829242467920e-01
1.091064630895852983e-01
9.968242319114506422e-02
1.035527326129376952e-01
9.530545982159674412e-02
1.038938907701522085e-01
1.009922117106616529e-01
9.152899158559739401e-02
8.990900563262403666e-02
1.047712081614881746e-01
8.488453203625977161e-02
8.250600713863968927e-02
7.680854506045579899e-02
7.327458509989083490e-02
7.174915878288447291e-02
7.007795592211187030e-02
6.937114231288432631e-02
7.306828300096095130e-02
6.927024420723318365e-02
7.208273124229162832e-02
6.878816057369112336e-02
6.927594154514372937e-02
7.316451952047646479e-02
6.828673457354307585e-02
7.206840364262462328e-02
6.876636883430183034e-02
6.995070987939834561e-02
6.756192663125694386e-02
7.091164592467248673e-02
6.842717112042009941e-02
6.877154478989541686e-02
6.559439313784241887e-02
7.213306665234267556e-02
6.628876655176281496e-02
6.624179764091968348e-02
6.656844435073434874e-02
6.753363583236932088e-02
6.997372480854392729e-02
6.802744759060443125e-02
7.022783620841800689e-02
6.673087940365075854e-02
6.667288890108466481e-02
6.527462111972272274e-02
6.656562627665699172e-02
6.529493450932204179e-02
6.584360938891768711e-02
6.707848502881824659e-02
6.760219509713351338e-02
6.550274671055376918e-02
7.408092724531889495e-02
7.434682541619985763e-02
6.537619202956557185e-02
6.653743246197700578e-02
7.121692897565662372e-02
6.467038655094801969e-02
6.547603637725114833e-02
6.730235898308456477e-02
6.563842244632542289e-02
6.726733368448913064e-02
6.357334288954734347e-02
6.394504212588071612e-02
6.519978291448205732e-02
6.591489755548536611e-02
6.788612356036902162e-02
6.571004685200751427e-02
7.320397800393402266e-02
6.537351443432271036e-02
6.675940936058759323e-02
7.073893979005516086e-02
6.633713752962648591e-02
6.995027130469680388e-02
7.168470045737922181e-02
6.491901132278143915e-02
6.580535496585071531e-02
6.368441157415509479e-02
6.685857908613980494e-02
6.708148872479796632e-02
7.321297338418662759e-02
6.700584370456635908e-02
6.370228487253189187e-02
6.183643415197730142e-02
6.278639313951134282e-02
6.243202850595116343e-02
6.333316599205136843e-02
6.256809116806834326e-02
6.705565861053765231e-02
6.257249608635902238e-02
6.293747227825224888e-02
6.785482045356183711e-02
6.551946255750953907e-02
6.483995409682392908e-02
6.810216194111853860e-02
6.336983494274318895e-02
6.234348230063915114e-02
6.938727887906134817e-02
6.382453883439302700e-02
6.368396875448524563e-02
6.330816182680427950e-02
