4.234662090241909094e-01
4.230097219944000120e-01
4.260894016325473821e-01
4.245026807710528538e-01
4.224718405306339131e-01
4.238638682514428990e-01
4.233817448467016020e-01
4.209443168342113517e-01
4.230321661829948288e-01
4.201453975364565774e-01
4.227729016542434715e-01
4.214893975853920005e-01
4.220823142528534189e-01
4.235117731168865918e-01
4.219876227527856738e-01
4.231506567150354337e-01
4.238935997784137877e-01
4.234191287308931573e-01
4.230075132548808958e-01
4.230786463990807711e-01
4.224539574980735734e-01
4.227041270658373762e-01
4.230568474978208537e-01
4.229412920475005833e-01
4.240072153732180604e-01
4.259303044974803720e-01
4.217912455126643367e-01
4.243466870784759482e-01
4.228284580111503765e-01
4.231638191044330699e-01
4.202695017457008242e-01
4.231226508617401127e-01
4.229539860635995741e-01
4.239726708829402724e-01
4.236980943530798127e-01
4.222019281089305909e-01
4.229706082344055207e-01
4.229500208497047331e-01
4.226913773342966807e-01
4.248274531513452357e-01
4.234710109010338952e-01
4.212157206013798505e-01
4.243659613281488552e-01
4.216446845829486811e-01
4.219228467568755248e-01
4.237801019698381189e-01
4.222896903455257145e-01
4.233130558878183125e-01
4.209970908164977765e-01
4.249427009820938017e-01
4.239999386966228356e-01
4.227106605768203851e-01
4.216090124845504605e-01
4.215836497694254170e-01
4.233628874570131151e-01
4.233737292364239679e-01
4.239394474476576025e-01
4.231549156457185545e-01
4.259681917726993450e-01
4.240149112045765167e-01
4.231267356723547035e-01
4.228210483044386181e-01
4.231985709816217245e-01
4.222241380214691309e-01
4.223763158991932776e-01
4.233244078010320877e-01
4.222504974901676311e-01
4.215254317522049154e-01
4.223953642547130793e-01
4.238887886926531734e-01
4.229186726063489665e-01
4.218246600031852478e-01
4.227987511754036087e-01
4.209302905946969986e-01
4.225419646352529535e-01
4.233857838809489960e-01
4.231073660999536412e-01
4.219671930670738091e-01
4.236061280965804920e-01
4.228641273677349322e-01
4.241364394575357633e-01
4.231578764617442978e-01
4.215659829080105059e-01
4.238355562835931512e-01
4.215271681547164695e-01
4.203395241796970550e-01
4.240936516374349541e-01
4.232542162165045529e-01
4.237823708355426544e-01
4.236886192560195830e-01
4.219173890650272374e-01
4.217826960682868886e-01
4.249571527838706952e-01
4.225256444215774732e-01
4.265455714613199389e-01
4.223307812586426513e-01
4.221536633521318360e-01
4.239789259731769344e-01
4.232738754749297838e-01
4.218602705299854261e-01
