3.061360451579093755e-01
3.001471906201913856e-02
9.049165196483955481e-03
3.861215130309574202e-03
2.125209218356758321e-03
1.411152381915599125e-03
9.812581006553955203e-04
7.427504198858514862e-04
5.629121690435567611e-04
4.808740282896906354e-04
3.975819653715007159e-04
3.401860955636948412e-04
2.972786546888528218e-04
2.615344623336568258e-04
2.370729578979080575e-04
2.194886423967545754e-04
1.973839190759463203e-04
1.804181374245672563e-04
1.661456724832533036e-04
1.571222814163775237e-04
1.475811512864311182e-04
1.385784993544803055e-04
1.342036788446421226e-04
1.248154578388493963e-04
1.218401706501026632e-04
1.112683893552457502e-04
1.124262278062815264e-04
1.066451993574446484e-04
1.035198266799852723e-04
1.010427131768665336e-04
9.958001444829278734e-05
9.873563267319696295e-05
9.514441933788475147e-05
8.805426348772016191e-05
8.541506464098347839e-05
8.418264089414151006e-05
8.195768044970464016e-05
8.160408748153713749e-05
7.901542154286290076e-05
7.539133652244345339e-05
7.621497383297537237e-05
7.547847912064753256e-05
7.391968445517704659e-05
7.249069285535370271e-05
7.185063808719860986e-05
6.998410161941137143e-05
7.010265355347655605e-05
7.108306327609170640e-05
6.682239920337451785e-05
6.755523539140994964e-05
6.711032661769422106e-05
6.597923606022959087e-05
6.354443646159779367e-05
6.316752530437951723e-05
6.364437879710749366e-05
6.302145052359265352e-05
6.109998970714514198e-05
6.170501123051508655e-05
6.099546221776108994e-05
6.157036207696364835e-05
5.854219844877661346e-05
5.880795153643703386e-05
5.881336490347166383e-05
5.798566928206127824e-05
5.915075939810776617e-05
5.817481597659934724e-05
5.841856901497521578e-05
5.770364596173749576e-05
5.624222507321974046e-05
5.541674560845422255e-05
5.609847815321700290e-05
5.611489675175107441e-05
5.530691230887896354e-05
5.506271540070884255e-05
5.437728723336476968e-05
5.262552135718578803e-05
5.395977672378648787e-05
5.416723985035787553e-05
5.406844652497966173e-05
5.423183339189563087e-05
5.284138083879951994e-05
5.227451719292730748e-05
5.221316119786933942e-05
5.343568778698682071e-05
5.261802737550169668e-05
5.121985371260961685e-05
5.052065420386498052e-05
5.196331543629639701e-05
5.113862458529183587e-05
5.060625296209764228e-05
5.256923602246388625e-05
5.111998784741444708e-05
4.946316857058264039e-05
5.081856568722287437e-05
5.063637194325565550e-05
5.233693002082872892e-05
5.071823762591520600e-05
4.891652028163662506e-05
4.933271047775633362e-05
4.911650998110417602e-05
