1.898513483504454369e+00
2.132008913035194075e-01
9.124089879294236538e-02
9.088051843146482955e-02
8.232599828392267449e-02
7.925401570896307979e-02
7.731147585436701219e-02
7.005351318046450226e-02
7.085713082924485762e-02
7.608885843927661041e-02
6.916797262306015326e-02
7.059249427790442732e-02
7.853231408943732450e-02
6.880434462490181424e-02
7.123571213334799201e-02
8.348009858280419637e-02
8.003693279499808633e-02
7.052413241316875248e-02
7.286817178130150507e-02
6.714541638270020429e-02
8.192975393186012478e-02
6.426407909020781517e-02
6.681928838913639424e-02
6.486816659569739907e-02
6.383008355895677943e-02
6.433026539782682462e-02
7.887217255930105420e-02
6.990153266737858528e-02
7.297988253956039228e-02
6.697686739265919231e-02
7.421376809477805980e-02
7.321691501264770974e-02
6.117061210485796180e-02
6.854526872436204898e-02
6.851858478660384499e-02
7.162179571886857776e-02
6.224159946665167725e-02
6.373038915917277059e-02
7.363198071097333541e-02
6.500684770445029625e-02
6.577102083712815794e-02
6.357635711630185704e-02
6.396455433840553262e-02
7.293241720025737951e-02
6.128203550353646112e-02
7.131875311334927303e-02
7.589135926837722868e-02
6.308204388245940153e-02
6.864611592143773922e-02
6.164731646577516905e-02
6.308325646445155088e-02
6.474708110094069824e-02
6.231937176858385469e-02
7.276449713855981383e-02
7.321521868929266319e-02
6.695379660775263586e-02
6.495120671888192365e-02
6.885925428941845616e-02
6.229420165841777907e-02
6.357862071444590757e-02
6.265851824854810903e-02
6.647055007517338465e-02
6.704358759646614208e-02
6.367510930945476100e-02
6.382121386006474328e-02
6.501201478764415120e-02
6.242150901506344357e-02
6.145044173424442369e-02
6.806230886528889801e-02
7.206597263614336613e-02
7.026664410407344741e-02
6.654928692926963263e-02
6.730184280003111141e-02
6.819914232939482124e-02
6.161835020408034519e-02
6.801124323159456198e-02
6.243542027349273382e-02
6.275172882402936525e-02
6.428518475343783511e-02
7.358426712453365603e-02
6.110765495027104671e-02
5.940157609681288170e-02
6.311811015630762467e-02
6.214879262571533503e-02
5.876708606258034678e-02
6.345748380447427395e-02
6.100657034665345896e-02
6.002269702653090233e-02
6.854309013113379923e-02
7.235121820742884680e-02
5.765205912292003382e-02
6.602500117073456520e-02
6.113914196689923530e-02
5.995368250335256222e-02
6.184161875396967240e-02
5.852464492743213870e-02
6.818914175654451626e-02
6.493061280498901855e-02
6.135501201575001284e-02
8.271843455110987342e-02
6.272496695319811078e-02
5.893779990573724120e-02
6.205459744359056312e-02
6.155944766476750124e-02
6.282933888646463627e-02
6.533179769292474237e-02
6.331467910359303564e-02
6.069732774669925335e-02
6.304391525064904911e-02
7.068660170771182139e-02
6.777914727727572808e-02
6.059685556838909776e-02
6.481226938466230769e-02
6.062307649602492743e-02
6.892769081518053398e-02
6.074847816800077460e-02
6.427226638421416893e-02
5.977989182497064208e-02
7.296166453510523342e-02
6.738324357817569721e-02
6.101548338929812382e-02
6.421958557640512766e-02
6.257493838978310519e-02
6.577544053395589785e-02
5.993422133227189336e-02
6.000632183005412401e-02
6.195148085554440937e-02
6.731583448747793796e-02
6.523407076175014030e-02
7.224195167422294006e-02
6.395231061304608444e-02
6.069429999217391264e-02
6.982788090283671700e-02
6.758974156342446860e-02
6.379842241915563428e-02
6.461670809114972158e-02
6.880867177310089067e-02
6.181461313118537249e-02
6.670176197774707605e-02
6.042809522710740344e-02
5.838138433173298975e-02
5.930512117842832998e-02
6.521458679810165915e-02
6.239331979304552078e-02
5.982959344362219489e-02
5.611326772098739618e-02
5.761148036768039271e-02
6.454720401515563755e-02
5.859251684819658662e-02
7.303032379597425294e-02
7.479114064015447705e-02
7.035274422106643777e-02
9.066410242890318716e-02
6.262816358357667368e-02
5.975261408835649823e-02
6.162667779872815083e-02
6.118187936022877887e-02
5.870403835549950489e-02
6.477581366275747543e-02
6.184920810783902517e-02
6.024610348045825875e-02
6.024439740926026965e-02
8.458818219602108612e-02
6.340422213698426734e-02
5.972002883752187269e-02
5.891142273321747780e-02
6.117192095766464666e-02
5.828580483794212203e-02
6.289364489416281179e-02
6.227018223144113740e-02
6.068605108807484383e-02
7.029990075156092311e-02
6.133189874390761187e-02
5.718785662204026871e-02
6.146875884383917049e-02
6.048447301611304533e-02
5.812290565421183997e-02
7.163308509315054196e-02
6.003407091523210032e-02
6.193891366943717058e-02
5.938828896110256300e-02
7.618688988809783902e-02
5.398339766388138283e-02
6.052937179803848100e-02
7.217129603028298035e-02
5.915623463069399207e-02
5.742959094544251852e-02
5.794828584417700823e-02
5.852838275333245577e-02
6.047359790652990369e-02
6.208076739062865640e-02
5.715617885813117222e-02
7.133567595854400922e-02
5.995499342059095599e-02
5.986217911044756229e-02
6.753706167762478507e-02
6.710502088690797895e-02
5.847890170911947821e-02
6.103265686581531985e-02
5.929528523236513027e-02
7.125909547631939511e-02
6.361269505073627317e-02
6.468003034591675304e-02
6.042795111114779988e-02
6.093346857155362839e-02
5.666679768823087299e-02
5.970156432439883282e-02
6.083344089488188638e-02
6.074269925554593580e-02
6.553741343319416379e-02
5.837163151552279827e-02
6.200989761389791993e-02
6.069881269708275739e-02
6.418563995510340181e-02
7.200303330396612411e-02
6.129186300560832135e-02
6.088619664311409330e-02
6.209306394681334690e-02
5.953880482042828853e-02
5.935575574326018566e-02
7.281350110036631518e-02
6.064415459210673737e-02
5.882210945089658138e-02
6.276662923395633087e-02
5.748198799168070111e-02
6.073617363348603193e-02
6.327655508803824158e-02
6.064116970325509476e-02
5.932976665596167293e-02
6.223010431354244337e-02
5.990899023910363497e-02
6.035124367723862515e-02
6.074018836021423395e-02
7.541917252043882358e-02
5.546897636105616730e-02
5.803557707307239327e-02
6.606918597593904041e-02
5.842763296638926046e-02
5.763717008133729253e-02
6.261119319126010052e-02
5.692722494713962217e-02
6.310777423592904556e-02
7.231164068294068659e-02
6.325520232940713694e-02
6.272520096351702490e-02
5.690032778928677537e-02
6.102662274613976368e-02
6.104248231897751314e-02
5.815488154379030300e-02
5.963361262343824104e-02
5.810456712419787700e-02
5.795465801842510783e-02
6.262229468983908365e-02
6.464343580106894638e-02
7.264286178474624323e-02
5.544536332289377867e-02
5.830807857836286384e-02
6.095071187863747297e-02
5.716565606494744545e-02
5.704089250105122411e-02
5.741444685806830484e-02
5.988905086802939759e-02
6.049310338372985291e-02
6.382849141334494270e-02
5.835881094758709614e-02
5.828566335141658478e-02
5.729589976370334792e-02
6.235329791903496122e-02
7.676327641432484361e-02
6.124068696672717999e-02
5.744510957350333624e-02
6.467343638961513264e-02
5.905509195911387565e-02
6.796617517868677738e-02
5.884661328668395336e-02
5.656168489096065344e-02
5.933158963918686024e-02
5.742614292850097002e-02
6.126930071351428808e-02
6.446182650203506614e-02
6.426165126884976486e-02
6.432571101312835327e-02
6.099302119885881973e-02
5.629207318648696279e-02
6.390968597183624422e-02
5.873189431925614906e-02
5.610223747168978370e-02
6.180137900635600257e-02
6.894630569964647904e-02
6.192404177039861901e-02
5.815983876275519771e-02
5.572029888629913275e-02
6.093013485893607195e-02
6.405745953631897249e-02
5.773236470917860602e-02
6.664688840508460610e-02
6.753186813866098037e-02
6.746088445186615434e-02
6.051827703292170929e-02
5.880574280396103776e-02
6.579667070880532154e-02
5.681365285689632394e-02
5.632351021592815754e-02
6.202608515818913704e-02
5.973685846664011229e-02
6.026238612209756929e-02
6.065406356627742190e-02
6.321666266148288915e-02
5.841799143080909917e-02
6.924216335018475166e-02
5.763220803812146159e-02
6.266984989245732995e-02
6.336818358550469488e-02
5.731801687429348424e-02
6.082736155018210467e-02
5.859542354941368186e-02
5.784159890065590504e-02
5.609674458702405137e-02
5.845899283265074131e-02
6.709260551258922067e-02
6.708339846382538330e-02
5.662743965163827276e-02
6.015752033640941326e-02
5.615818300594885987e-02
5.784076621135075813e-02
5.433088858922322656e-02
5.700497117824852161e-02
6.904638847957055015e-02
6.116170133774478934e-02
5.769931210204958666e-02
5.667498606567581559e-02
7.424352146685123111e-02
6.938885981217027266e-02
7.035008439794182555e-02
5.707721865425507274e-02
6.144534816344578848e-02
6.597866773605347290e-02
5.977046458671490120e-02
5.726613819599151584e-02
6.435316922763983927e-02
6.189183024689555446e-02
5.567871391152342392e-02
5.679290672143300078e-02
5.667325318480531671e-02
5.689385694762071066e-02
6.122715442130963193e-02
5.722271674002210595e-02
5.527643065589169652e-02
6.116998245939612305e-02
6.504982776939868816e-02
6.175643548990289444e-02
5.864181850726405548e-02
6.037727744628985926e-02
6.038688433667024208e-02
6.154399963406224916e-02
5.746305916458368385e-02
5.930439299903809969e-02
5.588558811073501831e-02
6.118513207261760956e-02
5.726416204124688825e-02
5.541123410065968563e-02
5.800496002659201455e-02
5.509592033922672272e-02
5.860181526591380641e-02
6.041352991635600550e-02
6.324751300116379649e-02
5.652490029732386290e-02
5.682736403619249865e-02
6.494792842616638195e-02
5.994526575629909732e-02
5.908111921822031126e-02
5.951272524272402387e-02
5.858024793987472861e-02
5.877122710769375202e-02
6.513045607755581223e-02
5.786836633458733448e-02
5.827863488967219979e-02
5.524780984347065632e-02
5.826656092889606620e-02
6.350869612147411192e-02
6.095322104791800477e-02
6.485592089593410214e-02
5.897130830213427599e-02
5.601843106249967952e-02
5.448053993284702329e-02
5.762666985703011197e-02
5.954983402043580870e-02
5.612388469899694254e-02
6.250477022801836924e-02
5.768479108189543403e-02
5.814886492366592302e-02
5.536979615688324141e-02
5.540682622231542925e-02
6.607887589062254319e-02
6.018455910806854575e-02
5.775436644131938524e-02
5.638961776780585661e-02
6.323360419521728559e-02
5.408461716646949247e-02
5.961620148271322417e-02
5.989410391698280628e-02
5.915638183554013801e-02
7.208816552845140335e-02
5.993991253897548027e-02
5.927790166810154721e-02
5.727788937588532830e-02
5.519320266321301599e-02
6.046460027496020073e-02
5.743056152015924704e-02
7.263809684353569884e-02
6.662211179733276700e-02
5.654086687912543430e-02
6.033064287155866928e-02
5.701560226579507201e-02
5.609481347724795675e-02
6.412318684781591338e-02
6.234997617701689560e-02
6.501622784261902599e-02
7.714131332933903129e-02
5.706290982663631689e-02
5.947624524434407672e-02
6.159410357475280512e-02
5.809285365665952522e-02
5.722021864106257433e-02
5.748772952395180685e-02
6.341419909770290575e-02
5.713719936087727214e-02
5.673821516955892402e-02
5.724581294072170895e-02
5.733256069943308553e-02
6.492409596219658741e-02
5.585591173420349775e-02
6.773479782044887487e-02
6.646339237689971591e-02
7.365365816590686843e-02
5.681674377371867535e-02
5.873478018368284009e-02
5.466620530312259890e-02
6.052729642018675471e-02
5.890036078169941930e-02
6.635141195418933768e-02
6.204733266184727508e-02
6.086351573467254500e-02
5.491825730850299209e-02
5.404642866924404959e-02
5.740620339289307511e-02
5.467042279119292691e-02
5.638474215442935283e-02
5.624426334785918163e-02
5.582665407719711315e-02
5.625334748377402300e-02
6.208252771136661685e-02
5.623090382044514113e-02
5.997763499928017439e-02
5.732410764942566517e-02
6.358981837208071974e-02
6.232686103632052721e-02
6.115577058866619731e-02
6.027625376669069196e-02
5.663593616647025208e-02
5.618318545942505016e-02
5.393837284607191918e-02
5.629466196522116966e-02
5.591443218911687496e-02
5.583410721893111717e-02
5.691498591875036872e-02
6.421962118397156472e-02
5.852420163651307627e-02
6.480173136418064528e-02
6.253622119625409925e-02
6.006627662107348609e-02
5.955138168608149069e-02
6.140267532318830629e-02
6.052928244074185643e-02
5.748650923371315113e-02
5.739383892466624892e-02
5.673991927256186868e-02
5.614747549096743562e-02
6.582890147964159944e-02
5.689124268790086286e-02
5.919609436144431663e-02
5.927311235728362909e-02
6.194626077388723506e-02
5.467635788644353845e-02
6.145560666608313599e-02
6.053853627915183749e-02
6.333989220981796342e-02
5.755781312162677743e-02
5.484519736220438979e-02
5.633005714043974599e-02
6.208284626714885568e-02
5.816508755087852756e-02
6.194116120537122155e-02
5.443536612515648132e-02
5.899271801114082392e-02
6.593840265646576382e-02
6.020608904150625412e-02
5.707261492808660130e-02
5.790361860767007096e-02
5.833010020355383629e-02
