1.120508825716872991e-01
8.948713870098193301e-02
8.444389151409267824e-02
8.222337461387117796e-02
8.061154012878736508e-02
7.886414869378009784e-02
7.745212468629082692e-02
7.668366990983485620e-02
7.222537308310468529e-02
7.281502559781075079e-02
7.451721411198378164e-02
6.948725556333859577e-02
7.096869066978493679e-02
7.372571959470709813e-02
7.351769885669151572e-02
7.107704325268665579e-02
6.795709260428944853e-02
7.261808365583419245e-02
7.351993232344587736e-02
7.253989477952321741e-02
6.346124505313734121e-02
7.263936977833510000e-02
6.749205191930135461e-02
7.157608664905031060e-02
6.930494299158454496e-02
7.185133012632528848e-02
6.588663044385612011e-02
6.985969512412945615e-02
6.949011304726203375e-02
7.071178322657942217e-02
6.975662993888059882e-02
7.006685224672158652e-02
6.661219960078597346e-02
7.004589301844438287e-02
6.594890560954809466e-02
6.933779564375679161e-02
6.597606573874752189e-02
6.902794959023594856e-02
6.921532082681854103e-02
7.001379815240700577e-02
6.907796108474334451e-02
6.959193053965767595e-02
6.565108653157950003e-02
6.833878761778275357e-02
6.736213009183605882e-02
6.832026848569512645e-02
6.520074379319945601e-02
6.744399744396407936e-02
6.770807700231670778e-02
6.801451665038864280e-02
6.725512327005465918e-02
6.413294156081975061e-02
6.852580690756440718e-02
5.908536793043216162e-02
6.552921089654167863e-02
6.308162187536557608e-02
6.573913726024330217e-02
6.116584578218559748e-02
6.667309508969386511e-02
6.581837913642327176e-02
6.434964747168123167e-02
6.447885772213339528e-02
6.277946533324817169e-02
6.327807737203935967e-02
6.460276769163707244e-02
6.236878746810058799e-02
6.524651036597788056e-02
6.671014695117870319e-02
6.033659293316304822e-02
6.133593736837307520e-02
6.378090344369410913e-02
6.293999858510991585e-02
6.365040107630193233e-02
6.418406722756724025e-02
6.495256594692667973e-02
6.129450846153001314e-02
6.405790033750236034e-02
6.607183588979144429e-02
6.349380260022978451e-02
6.215499211102724214e-02
6.490206811577081680e-02
6.285374256161352369e-02
6.425380402555068426e-02
6.429017324311038506e-02
6.170645244419574460e-02
6.337575043241182315e-02
6.373702726947765018e-02
6.379566434770822525e-02
6.162776652102668756e-02
6.019297493621707240e-02
6.309246798045933802e-02
6.328483116813003739e-02
6.420258798946937295e-02
6.477728884977598800e-02
6.155275932202736860e-02
6.398519060264031000e-02
5.977952756608526097e-02
6.221752509785195145e-02
6.164474772910277095e-02
6.345068062655627450e-02
6.181309971337516779e-02
6.160407500962416377e-02
6.208397014997899671e-02
6.246928951392571178e-02
5.780761403342087740e-02
6.333361694899698746e-02
6.184564962362249646e-02
6.275093041670819216e-02
6.143837089960773462e-02
5.985444352651635852e-02
5.802129361157615933e-02
6.170274795343478474e-02
5.867763695617516512e-02
6.416822349031765793e-02
5.673386141036947800e-02
5.545450126131375862e-02
5.748338301976521625e-02
6.099618216976523261e-02
5.566846537403762063e-02
6.120228945898512768e-02
6.227543423883617063e-02
6.110200031350056238e-02
5.571291393910845352e-02
6.178947129907707420e-02
6.079441344675918374e-02
6.144076758064329763e-02
6.157004603495200290e-02
5.542578599415719232e-02
5.715130047562221732e-02
5.663604607495168614e-02
6.114884296742578024e-02
6.130282343365252296e-02
5.852238015892605172e-02
5.768088789967198982e-02
6.126119359396398067e-02
6.067014145664870878e-02
5.355660485414167477e-02
5.845198196669419699e-02
5.806745065686603341e-02
5.840708226896822175e-02
5.933902597365280085e-02
5.986312429110209055e-02
5.926646619724730558e-02
5.955904565441112047e-02
5.851687031487624174e-02
5.681292861700058122e-02
6.034954494486252652e-02
5.874778910850485258e-02
5.999273085035383701e-02
5.950555539069076610e-02
5.266717722018559450e-02
5.639074342325330058e-02
5.135599588975310603e-02
5.693038653892775608e-02
5.970422360114753524e-02
5.724176227425535612e-02
5.915114219921330935e-02
5.935566124195854054e-02
5.991486694353322096e-02
5.992497030335167812e-02
5.879363332254191471e-02
6.075932911286751475e-02
5.448769736103713235e-02
5.729758186886708266e-02
6.152452360838651935e-02
5.901947299328943325e-02
5.658188012118140625e-02
5.863404672903319015e-02
5.937815198364357339e-02
5.559139125980436941e-02
6.077354443259537498e-02
5.312621233363946233e-02
5.777188804931938926e-02
5.991809115124245577e-02
5.689318339961270399e-02
5.938087771646678725e-02
5.903393787642319951e-02
6.033307163355251107e-02
5.594022707082331458e-02
5.705184550024568896e-02
5.842362491724392010e-02
5.281619514959554063e-02
5.703330322479208125e-02
5.758389662951231280e-02
5.596248920386036330e-02
5.809781705029308518e-02
5.813517131221791062e-02
5.759780139972766472e-02
5.860775900073349198e-02
5.866703842766583105e-02
5.856534650859733515e-02
5.785370287485420981e-02
5.110633148190876079e-02
5.691851746911803789e-02
5.596331792573134428e-02
5.650696807230512486e-02
5.542834011527399130e-02
5.795601539624233717e-02
5.713122367548446184e-02
5.720549489681919092e-02
5.888004801236092906e-02
5.825033059033254967e-02
5.609966362826526026e-02
5.471434293625255380e-02
5.380646625223259316e-02
5.900935693643986901e-02
5.426302795919279304e-02
5.823095287196337899e-02
5.790907456539571424e-02
5.493510508288939470e-02
5.726382665646572584e-02
5.489290126909811968e-02
5.555765929942329401e-02
5.767009907091657367e-02
5.268969497022529119e-02
5.715505609599252218e-02
5.813177758827805380e-02
5.535264215432107726e-02
5.779811944812536517e-02
5.449644864226380753e-02
5.279257258710761541e-02
5.738805457949638228e-02
5.873697856441140175e-02
5.736591884245475365e-02
5.845506537395218916e-02
5.607122719908753938e-02
5.480515452412267757e-02
5.724857536454995566e-02
5.551768400085468902e-02
5.428045766117672172e-02
5.678571180130044527e-02
5.755010101323326105e-02
5.408994929554562098e-02
5.713322651572525640e-02
5.839744609159727706e-02
5.469888374209404269e-02
5.043768039904535094e-02
5.792432303229967661e-02
5.635762948853274140e-02
5.580427783230940825e-02
5.574499575110773014e-02
5.585622224025428573e-02
4.407348828390240947e-02
5.593207905379434658e-02
5.287708213242391792e-02
5.740952670263747143e-02
5.463810567744076252e-02
5.563767137937247753e-02
5.562779687655469013e-02
5.645384149005015784e-02
5.452556066835920201e-02
5.497213103808462620e-02
5.595604619011283060e-02
5.313083501532674113e-02
5.277879739490647787e-02
5.747378915548324863e-02
5.546641442924737930e-02
5.561862317845225195e-02
5.767871880282958441e-02
5.776652190834283968e-02
5.683100981016953740e-02
5.496512330137193203e-02
5.682952138595283309e-02
5.623589817744990144e-02
5.555130005814135075e-02
5.682160992485781742e-02
5.542268655262887200e-02
5.356790901472171379e-02
5.593737505065898147e-02
5.525499903596937934e-02
5.533351705720027103e-02
5.324412475650509152e-02
5.402753668216367378e-02
4.640841578754285879e-02
5.676548581880827560e-02
5.635255818876127448e-02
5.643111933022737503e-02
5.658785292568305897e-02
5.417669036736091209e-02
5.416861038344601698e-02
5.528785530477762361e-02
5.659916368313133717e-02
5.782078267075121264e-02
5.421016310962537693e-02
5.536974747665226321e-02
5.575063841727872366e-02
5.646964123783012462e-02
5.652160124542812691e-02
5.450679959418872761e-02
5.391592529291908131e-02
5.792500010381142206e-02
5.545117574123045040e-02
5.333746091152231222e-02
5.245822886936366697e-02
5.641899911376337118e-02
4.874617299064994136e-02
4.745507013673583990e-02
5.502477562986314574e-02
5.569166901210943765e-02
5.613644948850075173e-02
5.490341638214886466e-02
5.444223671220242700e-02
5.542038897983729562e-02
5.280644398493071490e-02
5.737705905921756944e-02
5.640377298307915760e-02
5.120163157892723693e-02
5.543500526497761177e-02
5.671595476257304536e-02
4.915111592660347667e-02
5.473135417948166853e-02
5.150134429956475940e-02
5.374287950495879040e-02
5.677155223675071916e-02
5.470985486172139783e-02
5.495022948210438046e-02
5.397937460802495341e-02
5.481216426317890578e-02
5.350198505135873861e-02
5.191031469342609339e-02
5.373193837391833372e-02
5.716744215848545280e-02
5.657959279293815064e-02
5.631435648538172384e-02
5.125026927950481620e-02
5.554582948486010141e-02
5.363298954131702490e-02
5.460141450166702132e-02
5.399826344413061890e-02
5.528020484683414393e-02
5.404539137768248763e-02
5.425645625218748769e-02
5.193920869690676206e-02
5.110679736050467020e-02
5.652962142291168696e-02
5.229673107775548863e-02
5.691691539250313958e-02
5.523404848451415883e-02
5.534944195921222276e-02
5.405154287194212370e-02
5.264655227462450987e-02
5.148869430025418414e-02
5.434801603356997218e-02
5.667355904976526665e-02
5.426674118886391091e-02
5.320618050172924718e-02
5.393143884527186460e-02
5.288022848156591349e-02
5.448071567031244344e-02
5.418179749200741774e-02
5.485592675395310064e-02
5.120399141063292775e-02
5.497185556838909970e-02
5.456850967990855422e-02
5.233288702244560248e-02
5.491505783672134128e-02
5.520935994572937627e-02
5.404006113919119364e-02
5.581372939050197740e-02
5.512429551842312064e-02
5.535288173705339709e-02
5.420361550835271769e-02
5.389807972436149591e-02
5.301744733005762239e-02
5.370499303874869818e-02
5.160605663744111810e-02
5.507734051595131880e-02
5.512763373553752899e-02
4.813092194187144207e-02
5.618516926964123998e-02
5.237369155511260171e-02
5.491117237446208749e-02
5.597841370229919566e-02
5.360776347418626242e-02
4.868444837629794936e-02
5.517089709949989790e-02
5.571911022998392304e-02
5.491660886133710451e-02
5.319554773159325400e-02
5.583980845597882881e-02
5.272795424486199922e-02
5.572214270941912989e-02
5.327450702898204465e-02
5.487891733646392545e-02
5.462546477404733175e-02
5.180030612585444921e-02
5.371679849922657290e-02
5.424192822538316527e-02
5.317432012719412737e-02
5.546408540879686766e-02
5.215475799826284342e-02
5.593143352307379523e-02
5.067015201784670630e-02
5.067668032522002625e-02
5.537292404721180783e-02
5.302775854555268759e-02
5.417435546405613422e-02
5.130772921256721020e-02
5.559148973164459301e-02
5.321478904224932055e-02
5.286862457481523309e-02
5.431121572231253219e-02
4.820509714384873384e-02
5.490789411899944100e-02
5.474254693835974017e-02
5.116975475102662763e-02
5.606117956340313235e-02
5.472610543171564645e-02
5.240621614890794006e-02
5.037913381432493343e-02
5.150930203186968731e-02
5.251119825989007672e-02
5.228860749242206230e-02
5.157097186893224577e-02
5.517790879433353418e-02
5.343088346223036356e-02
5.393131477758288106e-02
5.425934547868867946e-02
4.447266271648307734e-02
5.368116653213898110e-02
5.443967807417114668e-02
5.082082191171745367e-02
5.539600327610969682e-02
5.301906100163857050e-02
5.082231413883467330e-02
5.333082415163516860e-02
5.537014645524322709e-02
5.259992590484519753e-02
5.369090568274259567e-02
5.546262964295844283e-02
5.499022287937502251e-02
5.393321045363942690e-02
4.902966523853440756e-02
4.792254290853937421e-02
4.493770614887277609e-02
5.109510213757554459e-02
5.231915915695329461e-02
5.311423790020246977e-02
4.881750970768431591e-02
5.516653624363243580e-02
5.150349012886484140e-02
5.274130321728686538e-02
5.360295488499104699e-02
5.462124271628757133e-02
5.320190430308381624e-02
5.266487118788063665e-02
5.436900804440180507e-02
5.288071823306381841e-02
5.407693070980409966e-02
5.430688656245668405e-02
5.174662492548425669e-02
4.915303216936687397e-02
5.394347274365524775e-02
5.109144492695728845e-02
5.243430829917391373e-02
4.717734470032155375e-02
5.272952457889914374e-02
5.215738969855010509e-02
4.804944431719680720e-02
5.534351907360057082e-02
5.324810983923574520e-02
5.278353819934030605e-02
5.501592905881504125e-02
5.338357634221514020e-02
5.297104432247579098e-02
5.353972351488967690e-02
4.775740082065264153e-02
5.194323109462857524e-02
4.701689863577485085e-02
5.440227350530525002e-02
5.474744996366401328e-02
5.154071100987493714e-02
4.959606050203244076e-02
5.173711768972377029e-02
5.260972927014032768e-02
5.527056197946270122e-02
5.454603050214548721e-02
5.275010156134764261e-02
5.025769912948210849e-02
5.464621164525548802e-02
5.469108338778217587e-02
5.292836753651499609e-02
5.177303513822455877e-02
5.492910131191213602e-02
5.154986179744203839e-02
5.243595469122131619e-02
5.403929310850798945e-02
5.412388926682373119e-02
5.263263133044044501e-02
5.261534643359482011e-02
4.969993227471907610e-02
5.108384406194090704e-02
5.084483707323670526e-02
5.228057277078430182e-02
5.213426516080896245e-02
5.028437036089598855e-02
5.140762208029627661e-02
4.894016827456652841e-02
5.273379563974837231e-02
5.451479555728534765e-02
