2.657097142755985075e+00
3.359127512872219223e-01
1.574682606495916848e-01
1.294979312606155952e-01
9.886658624187111277e-02
9.215038901753723477e-02
8.110009232908486909e-02
8.050484490394592407e-02
7.704654358886182941e-02
7.135148071683942994e-02
7.130704553239047838e-02
7.155915174447000093e-02
7.324933687224984002e-02
6.900293046981095801e-02
7.617986088059842953e-02
6.954121803119778233e-02
7.708113062195480480e-02
7.540557087864727115e-02
6.983316229097545624e-02
6.961106220260263044e-02
6.718073155917227146e-02
6.675007566809654236e-02
6.929117231443523983e-02
6.769793554395436841e-02
6.923777422122656677e-02
6.635903308540583301e-02
7.242024881951511506e-02
6.927542616054416236e-02
6.877636945433915350e-02
6.995065688900649337e-02
6.969537719525396857e-02
6.564585423283278431e-02
6.638105106726288618e-02
6.800009595230221970e-02
6.925167515221983261e-02
6.851010279916226742e-02
6.883637982234358521e-02
6.562706653401255419e-02
6.777659447491168887e-02
6.599083711206912839e-02
6.941605380363762012e-02
7.179255133122205979e-02
6.559436752460896802e-02
6.585687960684299957e-02
6.908870244212449163e-02
7.050047840643673680e-02
6.543481483589858039e-02
7.173679479397833403e-02
6.670413986779749616e-02
6.479862110316753077e-02
6.750011521577835294e-02
6.684844958782196200e-02
6.427575201354920886e-02
6.428893074207008007e-02
6.956852950528263912e-02
6.935588485747576359e-02
6.886654841527342641e-02
7.152386327832936652e-02
7.217565529234706845e-02
6.477463660947978263e-02
7.326605924591421404e-02
6.507683373056352694e-02
7.057597005553543912e-02
6.683021700754761263e-02
6.653211506828665689e-02
6.330428644455969589e-02
7.021344010718166828e-02
7.002430037781595673e-02
6.417114150337874245e-02
6.591101377457379840e-02
6.745901110768318110e-02
8.038649145327508849e-02
6.502976395189762060e-02
6.652938364446163433e-02
6.530599354580045313e-02
6.265697838924824681e-02
6.398090645298361301e-02
6.273596635181456771e-02
6.381834710761905005e-02
6.381628427561372718e-02
6.317824417538940585e-02
6.367225809395313241e-02
6.248801978770643362e-02
6.414279963262378703e-02
6.259287649951875143e-02
6.366463652998209655e-02
6.273045560251921948e-02
6.665188529528677519e-02
6.444951526448131074e-02
6.173419258557259759e-02
6.334826315753161463e-02
6.386499266512692119e-02
6.217222196795046257e-02
6.240419333055615553e-02
6.548385897837578906e-02
6.221951426751911457e-02
6.532269649021327229e-02
6.363013483397662873e-02
6.657843677140772021e-02
6.326429337821901089e-02
