2.087510198727250132e-01
9.009648179635405818e-02
8.193200584501028616e-02
7.815482497215270330e-02
7.476467415690421503e-02
7.381257200613618175e-02
7.231437647715210915e-02
6.994960485026240071e-02
7.063882261514663197e-02
7.083217337727547303e-02
6.920270700007677411e-02
6.725194998085498588e-02
6.866855474188923725e-02
6.854488760232925471e-02
6.508560503832995503e-02
6.832673849537967969e-02
6.503489706665277481e-02
6.116739330813288772e-02
6.741382403299212012e-02
6.741632547229528538e-02
6.629812104627490210e-02
6.629048302769660617e-02
6.466442657634616231e-02
6.611731689423322456e-02
6.534413091838359167e-02
6.578364695422350694e-02
6.451553429476916679e-02
6.194635515101253737e-02
6.576993259601295050e-02
6.311879659071564785e-02
6.487536208704114404e-02
6.547764052636921572e-02
6.490831458009779786e-02
6.451586149632930478e-02
6.397786290384828434e-02
6.352305862121283841e-02
6.273693628609181006e-02
6.370169842615723554e-02
6.340560803189873584e-02
6.207535782828926818e-02
6.240936130285262839e-02
6.365076165646314788e-02
6.276772199198603353e-02
6.348373255692423001e-02
6.267884155735373164e-02
6.056687204167246485e-02
6.298263519071042871e-02
6.313630796037614235e-02
6.190955503843724450e-02
6.135733353905379467e-02
5.927519375458359385e-02
6.237372905015945573e-02
6.150960333645343753e-02
6.105218267999589637e-02
5.961854347027838175e-02
6.199550073593854821e-02
5.814276185818016696e-02
6.264007017947732792e-02
5.867350916378200054e-02
5.996862389147281786e-02
6.119391031563282263e-02
6.100408871658146576e-02
6.056906653568148308e-02
6.110757118090986983e-02
5.847841918468475036e-02
6.234273287467658603e-02
6.053507464937865623e-02
6.114960130304097907e-02
5.841823862865567346e-02
6.063163097016513459e-02
5.867135914973914401e-02
5.744131880812346908e-02
5.857046507298946381e-02
6.088857522234320668e-02
5.984488052316010165e-02
6.065399294719100304e-02
6.036642398685217181e-02
5.922199807129800014e-02
5.948214537464082546e-02
5.949553319253027273e-02
6.012976638041436783e-02
5.856069030240178275e-02
5.965745592489838517e-02
5.920764005742967101e-02
5.767401113174855376e-02
5.965947782620787537e-02
5.846046605147421638e-02
5.916430284269154349e-02
5.965513137169182328e-02
5.916898965835571539e-02
5.768269914202392434e-02
5.989205933175981156e-02
5.901341901160776782e-02
5.843243353068828388e-02
5.934468759223818918e-02
5.841072535142302624e-02
5.663543120026588717e-02
5.919454674236476754e-02
5.777063342742622121e-02
5.878012067638337806e-02
