5.203848311454057907e-01
1.304496716447174631e-01
8.684090829268098499e-02
7.888029604963958663e-02
7.834745469130575957e-02
7.148620105534791991e-02
7.204304794874041851e-02
6.976412480510771341e-02
7.123152629472315200e-02
7.160152163915335655e-02
6.953818443976342301e-02
6.897497091256081514e-02
7.017467810027301633e-02
6.903581496886909696e-02
6.819630650244652703e-02
6.844005564413964404e-02
6.845282428897916938e-02
6.817731775902211022e-02
6.558124252222478912e-02
6.845481260679661673e-02
6.876926427520811680e-02
6.540299861878157150e-02
6.548226543702184710e-02
6.592177593242376510e-02
6.616527862846850738e-02
6.512742491252720978e-02
6.409354828670621451e-02
6.649278524145484093e-02
6.439623460732400717e-02
6.507540591806172670e-02
6.501471579447389015e-02
6.508009046502410966e-02
6.419279970601200758e-02
7.049921784270554714e-02
6.511359477601945389e-02
6.498606421053410021e-02
6.340295032411813470e-02
6.884756310284137482e-02
6.806789739616214696e-02
6.481070690043271021e-02
6.460296760965138219e-02
6.260895344614982039e-02
6.361468102224171473e-02
6.254927188716828679e-02
6.482939251139760439e-02
6.353632441349327253e-02
6.328431224077940564e-02
6.287475837022066250e-02
6.410472454503178541e-02
6.328265005536377885e-02
6.729412997420877729e-02
6.249937722086906094e-02
6.124236681684851885e-02
6.783539580553769877e-02
6.186307020857929884e-02
6.395039917528629048e-02
6.434679971635341722e-02
6.256654024869202912e-02
6.180769759416580161e-02
6.266531308367848108e-02
6.122034535370766972e-02
6.103541410528123129e-02
6.232630067318677830e-02
6.307459104806184547e-02
6.313286243285984312e-02
6.497847413271665151e-02
6.229270367696881222e-02
6.346460892073810256e-02
6.226626679580658796e-02
6.036665109917521699e-02
6.232492990233003821e-02
6.048543336242437340e-02
6.022116301581263709e-02
6.261876507475971909e-02
6.170794045552611268e-02
5.959322669543325873e-02
6.319816282670945307e-02
6.384934024140238862e-02
6.035388107597827734e-02
6.430688337143510014e-02
6.097516414150595809e-02
6.359137753024697581e-02
6.226651730667799589e-02
6.004889083094894914e-02
5.968944820761680481e-02
5.937869942933320794e-02
6.330356598366052023e-02
5.981938339211046590e-02
6.074444478563964522e-02
6.263651188835502037e-02
6.124684254918247306e-02
6.057592719513922586e-02
6.370937693864106577e-02
6.010689656063914615e-02
6.396191320195794561e-02
5.992537589743733573e-02
5.931466001272201610e-02
6.023385699838399582e-02
6.440299401525408085e-02
5.917058358713984251e-02
