1.120970392134040539e-01
6.628457422833890222e-02
6.414760100189596803e-02
6.177883885800838221e-02
6.135509375017136197e-02
5.974781359080225118e-02
5.906132251955568957e-02
5.929183119907974892e-02
5.849946159403771051e-02
5.760305515024811279e-02
5.826358440332114752e-02
5.583896256051957413e-02
5.711006670724600581e-02
5.681659046560525589e-02
5.569419367704540186e-02
5.680980283766984967e-02
5.571216147858649298e-02
5.468254340812563757e-02
5.624293231870979015e-02
5.566356398165225872e-02
5.510510339401662044e-02
5.510768404696136935e-02
5.499096883926540835e-02
5.415324315428733659e-02
5.411734888330101828e-02
5.493727080989629225e-02
5.483923964668065143e-02
5.346447193063795511e-02
5.365968497935682396e-02
5.340748454444110144e-02
5.389344204217195317e-02
5.381457316223531989e-02
5.331951534841209567e-02
5.252243056427687712e-02
5.412397195585071791e-02
5.319415081758051972e-02
5.329804824199527169e-02
5.294656911399215488e-02
5.157072285655885796e-02
5.282289957627653992e-02
5.307513894513249397e-02
5.303969698958099083e-02
5.206699862610549012e-02
5.293509966228157615e-02
5.128768617287278453e-02
5.296743216458708187e-02
5.226758264470845322e-02
5.188526025507599060e-02
5.196991363540291731e-02
5.221991167403757655e-02
5.137560529168695017e-02
5.195975895039737363e-02
5.167658962309360643e-02
5.167101974133402054e-02
5.148319715168327149e-02
5.036918479949235861e-02
5.105872835963964212e-02
5.180218800436705434e-02
5.114862964954227514e-02
5.029678148217499312e-02
5.083198528736829896e-02
5.132862047292292146e-02
5.007379218935966575e-02
5.100421370007097999e-02
5.093266065698116851e-02
4.951435231138021087e-02
5.075287408661097177e-02
5.067198010627180227e-02
5.051869907416403627e-02
5.092584778089076503e-02
4.983404149301350061e-02
5.115799453575164274e-02
5.045016265474260020e-02
4.996271527837961579e-02
4.982454061508178461e-02
4.993108259048312930e-02
5.037469937931746133e-02
4.964008719194680508e-02
5.075163766276091087e-02
5.049108900129795074e-02
5.056645856704562736e-02
5.001465783920139296e-02
5.051685319747775682e-02
5.061672398820519364e-02
4.990014722570777078e-02
4.967616756446659870e-02
4.939666639082133937e-02
4.917456330265849995e-02
4.935077179688960453e-02
4.931366657372564244e-02
4.987970312591642058e-02
4.946929757017642232e-02
4.897517278790473882e-02
4.864888941403478634e-02
4.965673683211207362e-02
5.000847286079079107e-02
4.926115888636559137e-02
4.906911477446555814e-02
4.972264687065035271e-02
4.914189729373902304e-02
