4.900000000000000000e+01
1.660000000000000000e+02
1.010000000000000000e+02
1.450000000000000000e+02
2.600000000000000000e+01
1.420000000000000000e+02
5.000000000000000000e+00
1.680000000000000000e+02
1.100000000000000000e+02
1.300000000000000000e+01
1.130000000000000000e+02
3.500000000000000000e+01
4.500000000000000000e+01
1.900000000000000000e+01
1.810000000000000000e+02
1.630000000000000000e+02
1.860000000000000000e+02
7.200000000000000000e+01
2.300000000000000000e+01
4.600000000000000000e+01
