2.963263280689716339e-01
1.219716012477874700e-01
1.177744486679633412e-01
1.044129341840744074e-01
9.743229150772095282e-02
9.702363871037959775e-02
8.480831310153007230e-02
9.062983592351277207e-02
8.284276351332664490e-02
8.107465642193953381e-02
7.266845467189947394e-02
8.565666663149992810e-02
8.495327023168404434e-02
7.513174451887608130e-02
7.223545350134372156e-02
7.522757562498251505e-02
7.229548903803030557e-02
7.189449009795984002e-02
7.780839788417021063e-02
7.112908326089381617e-02
