3.181258273919423285e+00
7.056257545153299837e+00
6.180493498245875017e+00
6.215985285838445229e+00
3.034416817227999275e+00
2.131547266642252580e+00
2.759637498458226368e+00
2.952967729171116940e+00
2.255411082903544084e+00
1.505704811612764926e+00
1.050638339022795353e+00
8.045034342507521030e-01
8.247589884698390827e-01
6.417086093624433385e-01
5.242304872473081412e-01
4.847208087146281930e-01
3.989855683843294698e-01
3.231329640001058823e-01
2.492962351193030723e-01
2.337601284310221739e-01
