1.632603099383413692e-01
1.444387708324939013e-01
1.309159626998007420e-01
1.270448301173746630e-01
1.198642570618540099e-01
1.157452607899904229e-01
1.127332196570932921e-01
1.106290261726826374e-01
1.077862186776474135e-01
1.063562423177063510e-01
1.034580177813768376e-01
1.039811732294037977e-01
1.009037261595949475e-01
1.000812467234209191e-01
9.914975340943783799e-02
9.680292099248617721e-02
9.577919185161590243e-02
9.500869212672113928e-02
9.427941648755222559e-02
9.280863297637552412e-02
9.313435982447117178e-02
9.129172722809016094e-02
9.079921672586351022e-02
8.975791953969747272e-02
8.928733591455965957e-02
8.874322377610951995e-02
8.864531026687473558e-02
8.751626354176550437e-02
8.835930129513144826e-02
8.667991256341338324e-02
8.633904673624784309e-02
8.610627469606697837e-02
8.534752043895423024e-02
8.566310825292021425e-02
8.416566384024917746e-02
8.443978927098214071e-02
8.324982225429267135e-02
8.298620855435728805e-02
8.236451395321636726e-02
8.285636598244310036e-02
8.232095515355468407e-02
8.138574564363806885e-02
8.144100252073258051e-02
8.078491713851690403e-02
8.093174966052174568e-02
8.147588335443288476e-02
8.096990705933421184e-02
7.969834906049072520e-02
8.036999109666793928e-02
7.956403115764260070e-02
7.910482273902744166e-02
7.914600068237633013e-02
7.997045695781707098e-02
7.829322948120534531e-02
7.818532789591699228e-02
7.816300470381974674e-02
7.779375708196312189e-02
7.756239024456590414e-02
7.734751914627850666e-02
7.758457898627967031e-02
7.883271892089396826e-02
7.690251173917203587e-02
7.698835941497236823e-02
7.637925303075462913e-02
7.637318914290518179e-02
7.663732244167477392e-02
7.608697439078242197e-02
7.578546777833253256e-02
7.665282130707055941e-02
7.562403724528848903e-02
7.586771212052553781e-02
7.504925177898258415e-02
7.536153881344943850e-02
7.510270024184137472e-02
7.494959569070487604e-02
7.496751616243273186e-02
7.439864819869398960e-02
7.587799925822764913e-02
7.451567098032682579e-02
7.485298729501664583e-02
7.419231855776160789e-02
7.360302481334655977e-02
7.384967643301934559e-02
7.374122515320777338e-02
7.417359468061476835e-02
7.355136751662939842e-02
7.385470462962985538e-02
7.392802174668759718e-02
7.582446252927184382e-02
7.357187998946755625e-02
7.261481930036098320e-02
7.365361472591758218e-02
7.281376032158731748e-02
7.225127960089594570e-02
7.236631155479698874e-02
7.294127383269369269e-02
7.248852815944700767e-02
7.211766889784484991e-02
7.205189601052552906e-02
7.214576426427811440e-02
7.206729829777032414e-02
7.272421278990805205e-02
7.166083286982029288e-02
7.166417728643864615e-02
7.156308831647038848e-02
7.189103409182280580e-02
7.145762295462190772e-02
7.120069953612982727e-02
7.149046962615102085e-02
7.130610683467239475e-02
7.102946287486702759e-02
7.150062981527298411e-02
7.057800166774541584e-02
7.043667153920978030e-02
7.080153274349867965e-02
7.116844661533833216e-02
7.124049481935798567e-02
7.080053373705595676e-02
7.066365899518131655e-02
7.010251548606902250e-02
7.075568084139377545e-02
7.050551054999232292e-02
6.988694383762776574e-02
7.004372762050480039e-02
6.988122288603335064e-02
7.016423024237156136e-02
7.038647572975605116e-02
7.044568239711225532e-02
7.080112149938941335e-02
6.982585122343153150e-02
6.956321092322469146e-02
7.007919949479400612e-02
7.006868612021208143e-02
6.965916138608008179e-02
6.992443923372775039e-02
6.975306806620210076e-02
6.949004762805997826e-02
6.965223285369574746e-02
6.947273424360901617e-02
6.947029362898320126e-02
6.954100323375314585e-02
6.926373626105487846e-02
6.953247874043881616e-02
6.913452437147497853e-02
6.942914353217929935e-02
6.907874493394046411e-02
6.891756198368965969e-02
6.934606907423584987e-02
6.903816967271268756e-02
6.931049990467727517e-02
6.877136275637894813e-02
6.855333423241972979e-02
6.869772388134151586e-02
6.909790994599461500e-02
6.874036747030913552e-02
6.870781912002713043e-02
6.850991917774081064e-02
6.838787361048162539e-02
6.890265094581991823e-02
6.898752058390528186e-02
6.832485091406852173e-02
6.862593246623874266e-02
6.827843798324466362e-02
6.839094822760671821e-02
6.806474217679352179e-02
6.820979768875985727e-02
6.804489319678395931e-02
6.825302372686564700e-02
6.786272083874791972e-02
6.827989882789552156e-02
6.788946921937168144e-02
6.788067912217229938e-02
6.788955253548920044e-02
6.811468323692679294e-02
6.772177583072334917e-02
6.794425036292522924e-02
6.711078250780701249e-02
6.793507736641914152e-02
6.781301966402679404e-02
6.829967434983701124e-02
6.763624957762658096e-02
6.746435428503901044e-02
6.797507136594503618e-02
6.732356175314635482e-02
6.722783676814288178e-02
6.707995090167968855e-02
6.721621852368116212e-02
6.738317450974136424e-02
6.702423710376023691e-02
6.735661206301302162e-02
6.720526230521500777e-02
6.725184012670069877e-02
6.687279058620333727e-02
6.688992911018430687e-02
6.692587448284030571e-02
6.677179648075252938e-02
6.680338663049041614e-02
6.709809280466288994e-02
6.701234972104430643e-02
6.705664272885769606e-02
6.685311829205602130e-02
6.684621058404445482e-02
6.724846761208028156e-02
6.683664652053267208e-02
6.732972495257855128e-02
6.664885647129267787e-02
6.670676277019083056e-02
6.657533185090869221e-02
6.697356157470495119e-02
6.641487725544720222e-02
6.674197478219866253e-02
6.648879899177700947e-02
6.619625344872474837e-02
6.632881133817136732e-02
6.671353090554475729e-02
6.642260207794606353e-02
6.628836908843367681e-02
6.638411805965006851e-02
6.629190069623291937e-02
6.635493845213204234e-02
6.615033548790962004e-02
6.629972101189196554e-02
6.610557982698082868e-02
6.643048050813377126e-02
6.636018164921551887e-02
6.638097925111650921e-02
6.632359633222222051e-02
6.593733666464686449e-02
6.598132019396871217e-02
6.586259396746754757e-02
6.619066399522126332e-02
6.650465201120824010e-02
6.586713231634348797e-02
6.603077850304543694e-02
6.607926467899233325e-02
6.552510289009660926e-02
6.619643518701195939e-02
6.579581162426620389e-02
6.570596529170870392e-02
6.574729988351464549e-02
6.607955137733370621e-02
6.583361103665083536e-02
6.613374531269072820e-02
6.552176067139953153e-02
6.572307865601033361e-02
6.588048805948347464e-02
6.548757793381809744e-02
6.551876295823604035e-02
6.550918309949338436e-02
6.546536262612789869e-02
6.556628366466611679e-02
6.570530579891055434e-02
6.541087295394390488e-02
6.585292368195951040e-02
6.540120903402567298e-02
6.527367727365344929e-02
6.543584589380771477e-02
6.471833800431341099e-02
6.486859316006303444e-02
6.543502639979123514e-02
6.557276407256722173e-02
6.547451347112655251e-02
6.489843872841447037e-02
6.525281823240219881e-02
6.542801111936569214e-02
6.503989784978329858e-02
6.473665063269436193e-02
6.509145594201981577e-02
6.506018073763698839e-02
6.508210364263504466e-02
6.522448591422289055e-02
6.504041424021124451e-02
6.477088720072060601e-02
6.494324971456080786e-02
6.519513611216097571e-02
6.521727121435105801e-02
6.478476591408252605e-02
6.469445543363690210e-02
6.466867991723120046e-02
6.541670844890176695e-02
6.465057291090488267e-02
6.475954049266874346e-02
6.541230936069040991e-02
6.468628337141126006e-02
6.487152759917080846e-02
6.478805837221443542e-02
6.479780858848244174e-02
6.445581880398094932e-02
6.459991706069559414e-02
6.463251782115549127e-02
6.458473671227693558e-02
6.490281874779611770e-02
6.471636816393583347e-02
6.477835763711482786e-02
6.453641140367835649e-02
6.465874584857374263e-02
6.470015473198145739e-02
6.471522964071482753e-02
6.490287053398788308e-02
6.439042844343929872e-02
6.483086740132421033e-02
6.431381244212389103e-02
6.412945261225104499e-02
6.433243372011929195e-02
6.429775111377239449e-02
6.423189548309891916e-02
6.425270702689886426e-02
6.393501746933907826e-02
6.474387516733258463e-02
6.439221366308629790e-02
6.411411016713827737e-02
6.470813854597508297e-02
6.417613730300217312e-02
6.416757266037166618e-02
6.441010181792079792e-02
6.437699820846319587e-02
6.433030178304761926e-02
6.443272984586656538e-02
6.426682460121810325e-02
6.396128680091350827e-02
6.431596379261464436e-02
6.450881563592701651e-02
6.390791382174938751e-02
6.410746907349676449e-02
6.400495232082903385e-02
6.452521811239421423e-02
6.385007180739193933e-02
6.431064277887343916e-02
6.412831573281436992e-02
6.404150070622563473e-02
6.394493182189762981e-02
6.400612635537981931e-02
6.398350030649453679e-02
6.391099284868687058e-02
6.407792604528367297e-02
6.385015839710832253e-02
6.384801865089684281e-02
6.420082380995154048e-02
6.369846425950527469e-02
6.386270291171967928e-02
6.391540874261408822e-02
6.417921131476760077e-02
6.400411120150238664e-02
6.368036875966937016e-02
6.397041341755539678e-02
6.411261569708585906e-02
6.372897366993129920e-02
6.383179551456123757e-02
6.404303292278200332e-02
6.395855719689279295e-02
6.402354742400348520e-02
6.358765326440334043e-02
6.392803067341447376e-02
6.366410023998468615e-02
6.354724274948239660e-02
6.342581748962401733e-02
6.367582577280700429e-02
6.351496055722236078e-02
6.347695691045374122e-02
6.358856794424355696e-02
6.338803322054445410e-02
6.335399257019162789e-02
6.333235186059027466e-02
6.397463886532932242e-02
6.405455366242676640e-02
6.335655748844146173e-02
6.353919610381125738e-02
6.368409410584717489e-02
6.336093979422002809e-02
6.347988219931721687e-02
6.363443665206432176e-02
6.317029647994786001e-02
6.360212541185319979e-02
6.332669286523014140e-02
6.320899614132940991e-02
6.323894553817809017e-02
6.318780499510466553e-02
6.358767019119113129e-02
6.328697903547436665e-02
6.317697165068239529e-02
6.312287524342537204e-02
6.297960424330086016e-02
6.336252506822347141e-02
6.425696545280516758e-02
6.301993173081427146e-02
6.313312305137515346e-02
6.319124997127800736e-02
6.337468274403362800e-02
6.345270679797977709e-02
6.323843917343766052e-02
6.308051714207976723e-02
6.280418058857321906e-02
6.298294259700924769e-02
6.359139312990010062e-02
6.362580702174454317e-02
6.291464568115770484e-02
6.298389857169241213e-02
6.304476373363286645e-02
6.308115401305258718e-02
6.274322560522704872e-02
6.335048694629222266e-02
6.260627599898725693e-02
6.272768473951145785e-02
6.309823601972311402e-02
6.338913281448185777e-02
6.213648263830691409e-02
6.330596725456416607e-02
6.274052256252617144e-02
6.275445748120546396e-02
6.296495741698890369e-02
6.266682692803442201e-02
6.288387360051274355e-02
6.265516283921897245e-02
6.302107723895460090e-02
6.270997121930121931e-02
6.278280834201722949e-02
6.247770977206527909e-02
6.253842324484139292e-02
6.232774679781868943e-02
6.293719543144106476e-02
6.301234522834420204e-02
6.284410616382957171e-02
6.274703052826226257e-02
6.298065838404000305e-02
6.272972670849412402e-02
6.278755168430506794e-02
6.229438769631087669e-02
6.268908770754932913e-02
6.265262169763445577e-02
6.277601865353062138e-02
6.249269085004925672e-02
6.266372159589081448e-02
6.260251126717776560e-02
6.266783291939645451e-02
6.244157343637198043e-02
6.266407874412834034e-02
6.237429738044739103e-02
6.289726428221911747e-02
6.272019355092198212e-02
6.258896572981029194e-02
6.239390496630221883e-02
6.254830192774533948e-02
6.249346651136875042e-02
6.238779937848448753e-02
6.227786260657012379e-02
6.310425235889852158e-02
6.230462038423865978e-02
6.230521387420594887e-02
6.242436867672949974e-02
6.241798031609505082e-02
6.289147062227129492e-02
6.238698427565395749e-02
6.226397113408893569e-02
6.250639526639133192e-02
6.259965682867914272e-02
6.260683566797524413e-02
6.255928046535701170e-02
6.252992535941302721e-02
6.227880768012255402e-02
6.225002191960811448e-02
6.258777229581027890e-02
6.242708044126629718e-02
6.228752413764596096e-02
6.234281346201896862e-02
6.251343743409960851e-02
6.218230383470654821e-02
6.211020779330283376e-02
6.258065764792263008e-02
6.257481452077627571e-02
6.222179368603974331e-02
6.216478712856769728e-02
6.214259941130876458e-02
6.252878832630813510e-02
6.234687942080199829e-02
6.177170335780829413e-02
6.229699015151709401e-02
6.223253775388002534e-02
6.219719140790402889e-02
6.221936154644936573e-02
6.243877231841907238e-02
6.238054379820823919e-02
6.189472417347133271e-02
6.225561626721173858e-02
6.210533249191940025e-02
6.265440369490533901e-02
6.206133366096764498e-02
6.245293550193310034e-02
6.226470743771642113e-02
6.189695188077166954e-02
6.210922904312610876e-02
6.185348632745444469e-02
6.209592523053288765e-02
6.236854628194123812e-02
6.213107284624129478e-02
6.213350492995232260e-02
6.205790780950337648e-02
6.193019364029168916e-02
6.230215820018202011e-02
6.220247307326644964e-02
6.202946732286363646e-02
