1.786095379218459178e-01
1.034322293214499922e-01
8.060849385522306232e-02
8.260376579873264513e-02
8.044101567193866209e-02
7.600398741662502122e-02
7.693167570047081127e-02
6.882387174293398691e-02
7.416243669856339982e-02
7.338338572159409934e-02
7.341979883052408840e-02
7.766477150842547583e-02
7.536238677613436854e-02
6.724518121778964852e-02
6.714245677366852127e-02
7.333030391670763981e-02
7.743684856221079438e-02
6.806082266382873502e-02
6.950806829333305847e-02
6.669513754919170756e-02
6.682448518928139902e-02
7.815173642896115769e-02
6.885496655758470419e-02
7.085927705653011222e-02
6.701380003057420820e-02
6.970928463712335044e-02
1.033690584078431063e-01
6.893071311898529840e-02
6.709903215616941363e-02
6.658234657719731830e-02
7.325330775696783925e-02
6.666803460754454347e-02
9.549520337022840422e-02
6.875539728999137401e-02
6.932377251982689559e-02
8.069270816072821040e-02
6.388371741957962757e-02
6.442989822290837165e-02
7.091824021749199014e-02
6.988861375488340799e-02
6.543088587932288647e-02
6.875347130186855449e-02
6.453265153057873016e-02
6.700190357677639208e-02
6.439318377710878671e-02
6.655943724513053994e-02
6.644529227353632161e-02
6.746746374946087366e-02
8.145417934469878496e-02
6.831869605369865484e-02
6.742084979824722324e-02
6.319519685674458709e-02
6.326401135697960754e-02
6.350151189230382465e-02
6.279306863434612473e-02
6.539534777402877808e-02
8.095424555428326618e-02
6.925334006547928523e-02
6.375182761810720133e-02
6.906042900867760681e-02
6.726650862488896265e-02
7.606415757164358693e-02
6.250691722705960240e-02
7.618210749514400804e-02
6.563940362818539154e-02
6.955569647904485953e-02
7.433611490577458902e-02
6.631406987272202291e-02
6.292238975223153619e-02
6.341833997797220734e-02
6.852901742700487353e-02
6.231499195843934885e-02
6.299076264537871450e-02
6.264344846084714258e-02
6.161525708157569031e-02
6.185173346195369654e-02
6.439860669709741858e-02
6.487860032357276041e-02
6.446052560023964040e-02
6.129861561395227865e-02
6.023479205742478249e-02
6.589175806939602531e-02
6.776627862080931985e-02
6.290824049059301482e-02
6.546574224904179451e-02
6.187199900671840058e-02
6.501577180810272361e-02
7.298520051315426915e-02
6.199049209803342980e-02
6.003745416272431717e-02
6.755440073553473090e-02
5.992980266176164278e-02
6.314650587365031043e-02
6.326165087521076758e-02
6.224897586554288542e-02
6.210806741006672654e-02
5.904789154883473973e-02
6.116496487148106315e-02
5.980802981555461556e-02
6.088054439984261906e-02
