1.122453565523028329e-01
6.806506931316107234e-02
6.442464071791619007e-02
6.297128989361226725e-02
6.065980846062302839e-02
6.038047567941248750e-02
5.896036430727690653e-02
5.711087600328028369e-02
5.826313006225973534e-02
5.800288212019950179e-02
5.731213929597288315e-02
5.661744323093444164e-02
5.760767456609755532e-02
5.695943363942206072e-02
5.638846650253981352e-02
5.616403685882687818e-02
5.593809771351516275e-02
5.507326173130423080e-02
5.469469203148037001e-02
5.499700302258134221e-02
5.585054181516170557e-02
5.517082062549889115e-02
5.578353792428970143e-02
5.514538984745740585e-02
5.424750659149139842e-02
5.496562127955258170e-02
5.468598389532416948e-02
5.381798935122787675e-02
5.439434560015797560e-02
5.376632344443350864e-02
5.384463131893426485e-02
5.275648198556154994e-02
5.409345008432864949e-02
5.394514576066285205e-02
5.392541056033223895e-02
5.369351901113986886e-02
5.260911776218563096e-02
5.309910560026764870e-02
5.252051351591944389e-02
5.358559363987296792e-02
5.279801249038428013e-02
5.338806696236133437e-02
5.261013058479875604e-02
5.278482545167207524e-02
5.262563961092382725e-02
5.315572564024478169e-02
5.181077698711306079e-02
5.212210688740014780e-02
5.226696791592985725e-02
5.171369612216949324e-02
5.260115312412381311e-02
5.163026303052901944e-02
5.190163266845047169e-02
5.237555220723152244e-02
5.218456435948610334e-02
5.214818573556840448e-02
5.067749818786979055e-02
5.159309158567339237e-02
5.189790373668074636e-02
5.196578293107449731e-02
5.102421935182064466e-02
5.153813608456402767e-02
5.220451825298368792e-02
5.151802365668117778e-02
5.124222468584775647e-02
5.123561707790941222e-02
5.191669587511569400e-02
5.128357861191034511e-02
5.064110908191651189e-02
5.077521097846329073e-02
4.924586855340749164e-02
5.061430370900779629e-02
5.092406623531132992e-02
5.152792261447757677e-02
5.073635192122310372e-02
5.131556030828506032e-02
4.995612656231969428e-02
5.045282077975571378e-02
5.128533831331878734e-02
5.107615960761904828e-02
4.994631685316562597e-02
4.984842234291136237e-02
5.133684832602739001e-02
5.001036823261529457e-02
5.061850595753639853e-02
5.046485495753585959e-02
5.074649740476161464e-02
4.999480495695024507e-02
5.054696536622941411e-02
5.057456823531538553e-02
5.046037918422371232e-02
5.086693506222218081e-02
5.021709391381591614e-02
5.031344952993094949e-02
5.063885889481753444e-02
5.060183889698237347e-02
5.026335107162594601e-02
4.920623790007084414e-02
4.992519101127981807e-02
4.975427823606878852e-02
