1.927805505692958832e-01
1.785759292542934418e-01
1.516981683671474457e-01
1.558217592537403107e-01
1.611674278974533081e-01
1.488994061946868896e-01
1.623478084802627563e-01
1.489747352898120880e-01
1.544299423694610596e-01
1.483610719442367554e-01
1.487262547016143799e-01
1.639353670179843903e-01
1.510440185666084290e-01
1.498253233730792999e-01
1.613836437463760376e-01
1.609185114502906799e-01
1.616999655961990356e-01
1.457691863179206848e-01
1.544301845133304596e-01
1.609811447560787201e-01
1.613454781472682953e-01
1.561398170888423920e-01
1.541590690612792969e-01
1.554519236087799072e-01
1.606891825795173645e-01
1.639364063739776611e-01
1.597253084182739258e-01
1.530857421457767487e-01
1.548454873263835907e-01
1.629976369440555573e-01
1.529720090329647064e-01
1.444891318678855896e-01
1.624643243849277496e-01
1.514571234583854675e-01
1.429694592952728271e-01
1.494323611259460449e-01
1.573786363005638123e-01
1.426348760724067688e-01
1.569871939718723297e-01
1.522676795721054077e-01
1.446923948824405670e-01
1.521014720201492310e-01
1.440082639455795288e-01
1.497227959334850311e-01
1.524631045758724213e-01
1.622174419462680817e-01
1.553493700921535492e-01
1.476201117038726807e-01
1.609412059187889099e-01
1.514368280768394470e-01
1.551583521068096161e-01
1.563067547976970673e-01
1.543863564729690552e-01
1.467210650444030762e-01
1.516288667917251587e-01
1.496870107948780060e-01
1.517779938876628876e-01
1.509800739586353302e-01
1.516547985374927521e-01
1.438340172171592712e-01
1.508227922022342682e-01
1.486124619841575623e-01
1.407173611223697662e-01
1.415639407932758331e-01
1.526479236781597137e-01
1.481216251850128174e-01
1.505951061844825745e-01
1.502714864909648895e-01
1.392221450805664062e-01
1.604299359023571014e-01
1.513976380228996277e-01
1.434695646166801453e-01
1.563300825655460358e-01
1.495393887162208557e-01
1.575087010860443115e-01
1.513838171958923340e-01
1.453278549015522003e-01
1.360797956585884094e-01
1.544823944568634033e-01
1.565526947379112244e-01
1.518824100494384766e-01
1.600823625922203064e-01
1.361045651137828827e-01
1.420890390872955322e-01
1.453474499285221100e-01
1.533390991389751434e-01
1.452319063246250153e-01
1.358571238815784454e-01
1.468809284269809723e-01
1.358652077615261078e-01
1.535492986440658569e-01
1.444671899080276489e-01
1.430202163755893707e-01
1.530870348215103149e-01
1.492967307567596436e-01
1.464638337492942810e-01
1.406348310410976410e-01
1.366306133568286896e-01
1.422757692635059357e-01
1.542297005653381348e-01
1.529036909341812134e-01
1.536399349570274353e-01
1.400039717555046082e-01
1.429132074117660522e-01
1.494774892926216125e-01
1.363327391445636749e-01
1.516196765005588531e-01
1.514980867505073547e-01
1.469664461910724640e-01
1.567277982831001282e-01
1.431627385318279266e-01
1.336961146444082260e-01
1.471451297402381897e-01
1.385009475052356720e-01
1.469922550022602081e-01
1.508116126060485840e-01
1.460464857518672943e-01
1.397797353565692902e-01
1.391332708299160004e-01
1.375183947384357452e-01
1.357949972152709961e-01
1.479032710194587708e-01
1.327924691140651703e-01
1.342155337333679199e-01
1.492917798459529877e-01
1.378523409366607666e-01
1.452418565750122070e-01
1.365153416991233826e-01
1.475968100130558014e-01
1.349658071994781494e-01
1.425978094339370728e-01
1.382642071694135666e-01
1.493375487625598907e-01
1.394377127289772034e-01
1.445437073707580566e-01
1.418204531073570251e-01
1.475395113229751587e-01
1.397333741188049316e-01
1.336331591010093689e-01
1.479620262980461121e-01
1.404081135988235474e-01
1.402623709291219711e-01
1.339744552969932556e-01
1.412728279829025269e-01
1.380863897502422333e-01
1.484694443643093109e-01
1.385309174656867981e-01
1.555497571825981140e-01
1.456924155354499817e-01
1.444214247167110443e-01
1.492699794471263885e-01
1.403574123978614807e-01
1.371987834572792053e-01
1.474543064832687378e-01
1.452536731958389282e-01
1.436673216521739960e-01
1.557848639786243439e-01
1.501425206661224365e-01
1.448885798454284668e-01
1.487132050096988678e-01
1.361888647079467773e-01
1.344824805855751038e-01
1.248404681682586670e-01
1.435030587017536163e-01
1.319757588207721710e-01
1.440225988626480103e-01
1.440756916999816895e-01
1.418971270322799683e-01
1.407817713916301727e-01
1.447364613413810730e-01
1.462801657617092133e-01
1.498009227216243744e-01
1.419486291706562042e-01
1.387727539986371994e-01
1.422873213887214661e-01
1.330554280430078506e-01
1.485959663987159729e-01
1.276187207549810410e-01
1.504811681807041168e-01
1.437765173614025116e-01
1.407717615365982056e-01
1.440499722957611084e-01
1.369000077247619629e-01
1.482951529324054718e-01
1.395130753517150879e-01
1.395165957510471344e-01
1.428635455667972565e-01
1.401975415647029877e-01
1.507188156247138977e-01
1.432525441050529480e-01
1.517679244279861450e-01
1.390826851129531860e-01
1.472379602491855621e-01
1.401859633624553680e-01
1.454688981175422668e-01
1.370987109839916229e-01
1.351185739040374756e-01
1.428181752562522888e-01
1.308868117630481720e-01
1.425235420465469360e-01
1.390462368726730347e-01
1.470421925187110901e-01
1.404095180332660675e-01
1.396453455090522766e-01
1.416622512042522430e-01
1.500421650707721710e-01
1.406287550926208496e-01
1.554195508360862732e-01
1.452267989516258240e-01
1.382697559893131256e-01
1.342626921832561493e-01
1.375468075275421143e-01
1.444579958915710449e-01
1.383351441472768784e-01
1.417700015008449554e-01
1.404299512505531311e-01
1.458122469484806061e-01
1.462865248322486877e-01
1.399042569100856781e-01
1.484696008265018463e-01
1.459086388349533081e-01
1.399323064833879471e-01
1.347721293568611145e-01
1.416768394410610199e-01
1.409815028309822083e-01
1.355872731655836105e-01
1.392487082630395889e-01
1.434157118201255798e-01
1.403484232723712921e-01
1.378153786063194275e-01
1.424325145781040192e-01
1.409773491322994232e-01
1.471732631325721741e-01
1.442950442433357239e-01
1.385963484644889832e-01
1.394672617316246033e-01
1.260695718228816986e-01
1.375218294560909271e-01
1.405821330845355988e-01
1.395101211965084076e-01
1.411611903458833694e-01
1.412601135671138763e-01
1.407194100320339203e-01
1.472588963806629181e-01
1.272747144103050232e-01
1.376303676515817642e-01
1.402983162552118301e-01
1.454721130430698395e-01
1.402232944965362549e-01
1.432720720767974854e-01
1.454756185412406921e-01
1.472283974289894104e-01
1.292932983487844467e-01
1.429038867354393005e-01
1.417816877365112305e-01
1.383398100733757019e-01
1.317854709923267365e-01
1.455788612365722656e-01
1.401729322969913483e-01
1.412136033177375793e-01
1.437236368656158447e-01
1.314969267696142197e-01
1.423741355538368225e-01
1.438731551170349121e-01
1.411096900701522827e-01
1.440046280622482300e-01
1.405689939856529236e-01
1.419968344271183014e-01
1.479607224464416504e-01
1.402639970183372498e-01
1.421417258679866791e-01
1.354100629687309265e-01
1.300189178436994553e-01
1.312559861689805984e-01
1.456009112298488617e-01
1.514480821788311005e-01
1.368798445910215378e-01
1.325084920972585678e-01
1.411556378006935120e-01
1.407599672675132751e-01
1.440867334604263306e-01
1.413226071745157242e-01
1.363183800131082535e-01
1.270637586712837219e-01
1.335194744169712067e-01
1.477094888687133789e-01
1.351359188556671143e-01
1.408243142068386078e-01
1.460890248417854309e-01
1.427529864013195038e-01
1.340202149003744125e-01
1.328368391841650009e-01
1.432630904018878937e-01
1.399066336452960968e-01
1.375084593892097473e-01
1.452240720391273499e-01
1.410950627177953720e-01
1.234220638871192932e-01
1.373031213879585266e-01
1.417376063764095306e-01
1.351051405072212219e-01
1.389260124415159225e-01
1.425664536654949188e-01
1.283058393746614456e-01
1.380070112645626068e-01
1.384663041681051254e-01
1.403766833245754242e-01
1.467402204871177673e-01
1.256472487002611160e-01
1.338501498103141785e-01
1.378805581480264664e-01
1.408451721072196960e-01
1.414343938231468201e-01
1.280415058135986328e-01
1.405488103628158569e-01
1.413857154548168182e-01
1.402825135737657547e-01
1.410024426877498627e-01
1.397267468273639679e-01
1.440027952194213867e-01
1.351848691701889038e-01
1.365176066756248474e-01
1.493361555039882660e-01
1.399518400430679321e-01
1.483361981809139252e-01
1.432228740304708481e-01
1.295486968010663986e-01
1.416746936738491058e-01
1.287122145295143127e-01
1.448302604258060455e-01
1.396407373249530792e-01
1.324400231242179871e-01
1.442198976874351501e-01
1.484934277832508087e-01
1.375174000859260559e-01
1.416198387742042542e-01
1.480406969785690308e-01
1.334310099482536316e-01
1.254725027829408646e-01
1.346612386405467987e-01
1.414856910705566406e-01
1.216787453740835190e-01
1.422477774322032928e-01
1.279400903731584549e-01
1.329574845731258392e-01
1.308680362999439240e-01
1.354813165962696075e-01
1.276756301522254944e-01
1.413030177354812622e-01
1.404921934008598328e-01
1.384222432971000671e-01
1.366872694343328476e-01
1.325874105095863342e-01
1.381628364324569702e-01
1.300996709614992142e-01
1.286352593451738358e-01
1.341104358434677124e-01
1.331546716392040253e-01
1.408272497355937958e-01
1.380622163414955139e-01
1.379819437861442566e-01
1.358390673995018005e-01
1.421829648315906525e-01
1.453804969787597656e-01
1.395970527082681656e-01
1.312809102237224579e-01
1.396308578550815582e-01
1.363257877528667450e-01
1.455481089651584625e-01
1.399616859853267670e-01
1.257924046367406845e-01
1.426057033240795135e-01
1.375874280929565430e-01
1.411525569856166840e-01
1.326353251934051514e-01
1.430783867835998535e-01
1.355361975729465485e-01
1.378243621438741684e-01
1.421745121479034424e-01
1.408653110265731812e-01
1.426561661064624786e-01
1.367982756346464157e-01
1.435226369649171829e-01
1.288086678832769394e-01
1.296746395528316498e-01
1.392638981342315674e-01
1.462760679423809052e-01
1.356092058122158051e-01
1.356303244829177856e-01
1.345205418765544891e-01
1.386416349560022354e-01
1.397810615599155426e-01
1.416851840913295746e-01
1.455037556588649750e-01
1.389287319034337997e-01
1.261681094765663147e-01
1.151606906205415726e-01
1.363446302711963654e-01
1.237506661564111710e-01
1.292591635137796402e-01
1.380902305245399475e-01
1.415888220071792603e-01
1.440710350871086121e-01
1.380484327673912048e-01
1.395319029688835144e-01
1.329179592430591583e-01
1.366644762456417084e-01
1.298614665865898132e-01
1.355149038136005402e-01
1.419155877083539963e-01
1.359141878783702850e-01
1.400202177464962006e-01
1.421088688075542450e-01
1.409281045198440552e-01
1.423501931130886078e-01
1.345573179423809052e-01
1.320351287722587585e-01
1.431623809039592743e-01
1.374082881957292557e-01
1.452634222805500031e-01
1.299813389778137207e-01
1.323113106191158295e-01
1.289992071688175201e-01
1.355310678482055664e-01
1.207425408065319061e-01
1.439155079424381256e-01
1.376962028443813324e-01
1.345951054245233536e-01
1.186547689139842987e-01
1.388916447758674622e-01
1.295380182564258575e-01
1.338633224368095398e-01
1.254481524229049683e-01
1.377980858087539673e-01
1.316272504627704620e-01
1.441435627639293671e-01
1.474130898714065552e-01
1.385448649525642395e-01
1.445709504187107086e-01
1.428251303732395172e-01
1.357814185321331024e-01
1.322695929557085037e-01
1.322979778051376343e-01
1.302944459021091461e-01
1.418646089732646942e-01
1.359997689723968506e-01
1.323915850371122360e-01
1.372313722968101501e-01
1.492045000195503235e-01
1.479852907359600067e-01
1.332425698637962341e-01
1.192148663103580475e-01
1.469363719224929810e-01
1.374814808368682861e-01
1.360499300062656403e-01
1.387657299637794495e-01
1.362648364156484604e-01
1.402759402990341187e-01
1.321204602718353271e-01
1.328363567590713501e-01
1.488736718893051147e-01
1.414811313152313232e-01
1.399131156504154205e-01
1.277964450418949127e-01
1.375291477888822556e-01
1.339158937335014343e-01
1.342964954674243927e-01
1.351379025727510452e-01
1.282730065286159515e-01
1.401292942464351654e-01
1.289406754076480865e-01
1.420922689139842987e-01
1.315048560500144958e-01
1.327105946838855743e-01
1.449820697307586670e-01
1.287398897111415863e-01
1.365260072052478790e-01
1.340937986969947815e-01
1.357603184878826141e-01
1.311814859509468079e-01
1.318084243685007095e-01
1.270573493093252182e-01
1.406275816261768341e-01
1.391586437821388245e-01
1.395833641290664673e-01
1.341312546283006668e-01
1.326613388955593109e-01
1.269977558404207230e-01
1.360573470592498779e-01
1.456982418894767761e-01
1.405485179275274277e-01
1.303783636540174484e-01
1.351331211626529694e-01
1.292020380496978760e-01
1.379156149923801422e-01
1.378533430397510529e-01
1.279729902744293213e-01
1.352108847349882126e-01
1.394777297973632812e-01
1.379242800176143646e-01
1.393625028431415558e-01
1.336516439914703369e-01
1.369562968611717224e-01
1.417759023606777191e-01
1.368748284876346588e-01
1.290104351937770844e-01
1.346627585589885712e-01
1.265536844730377197e-01
1.362917758524417877e-01
1.362988986074924469e-01
1.392896659672260284e-01
1.353661231696605682e-01
1.347921639680862427e-01
1.300699375569820404e-01
1.385766863822937012e-01
1.324587501585483551e-01
1.330815069377422333e-01
1.370589137077331543e-01
1.418315805494785309e-01
1.417723894119262695e-01
1.400979347527027130e-01
1.322665382176637650e-01
1.391810923814773560e-01
1.309983897954225540e-01
1.406015492975711823e-01
1.271379552781581879e-01
1.302559338510036469e-01
1.420652307569980621e-01
1.374509837478399277e-01
1.265869829803705215e-01
1.353781037032604218e-01
1.378923393785953522e-01
1.366413962095975876e-01
1.225412823259830475e-01
1.364308744668960571e-01
1.396866180002689362e-01
1.306670829653739929e-01
1.262469943612813950e-01
1.450259871780872345e-01
1.413594707846641541e-01
1.338090933859348297e-01
1.342460885643959045e-01
1.260429844260215759e-01
1.354710310697555542e-01
1.264571119099855423e-01
1.387151069939136505e-01
1.375957801938056946e-01
1.283664517104625702e-01
1.391613800078630447e-01
1.246362589299678802e-01
1.356869600713253021e-01
1.329389512538909912e-01
1.384530737996101379e-01
1.271598581224679947e-01
1.277578901499509811e-01
1.270203571766614914e-01
1.377594340592622757e-01
1.352441124618053436e-01
1.305623650550842285e-01
1.380209960043430328e-01
1.385648809373378754e-01
1.349734105169773102e-01
1.304629333317279816e-01
1.306675262749195099e-01
1.427155844867229462e-01
1.359451729804277420e-01
1.389943342655897141e-01
1.339376159012317657e-01
1.305753905326128006e-01
1.318853609263896942e-01
1.262799575924873352e-01
1.334752142429351807e-01
1.392798498272895813e-01
1.285466384142637253e-01
1.378934830427169800e-01
1.272762641310691833e-01
1.243567410856485367e-01
1.314414944499731064e-01
1.330253370106220245e-01
1.340623497962951660e-01
1.400637589395046234e-01
1.390463747084140778e-01
1.352095752954483032e-01
1.386256106197834015e-01
1.272705700248479843e-01
1.355998590588569641e-01
1.412093713879585266e-01
1.270826626569032669e-01
1.277860105037689209e-01
1.322583463042974472e-01
1.296140104532241821e-01
1.352325975894927979e-01
1.345208287239074707e-01
1.378356218338012695e-01
1.335575170814990997e-01
1.318584773689508438e-01
1.353771500289440155e-01
1.410234756767749786e-01
1.380928494036197662e-01
1.304253898561000824e-01
1.257061641663312912e-01
1.406912654638290405e-01
1.369945257902145386e-01
1.245049890130758286e-01
1.419846154749393463e-01
1.372363567352294922e-01
1.310103517025709152e-01
1.279602032154798508e-01
1.368610188364982605e-01
1.296363025903701782e-01
1.342220120131969452e-01
1.334374547004699707e-01
1.334685385227203369e-01
1.326575763523578644e-01
1.308370027691125870e-01
1.311160884797573090e-01
1.309786308556795120e-01
1.287020370364189148e-01
1.328485235571861267e-01
1.286376807838678360e-01
1.321309581398963928e-01
1.322937756776809692e-01
1.390802375972270966e-01
1.409935466945171356e-01
1.291412916034460068e-01
1.327967252582311630e-01
1.383300423622131348e-01
1.241055801510810852e-01
1.314429827034473419e-01
1.389571018517017365e-01
1.361139453947544098e-01
1.315880455076694489e-01
1.402814388275146484e-01
1.356384381651878357e-01
1.282284818589687347e-01
1.352996416389942169e-01
1.246632803231477737e-01
1.322771161794662476e-01
1.370992064476013184e-01
1.312153339385986328e-01
1.386104635894298553e-01
1.286317147314548492e-01
1.334434077143669128e-01
1.264349687844514847e-01
1.284476332366466522e-01
1.334730200469493866e-01
1.320998445153236389e-01
1.405666023492813110e-01
1.336958967149257660e-01
1.325005069375038147e-01
1.317661646753549576e-01
1.390404514968395233e-01
1.355012953281402588e-01
1.408639587461948395e-01
1.367814894765615463e-01
1.342183090746402740e-01
1.313803885132074356e-01
1.289561502635478973e-01
1.290246210992336273e-01
1.326475664973258972e-01
1.391880847513675690e-01
1.326113156974315643e-01
1.401495784521102905e-01
1.307544820010662079e-01
1.340629924088716507e-01
1.356706619262695312e-01
1.346703991293907166e-01
1.388720236718654633e-01
1.389035619795322418e-01
1.336327232420444489e-01
1.372066177427768707e-01
1.323167700320482254e-01
1.297340784221887589e-01
1.319850161671638489e-01
1.249710228294134140e-01
1.336483377963304520e-01
1.358653437346220016e-01
1.287617571651935577e-01
1.350036002695560455e-01
1.371545847505331039e-01
1.341292783617973328e-01
1.323099099099636078e-01
1.347226910293102264e-01
1.302125789225101471e-01
1.314410585910081863e-01
1.375094782561063766e-01
1.448365449905395508e-01
1.346960291266441345e-01
1.321522220969200134e-01
1.353677902370691299e-01
1.230341047048568726e-01
1.262261625379323959e-01
1.403305605053901672e-01
1.265066005289554596e-01
1.381947025656700134e-01
1.382568553090095520e-01
1.265373118221759796e-01
1.291220150887966156e-01
1.382547430694103241e-01
1.388558484613895416e-01
1.381008494645357132e-01
1.306811459362506866e-01
1.280096061527729034e-01
1.235765870660543442e-01
1.417678035795688629e-01
1.320666167885065079e-01
1.246183272451162338e-01
1.208874639123678207e-01
1.378114186227321625e-01
1.212928369641304016e-01
1.318579465150833130e-01
1.367407888174057007e-01
1.302745435386896133e-01
1.397579237818717957e-01
1.342513263225555420e-01
1.342439930886030197e-01
1.267646923661231995e-01
1.285770125687122345e-01
1.340438853949308395e-01
1.308537833392620087e-01
1.326741483062505722e-01
1.296195108443498611e-01
1.320628654211759567e-01
1.327348034828901291e-01
1.355899572372436523e-01
1.315143480896949768e-01
1.310585699975490570e-01
1.307213529944419861e-01
1.256378199905157089e-01
1.390045620501041412e-01
1.306474823504686356e-01
1.381040513515472412e-01
1.370127052068710327e-01
1.330901570618152618e-01
1.365641206502914429e-01
1.338877640664577484e-01
1.383339874446392059e-01
1.398980133235454559e-01
1.333523169159889221e-01
1.357304118573665619e-01
1.362647227942943573e-01
1.416000127792358398e-01
1.379886940121650696e-01
1.306320875883102417e-01
1.335975676774978638e-01
1.316699236631393433e-01
1.364414170384407043e-01
1.307488307356834412e-01
1.288976557552814484e-01
1.298679672181606293e-01
1.259028408676385880e-01
1.235606092959642410e-01
1.280329711735248566e-01
1.304398979991674423e-01
1.256901100277900696e-01
1.303955912590026855e-01
1.306219920516014099e-01
1.274325773119926453e-01
1.361995153129100800e-01
1.324797719717025757e-01
1.379614099860191345e-01
1.297089084982872009e-01
1.389073543250560760e-01
1.455666832625865936e-01
1.293723694980144501e-01
1.320737153291702271e-01
1.379626244306564331e-01
1.304552759975194931e-01
1.341080181300640106e-01
1.321676336228847504e-01
1.356295663863420486e-01
1.418472304940223694e-01
1.343552824109792709e-01
1.367012187838554382e-01
1.267222613096237183e-01
1.359005868434906006e-01
1.398097686469554901e-01
1.381956562399864197e-01
1.405660398304462433e-01
1.364086531102657318e-01
1.373934857547283173e-01
1.319505237042903900e-01
1.260756812989711761e-01
1.382503136992454529e-01
1.233717259019613266e-01
1.377251520752906799e-01
1.321596596390008926e-01
1.320469621568918228e-01
1.320458892732858658e-01
1.185169797390699387e-01
1.384064462035894394e-01
1.322141215205192566e-01
1.306452751159667969e-01
1.282577849924564362e-01
1.301620155572891235e-01
1.308027803897857666e-01
1.327162031084299088e-01
1.372804082930088043e-01
1.312916241586208344e-01
1.317165940999984741e-01
1.324329283088445663e-01
1.297825053334236145e-01
1.394127570092678070e-01
1.303123496472835541e-01
1.372032724320888519e-01
1.321225650608539581e-01
1.295609753578901291e-01
1.300308518111705780e-01
1.286595519632101059e-01
1.348802149295806885e-01
1.362305954098701477e-01
1.409541703760623932e-01
1.263714693486690521e-01
1.312606260180473328e-01
1.377476379275321960e-01
1.149444021284580231e-01
1.267595775425434113e-01
1.242114566266536713e-01
1.274101398885250092e-01
1.347538642585277557e-01
1.380290575325489044e-01
1.268493570387363434e-01
1.383618116378784180e-01
1.315095927566289902e-01
1.341619677841663361e-01
1.286788601428270340e-01
1.369091980159282684e-01
1.329188533127307892e-01
1.388557180762290955e-01
1.309234090149402618e-01
1.351607870310544968e-01
1.263857167214155197e-01
1.288724914193153381e-01
1.360826008021831512e-01
1.352538540959358215e-01
1.314425431191921234e-01
1.307016760110855103e-01
1.210325118154287338e-01
1.329396218061447144e-01
1.308079902082681656e-01
1.250257063657045364e-01
1.294798459857702255e-01
1.328385137021541595e-01
1.282465867698192596e-01
1.305823009461164474e-01
1.292947921901941299e-01
1.332135368138551712e-01
1.370603702962398529e-01
1.283248886466026306e-01
1.347589157521724701e-01
1.378899291157722473e-01
1.356175430119037628e-01
1.351279392838478088e-01
1.295564547181129456e-01
1.363332159817218781e-01
1.345103271305561066e-01
1.361525077372789383e-01
1.273176521062850952e-01
1.347624920308589935e-01
1.265594605356454849e-01
1.372262760996818542e-01
1.256021168082952499e-01
1.276325993239879608e-01
1.308228857815265656e-01
1.367330253124237061e-01
1.256066374480724335e-01
1.216383185237646103e-01
1.264737974852323532e-01
1.253404021263122559e-01
1.341408211737871170e-01
1.370843537151813507e-01
1.297134254127740860e-01
1.230998896062374115e-01
1.255223900079727173e-01
1.362053118646144867e-01
1.396136097609996796e-01
1.268352922052145004e-01
1.292752400040626526e-01
1.355782896280288696e-01
1.323480978608131409e-01
1.281903032213449478e-01
1.436667256057262421e-01
1.302579119801521301e-01
1.339985318481922150e-01
1.288735345005989075e-01
1.351677682250738144e-01
1.378781124949455261e-01
1.307686604559421539e-01
1.335500255227088928e-01
1.339624691754579544e-01
1.239609532058238983e-01
1.360428966581821442e-01
1.368119828402996063e-01
1.314932070672512054e-01
1.386634632945060730e-01
1.268066149204969406e-01
1.339817997068166733e-01
1.439667716622352600e-01
1.334252916276454926e-01
1.274435371160507202e-01
1.258202251046895981e-01
1.334198080003261566e-01
1.296648904681205750e-01
1.309110242873430252e-01
1.280762851238250732e-01
1.323313005268573761e-01
1.411774158477783203e-01
1.333296746015548706e-01
1.256985515356063843e-01
1.211260706186294556e-01
1.317985989153385162e-01
1.298958454281091690e-01
1.243707276880741119e-01
1.316953152418136597e-01
1.286031249910593033e-01
1.152933519333600998e-01
1.418645121157169342e-01
1.379928104579448700e-01
1.326412856578826904e-01
1.337591316550970078e-01
1.348737925291061401e-01
1.310866102576255798e-01
1.349419094622135162e-01
1.403079554438591003e-01
1.336425580084323883e-01
1.242307480424642563e-01
1.314051337540149689e-01
1.362403370440006256e-01
1.201817244291305542e-01
1.320323999971151352e-01
1.300077252089977264e-01
1.322875376790761948e-01
1.316286828368902206e-01
1.341533213853836060e-01
1.326993647962808609e-01
1.379156522452831268e-01
1.253308802843093872e-01
1.357043832540512085e-01
1.181038022041320801e-01
1.365636326372623444e-01
1.355109736323356628e-01
1.264540925621986389e-01
1.300622280687093735e-01
1.340764928609132767e-01
1.200878601521253586e-01
1.362225320190191269e-01
1.255336962640285492e-01
1.374092064797878265e-01
1.230161041021347046e-01
1.335138492286205292e-01
1.274071522057056427e-01
1.312417574226856232e-01
1.264187116175889969e-01
1.396225206553936005e-01
1.268194708973169327e-01
1.283278167247772217e-01
1.295937374234199524e-01
1.254708338528871536e-01
1.403272897005081177e-01
1.389627084136009216e-01
1.336879767477512360e-01
1.299902759492397308e-01
1.296597570180892944e-01
1.278594098985195160e-01
1.253799274563789368e-01
1.302110739052295685e-01
1.378809995949268341e-01
1.284267697483301163e-01
1.361102014780044556e-01
1.392453759908676147e-01
1.399453207850456238e-01
1.293509230017662048e-01
1.378847360610961914e-01
1.157221272587776184e-01
1.410187520086765289e-01
1.261079926043748856e-01
1.368845440447330475e-01
1.351653002202510834e-01
1.311330348253250122e-01
1.364769283682107925e-01
1.336886659264564514e-01
1.264383438974618912e-01
1.369213275611400604e-01
1.307152416557073593e-01
1.335115171968936920e-01
1.216189656406641006e-01
1.302926093339920044e-01
1.305905021727085114e-01
1.344546899199485779e-01
1.314070075750350952e-01
1.297612152993679047e-01
1.355944573879241943e-01
1.273259930312633514e-01
1.374861914664506912e-01
1.269837729632854462e-01
1.323359292000532150e-01
1.375399082899093628e-01
1.335184052586555481e-01
1.275705397129058838e-01
1.256926897913217545e-01
