1.708191212798867986e-01
1.635700655835015394e-01
1.617066562175750732e-01
1.625922141330582715e-01
1.767358657504831121e-01
1.639807309423174098e-01
1.604997191045965388e-01
1.523842364549636841e-01
1.715480626693793587e-01
1.558239449347768590e-01
1.539504980402333356e-01
1.680360553520066358e-01
1.636081077158451080e-01
1.686386827911649511e-01
1.592149995267391205e-01
1.641211765153067492e-01
1.548087969422340393e-01
1.554685729954923823e-01
1.630479320883750916e-01
1.625924786286694623e-01
1.567522590713841535e-01
1.565031803080013939e-01
1.590617868517126277e-01
1.526881514915398308e-01
1.484567395278385826e-01
1.539963877626827904e-01
1.508772596716880798e-01
1.558297366968222908e-01
1.520078118358339503e-01
1.429879362029688739e-01
1.538893261126109413e-01
1.436519532331398674e-01
1.590098893003804303e-01
1.564736185329300977e-01
1.496868394315242767e-01
1.608874302889619634e-01
1.480379700660705566e-01
1.477032362350395867e-01
1.510707310267857262e-01
1.433197094925812431e-01
1.584136230604989148e-01
1.511455162295273491e-01
1.427953575870820335e-01
1.571329704352787682e-01
1.549305522016116432e-01
1.502491938216345690e-01
1.472123866634709455e-01
1.499244677168982409e-01
1.410888896456786445e-01
1.580025979450770668e-01
1.481878443488053032e-01
1.472429029111351206e-01
1.446458213031291962e-01
1.447050124406814575e-01
1.521821261516639046e-01
1.393609781350408361e-01
1.452387518116406151e-01
1.501141730695962906e-01
1.583348725523267553e-01
1.492710150778293610e-01
1.491281541862658211e-01
1.469574224736009405e-01
1.573132063661302760e-01
1.461493250514779851e-01
1.514096510197435186e-01
1.585386645581041143e-01
1.412541562957423114e-01
1.546431167849472710e-01
1.521561454449381068e-01
1.558394905711923406e-01
1.492059518183980749e-01
1.465416662395000458e-01
1.490375947739396856e-01
1.492521661732877924e-01
1.469595349792923167e-01
1.485999822616577148e-01
1.482021574463163183e-01
1.454939746430941871e-01
1.517480452145849035e-01
1.503021435013839058e-01
1.436162910291126915e-01
1.563907207122870735e-01
1.438136574413095281e-01
1.445670968719891258e-01
1.454134181674037740e-01
1.449855174869298935e-01
1.443376823195389458e-01
1.472322344779968262e-01
1.406298255813973330e-01
1.340578387358359047e-01
1.391201333275862984e-01
1.452826447784900665e-01
1.405183454709393598e-01
1.466435225946562670e-01
1.453819349408149719e-01
1.484081766435078331e-01
1.479950044304132462e-01
1.443737936871392347e-01
1.430634467729500481e-01
1.563502805573599719e-01
1.521201671234198860e-01
1.447312259780509092e-01
1.508807603801999853e-01
1.388984849410397626e-01
1.449253947607108406e-01
1.505885102919169716e-01
1.421736106276512146e-01
1.547106057405471802e-01
1.480910288436072253e-01
1.516046412289142609e-01
1.476623948131288722e-01
1.396246752036469363e-01
1.478730796703270622e-01
1.433490732950823687e-01
1.514672173985413262e-01
1.481752470135688782e-01
1.376284302345343880e-01
1.362415799604994870e-01
1.381859460047313026e-01
1.372714282146521858e-01
1.478543140526328847e-01
1.370190477796963402e-01
1.378883969570909307e-01
1.459058858454227448e-01
1.456487950469766424e-01
1.450156646647623726e-01
1.476569005421229652e-01
1.460677917514528468e-01
1.349927288080964849e-01
1.372206149888890170e-01
1.421636595789875224e-01
1.542147935501166633e-01
1.415940759969609164e-01
1.513898926121848010e-01
1.457451390368597888e-01
1.572549146200929449e-01
1.439451341118131444e-01
1.342481292252029612e-01
1.378917220447744563e-01
1.400861777365207672e-01
1.394794822803565315e-01
1.296307976756777003e-01
1.487356174205030634e-01
1.380606192563261225e-01
1.532944951738630102e-01
1.499899508697646044e-01
1.495947859116963097e-01
1.408814649496759608e-01
1.439732121569769763e-01
1.475250901920454882e-01
1.413533559867314049e-01
1.379556224814482979e-01
1.323514987847634605e-01
1.462739743292331696e-01
1.402483683611665533e-01
1.485049506383282758e-01
1.285835693457297035e-01
1.386847682297229767e-01
1.343005171843937584e-01
1.417817952377455615e-01
1.402299473328249835e-01
1.423002433563981817e-01
1.418120578995772652e-01
1.408909867916788294e-01
1.338337558720792964e-01
1.458859512848513507e-01
1.326116288879088112e-01
1.407593073589461230e-01
1.463804250316960431e-01
1.543228530458041481e-01
1.439144568783896350e-01
1.431499219366482445e-01
1.398156029837472059e-01
1.308414797697748377e-01
1.389061318976538562e-01
1.506975261228425123e-01
1.452782106186662481e-01
1.322427809770618246e-01
1.452331612152712725e-01
1.424026843160390854e-01
1.420538696859564021e-01
1.381714588829449364e-01
1.370975343244416333e-01
1.436758036059992694e-01
1.459871881774493507e-01
1.410537170512335681e-01
1.336840292704956912e-01
1.450954563915729523e-01
1.445258799940347672e-01
1.423142014869621941e-01
1.446856616863182732e-01
1.359496768563985825e-01
1.473711915314197540e-01
1.353934218308755211e-01
1.385427622922829338e-01
1.565408264952046491e-01
1.360951321465628527e-01
1.368993800133466721e-01
1.434369693909372523e-01
1.439292249935013868e-01
1.459150756044047259e-01
1.406230639134134486e-01
1.466440883065973089e-01
1.363543987806354330e-01
1.375737014625753596e-01
1.503524061824594305e-01
1.454707889684609123e-01
1.387689534042562678e-01
1.346224998789174176e-01
1.342866181262901970e-01
1.461724580398627571e-01
1.386431849428585716e-01
1.436488654996667669e-01
1.478094447936330602e-01
1.394082057688917353e-01
1.390142337019954488e-01
1.345739380589553169e-01
1.335883534380367943e-01
1.401041815323489093e-01
1.381546136523996160e-01
1.422451069312436200e-01
1.416694601731640912e-01
1.379140458468879893e-01
1.268525057073150442e-01
1.413930343197924711e-01
1.388436052948236465e-01
1.461454241403511711e-01
1.362581465925489232e-01
1.401245487587792493e-01
1.396724304982594200e-01
1.417243219912052155e-01
1.348643893642084979e-01
1.496796565396445178e-01
1.426380649209022522e-01
1.422398329845496467e-01
1.366632349256958201e-01
1.275583133101463318e-01
1.468454865472657300e-01
1.377469612551587008e-01
1.304162306977169894e-01
1.368284603314740278e-01
1.318914331495761871e-01
1.408052604113306239e-01
1.378797175628798388e-01
1.420591968510832026e-01
1.305582640426499463e-01
1.412770125482763484e-01
1.417295155780655957e-01
1.384926560733999445e-01
1.322846415319613167e-01
1.376416544829096034e-01
1.335635299661329933e-01
1.402320989540644935e-01
1.444129608571529388e-01
1.390024242656571485e-01
1.372427472046443275e-01
1.398178903119904615e-01
1.385532947523253344e-01
1.388436465391091057e-01
1.351364537009171196e-01
1.350473785506827451e-01
1.397637107542582802e-01
1.375304436577217959e-01
1.352912443024771594e-01
1.418899803289345452e-01
1.405115026448454096e-01
1.320458182266780189e-01
1.391466720295803927e-01
1.455594471522740074e-01
1.410780682095459648e-01
1.380627288350037285e-01
1.342459102826459028e-01
1.498421978737626836e-01
1.411259214260748573e-01
1.362672315112181953e-01
1.322694561843361094e-01
1.428163397525037959e-01
1.425502124641622737e-01
1.371839746300663188e-01
1.383482851088047028e-01
1.410906485148838707e-01
1.411424694316727735e-01
1.352102748517479136e-01
1.319291847092764758e-01
1.327608318201133064e-01
1.426649216030325129e-01
1.410007077668394282e-01
1.373994951801640607e-01
1.390784295009715177e-01
1.371964665928057381e-01
1.440291580344949529e-01
1.434901939438922025e-01
1.342630663088389686e-01
1.312939104224954412e-01
1.323978344776800820e-01
1.294080096163920113e-01
1.404806958245379545e-01
1.369105556181498817e-01
1.338069303227322482e-01
1.316154327775750921e-01
1.467457791524273969e-01
1.328797191381454468e-01
1.331381188439471341e-01
1.387845780700445175e-01
1.456562935241631218e-01
1.370279123740536786e-01
1.390452400914260200e-01
1.359498298593929955e-01
1.319557034543582252e-01
1.336411841745887563e-01
1.401756956641163065e-01
1.298777357275996969e-01
1.359126634363617137e-01
1.381705169166837499e-01
1.415617136018616773e-01
1.393970064818859100e-01
1.365623447511877253e-01
1.469183713197708130e-01
1.396041398069688133e-01
1.339262079979692266e-01
1.366403861237423800e-01
1.316545690808977320e-01
1.317878945597580620e-01
1.414977897490773961e-01
1.318183559924364090e-01
1.388444421546799756e-01
1.428545798574175074e-01
1.311562189034053139e-01
1.442768217197486214e-01
1.353037559560366920e-01
1.397851269159998133e-01
1.423187234572001747e-01
1.375342312135866829e-01
1.305250562727451324e-01
1.436501310339995674e-01
1.279168307249035075e-01
1.381283423730305382e-01
1.424175421042101763e-01
1.356171893754175850e-01
1.295552820499454305e-01
1.339855630482946203e-01
1.335804366639682106e-01
1.400281494217259504e-01
1.335906575300863930e-01
1.378093143658978559e-01
1.325100394231932543e-01
1.412918860358851336e-01
1.287757512181997299e-01
1.365910084652049161e-01
1.384151365075792506e-01
1.381210078086171911e-01
1.414502028908048437e-01
1.288227614547525213e-01
1.363497552062784002e-01
1.389898274626050756e-01
1.428301403565066241e-01
1.308664937636681846e-01
1.378922262894255735e-01
1.295060278581721402e-01
1.373433374932833961e-01
1.425072151635374262e-01
1.420329569705895134e-01
1.339370781289679624e-01
1.336906589567661285e-01
1.353808300835745715e-01
1.349353588053158470e-01
1.309546040637152575e-01
1.400823885841029071e-01
1.393181013741663643e-01
1.337768432817288689e-01
1.368744495723928645e-01
1.418035961687564850e-01
1.337174443261963941e-01
1.406871617904731087e-01
1.327040804816143893e-01
1.354353720588343524e-01
1.429464002805096723e-01
1.395540290645190529e-01
1.314335853925772957e-01
1.418618943010057643e-01
1.433188654482364655e-01
1.279389464429446510e-01
1.392526461609772392e-01
1.249346844851970673e-01
1.367878355085849762e-01
1.273661697549479388e-01
1.362116610897438906e-01
1.362639918391193583e-01
1.295710815382855319e-01
1.285684074142149635e-01
1.313038167676755241e-01
1.352022223706756399e-01
1.381957169089998438e-01
1.505543839718614385e-01
1.327017181153808401e-01
1.331343278288841248e-01
1.284471021166869453e-01
1.348867437669209191e-01
1.398873994393008136e-01
1.374146480645452306e-01
1.390438835535730555e-01
1.354968217866761304e-01
1.355322727135249428e-01
1.344477677983897113e-01
1.286989921437842466e-01
1.385408458965165235e-01
1.298721315605299853e-01
1.260359939187765121e-01
1.324091173176254466e-01
1.389003175177744576e-01
1.347650912191186712e-01
1.402371384735618398e-01
1.360740794667175957e-01
1.322307562721627139e-01
1.355657151767185875e-01
1.386186134602342412e-01
1.369144059717655182e-01
1.356051018727677249e-01
1.437059545091220192e-01
1.430152947349207782e-01
1.334263152842010691e-01
1.374239256339413739e-01
1.414614580571651459e-01
1.365948963378156855e-01
1.323842587215559863e-01
1.337606063378708743e-01
1.327979479517255590e-01
1.338386043374027445e-01
1.392591694103819944e-01
1.466337894754750348e-01
1.353293404515300558e-01
1.324906492871897601e-01
1.365723636533532903e-01
1.285126624362809278e-01
1.368183999189308830e-01
1.358153096267155358e-01
1.369067739163126185e-01
1.383126771875790306e-01
1.387386258159364893e-01
1.394318334226097300e-01
1.453402872596468165e-01
1.308546970997537806e-01
1.332194318196603111e-01
1.234773314957107876e-01
1.311564347041504763e-01
1.391019523143768311e-01
1.416628014828477666e-01
1.371892296842166237e-01
1.397166906722954460e-01
1.373788756983620740e-01
1.345199697784014992e-01
1.327709970729691602e-01
1.377461930470807172e-01
1.416215279272624306e-01
1.361853291413613609e-01
1.271139668034655668e-01
1.405469104647636414e-01
1.341262262846742437e-01
1.313943152448960594e-01
1.385907073106084630e-01
1.376200116106442162e-01
1.286195633666855909e-01
1.331860859479223058e-01
1.299300539706434443e-01
1.384890430739947609e-01
1.384373184825692937e-01
1.261815811906542018e-01
1.336413749626704506e-01
1.393990051001310349e-01
1.254850072520119764e-01
1.328792747642312810e-01
1.385575006050722979e-01
1.379301335130418971e-01
1.329406281667096235e-01
1.401073046560798452e-01
1.336347961000033668e-01
1.394700141889708422e-01
1.375224467899118230e-01
1.367589445518595792e-01
1.326305435172148994e-01
1.366805101611784645e-01
1.362518838473728844e-01
1.380570546856948189e-01
1.329202758414404772e-01
1.362873214696134760e-01
1.410574199897902392e-01
1.312280539423227310e-01
1.355538094150168515e-01
1.390512588300875374e-01
1.410527772137097069e-01
1.342958177306822487e-01
1.332160367497376152e-01
1.384970902332237908e-01
1.377898364194801994e-01
1.390755557055984304e-01
1.360225704099450872e-01
1.365714945963450722e-01
1.448616694126810267e-01
1.262840389141014763e-01
1.323893030307122520e-01
1.252352754984583094e-01
1.317416889859097384e-01
1.295128704181739143e-01
1.289112706269536779e-01
1.301224040133612536e-01
1.316311489790678024e-01
1.341772444014038279e-01
1.314979828894138336e-01
1.236687542072364282e-01
1.299183594861200997e-01
1.406487348888601496e-01
1.364681396101202204e-01
1.361937741083758258e-01
1.364705919155052849e-01
1.313768830150365829e-01
1.267416855054242231e-01
1.308054115091051295e-01
1.352229607956750013e-01
1.359340082854032516e-01
1.322758378727095507e-01
1.383208978388990595e-01
1.341733517391341113e-01
1.414676835494382001e-01
1.333216984889336876e-01
1.334568796945469760e-01
1.307145466229745201e-01
1.336341758391686729e-01
1.316083302455288984e-01
1.310653311333485893e-01
1.431635740612234309e-01
1.354990519051040843e-01
1.344191905643258855e-01
1.317068056336470894e-01
1.206905453332832862e-01
1.359342328671898081e-01
1.342886856624058434e-01
1.339020771639687635e-01
1.273301044212920285e-01
1.273870989680290222e-01
1.401565899806363202e-01
1.354163826576300911e-01
1.328361404261418632e-01
1.238857278866427325e-01
1.363061807517494395e-01
1.332774609327316284e-01
1.357806245131152056e-01
1.341676674783229828e-01
1.312645173498562523e-01
1.410138008317776970e-01
1.321992969938687035e-01
1.338656028466565229e-01
1.323258315346070579e-01
1.359570122190884300e-01
1.253824420273303986e-01
1.312624008527823738e-01
1.308154125830956749e-01
1.299687259431396291e-01
1.359543417181287572e-01
1.379965139286858655e-01
1.372252362115042590e-01
1.292489091200487994e-01
1.316757502832583138e-01
1.352681280778987027e-01
1.301183665969542214e-01
1.333267108670302681e-01
1.387259518461567975e-01
1.342724210449627587e-01
1.259552344147648051e-01
1.284000650048255920e-01
1.326858651425157354e-01
1.332324950822762200e-01
1.305374694722039319e-01
1.288089736231735893e-01
1.377976834774017334e-01
1.375479150031294062e-01
1.243239433637687158e-01
1.333977061190775582e-01
1.245402196156127073e-01
1.379411305700029566e-01
1.331667532878262616e-01
1.366545552653925799e-01
1.397456202123846247e-01
1.350741530103342913e-01
1.317822744271584801e-01
1.363035459071397781e-01
1.293135724429573252e-01
1.321319078228303245e-01
1.389485257012503527e-01
1.339237713920218564e-01
1.338691213833434202e-01
1.365390207086290553e-01
1.299430805125406929e-01
1.398244662476437472e-01
1.291011931108576871e-01
1.310759745538234711e-01
1.368674369794981860e-01
1.314509835626397893e-01
1.392857709101268104e-01
1.358701812901667305e-01
1.394527658287967875e-01
1.364254169166088104e-01
1.347116271832159706e-01
1.401718540915421196e-01
1.283645898635898397e-01
1.307054747428212926e-01
1.265543736517429352e-01
1.414740335728441045e-01
1.384107161845479772e-01
1.326142464365278051e-01
1.346795819699764252e-01
1.296259723603725433e-01
1.371000430413654991e-01
1.286217855023486234e-01
1.303614992648363113e-01
1.300345278744186595e-01
1.314821841993502327e-01
1.237452418676444482e-01
1.373640203050204567e-01
1.376715334398405932e-01
1.325708635683570669e-01
1.345060632697173408e-01
1.272829747093575381e-01
1.363795303872653297e-01
1.364852099546364494e-01
1.284388519291366770e-01
1.421457640826702118e-01
1.337890696844884209e-01
1.335963159799575806e-01
1.357395103467362307e-01
1.339061002113989540e-01
1.394339137311492727e-01
1.304099213864122198e-01
1.269685793668031693e-01
1.345304671142782404e-01
1.315083567585264013e-01
1.301769478512661837e-01
1.396982097732169248e-01
1.362989300063678078e-01
1.287702364580971814e-01
1.309180733348642156e-01
1.326473836920090965e-01
1.344061563057558917e-01
1.282414171312536433e-01
1.395614522376230904e-01
1.365301619682993128e-01
1.370518505573272705e-01
1.339105005775179102e-01
1.413137806313378431e-01
1.287467431809221075e-01
1.363418692989008807e-01
1.276895132447992132e-01
1.308361057724271581e-01
1.322898625263146111e-01
1.308866694037403300e-01
1.254523111773388766e-01
1.369184048048087410e-01
1.387265415063926033e-01
1.409851472292627528e-01
1.329640160713876917e-01
1.325909740158489891e-01
1.351023148745298386e-01
1.348781465951885417e-01
1.450435481965541840e-01
1.363808422216347405e-01
1.315715488578592107e-01
1.299045386591128060e-01
1.369715551180498980e-01
1.362863355981452085e-01
1.327995572771344945e-01
1.343219088656561755e-01
1.342965896640505030e-01
1.304959721331085398e-01
1.292225870170763680e-01
1.355470967079911992e-01
1.381617805787495323e-01
1.352115779050759026e-01
1.389619082744632528e-01
1.347881214959280871e-01
1.296766062400170616e-01
1.351968968021018125e-01
1.345700507185288719e-01
1.307608565049512006e-01
1.377144094024385645e-01
1.396966938461576269e-01
1.307524863098348811e-01
1.360017798308815196e-01
1.293503493070602417e-01
1.389559198703084753e-01
1.272927583860499479e-01
1.366341720734323695e-01
1.300722230225801468e-01
1.376222675400120832e-01
1.352578763450895116e-01
1.373731416783162407e-01
1.363628048981939123e-01
1.326272594077246569e-01
1.298017783888748833e-01
1.368529309651681236e-01
1.264477372169494629e-01
1.389378389077527143e-01
1.361799527491842077e-01
1.320773828774690628e-01
1.302580027175801181e-01
1.291092259011098198e-01
1.326300182512828163e-01
1.324002428778580376e-01
1.287815996578761391e-01
1.379358116537332535e-01
1.386186097349439428e-01
1.298459182892526820e-01
1.346423141658306122e-01
1.402413222406591609e-01
1.366884679134403036e-01
1.365018178309713170e-01
1.324063608688967608e-01
1.310074355985437200e-01
1.310874484479427338e-01
1.281798048210995578e-01
1.350845862179994583e-01
1.336404734424182228e-01
1.358059506331171229e-01
1.360379824680941485e-01
1.381887923926115036e-01
1.218950469046831131e-01
1.350924947432109169e-01
1.276590435632637688e-01
1.340356666062559321e-01
1.373410594782658867e-01
1.281925069966486641e-01
1.339825663183416560e-01
1.337968153612954236e-01
1.294156065476792239e-01
1.370068980114800550e-01
1.297714672982692719e-01
1.297867878207138725e-01
1.345077093158449366e-01
1.352588278906685926e-01
1.337919666298798271e-01
1.361930074968508431e-01
1.364861854485102943e-01
1.279509378863232516e-01
1.339683000530515478e-01
1.332985471401895716e-01
1.340396063668387316e-01
1.276114088084016607e-01
1.351682996111256696e-01
1.324875652790069580e-01
1.286763224218572810e-01
1.349126254873616315e-01
1.322384175977536491e-01
1.258884274533816627e-01
1.290456514273370936e-01
1.265329694641487979e-01
1.387027017772197723e-01
1.391606990780149267e-01
1.342141979507037453e-01
1.380297605480466649e-01
1.335563704903636739e-01
1.385148441685097598e-01
1.325988389019455149e-01
1.300817842462233254e-01
1.250956042536667534e-01
1.399768646806478500e-01
1.293140274605580620e-01
1.337644668029887296e-01
1.301180110978228666e-01
1.279470577303852274e-01
1.309310817824942685e-01
1.298140218215329267e-01
1.375999227166175842e-01
1.306597436113016986e-01
1.287268235215119072e-01
1.327052345233304120e-01
1.282435131392308525e-01
1.326900965401104637e-01
1.325173795755420492e-01
1.371235613312040136e-01
1.364235883312565900e-01
1.274179467665297605e-01
1.307138188609055229e-01
1.375113829438175395e-01
1.289079298398324303e-01
1.304657291620969772e-01
1.351338651563440130e-01
1.261862175805228137e-01
1.360799587730850413e-01
1.321279121828930758e-01
1.301090680062770844e-01
1.278168489890439130e-01
1.318576107067721270e-01
1.296139998095376111e-01
1.382941656879016212e-01
1.313892307558230110e-01
1.252482395086969569e-01
1.334160113973276995e-01
1.352571624198130318e-01
1.297301043357168004e-01
1.358672231435775757e-01
1.308906639793089577e-01
1.319615989923477173e-01
1.310763654432126335e-01
1.281413781855787470e-01
1.310049047959702395e-01
1.397576960069792651e-01
1.298766202692474558e-01
1.343592360083545878e-01
1.308221556246280670e-01
1.324341813368456744e-01
1.261866404009716891e-01
1.319451260247400948e-01
1.334533446601458839e-01
1.444897555879184059e-01
1.319500803947448730e-01
1.307845171540975571e-01
1.345530407769339465e-01
1.332012590553079412e-01
1.303555787141834066e-01
1.299055641783135318e-01
1.371561557586704061e-01
1.326693075575998970e-01
1.328587380370923332e-01
1.331513816756861590e-01
1.274078216935907171e-01
1.369177398404904655e-01
1.309551208146980950e-01
1.280652420329196073e-01
1.303820578115326978e-01
1.350584046116896919e-01
1.311969647982290932e-01
1.422689243086746880e-01
1.281611169023173236e-01
1.303166167012282661e-01
1.287258608000619031e-01
1.262194362602063469e-01
1.283968689718416878e-01
1.317483250583921239e-01
1.310009450784751228e-01
1.229039893618651819e-01
1.332032161631754585e-01
1.287539210170507431e-01
1.296672046716724203e-01
1.330848929605313591e-01
1.323045151574271105e-01
1.330469205443348124e-01
1.321295278945139595e-01
1.323486066290310570e-01
1.316880719470126249e-01
1.368385989751134679e-01
1.246162807302815534e-01
1.382078858358519458e-01
1.344812360725232414e-01
1.357578049812998011e-01
1.282424711223159597e-01
1.244152587439332630e-01
1.351371737463133715e-01
1.351572522627455808e-01
1.263152456709316918e-01
1.268788256815501503e-01
1.335290827389274404e-01
1.310057075960295581e-01
1.298038009554147720e-01
1.323401033878326416e-01
1.316767723432608894e-01
1.217676294701439954e-01
1.318972536495753578e-01
1.307166625878640465e-01
1.291327508432524585e-01
1.341217564685004138e-01
1.323637877191816137e-01
1.343452456806387141e-01
1.299005278519221596e-01
1.304193405168397046e-01
1.363736263343266197e-01
1.271924858114548973e-01
1.263652297535113045e-01
1.356173945324761487e-01
1.333172081836632439e-01
1.239746439137629080e-01
1.390446408518723198e-01
1.345553033586059377e-01
1.254879276135138222e-01
1.343481705657073311e-01
1.276732592710426994e-01
1.305259918527943708e-01
1.335497615592820264e-01
1.306664959660598091e-01
1.283071839383670143e-01
1.310176982411316582e-01
1.373479371624333478e-01
1.300305117453847692e-01
1.296061570090907000e-01
1.288926489651203156e-01
1.287528385541268638e-01
1.302309446036815643e-01
1.320598205285412885e-01
1.346927059016057304e-01
1.407822274735995582e-01
1.277293685291494563e-01
1.281155124306678772e-01
1.316127617444310949e-01
1.381969598254987053e-01
1.300716903060674667e-01
1.299741345324686714e-01
1.330886528428111837e-01
1.312602117125477030e-01
1.239159373300416089e-01
1.337484557713781164e-01
1.347565374204090782e-01
1.303336396813392639e-01
1.337183069969926641e-01
1.234787098531212185e-01
1.354273163846560768e-01
1.317507164286715604e-01
1.263069473206996918e-01
1.340377740561962128e-01
1.290405342089278318e-01
1.433549241295882515e-01
1.262333696441990949e-01
1.365512135837759211e-01
1.306039376982620903e-01
1.344684979745320030e-01
1.315422369433300875e-01
1.332911481814725019e-01
1.347501852682658485e-01
1.277537742363555051e-01
1.256076571132455633e-01
1.281554470104830645e-01
1.291296937103782461e-01
1.287842714892966367e-01
1.307792197912931442e-01
1.312199836330754377e-01
1.342167338090283490e-01
1.319128772509949588e-01
1.345886806292193316e-01
1.388789202485765650e-01
1.347620942230735586e-01
1.367703362235001274e-01
1.297611831022160434e-01
1.300759533686297320e-01
1.298674520637307928e-01
1.296249694590057566e-01
1.330729637827192113e-01
1.327975506761244484e-01
1.277773188693182849e-01
1.262433954647609047e-01
1.268246591623340414e-01
1.282563488930463791e-01
1.293967366218566895e-01
1.265573453690324590e-01
1.302492389721529864e-01
1.327077576092311195e-01
1.321016661822795868e-01
1.255400146224669167e-01
1.304502117314509102e-01
1.366008525448186017e-01
1.374184824526309967e-01
1.345230497952018545e-01
1.352875214070081711e-01
1.314074146960462763e-01
1.332813336380890556e-01
1.323776944939579203e-01
1.353173947760037132e-01
1.313793079129287056e-01
1.405423868979726598e-01
1.334327863795416735e-01
1.283221207559108734e-01
1.319121776946953484e-01
1.327338173453296855e-01
1.296584286860057167e-01
1.288637646606990150e-01
1.326099998716797068e-01
1.283848900347948074e-01
1.340689712337085060e-01
1.259631006313221835e-01
1.314534475760800458e-01
1.388552316597529701e-01
1.359928428594555094e-01
1.277719509920903496e-01
1.319726080234561727e-01
1.297091083335024930e-01
1.323122265083449267e-01
1.316427838589463994e-01
1.387698948383331299e-01
1.320358264659132197e-01
1.303768176585435867e-01
1.269177512398787788e-01
1.382640246301889420e-01
1.337182026888643072e-01
1.383559054562023827e-01
1.397039161196776680e-01
1.269349509051867775e-01
1.226173697837761450e-01
1.361419936375958539e-01
1.280472627175705813e-01
1.343590532030378148e-01
1.325050126761198044e-01
1.294559344117130473e-01
1.302670080746923253e-01
1.297564916312694550e-01
1.265342006725924395e-01
