4.683832617600758752e+00
1.491158027946948961e+00
3.686625679085652196e-01
1.693575451523065545e-01
1.300719310715794663e-01
1.204692073166370447e-01
1.102754820014039683e-01
1.027784543049832244e-01
9.858848920091986545e-02
9.130603348215421411e-02
7.332268963878353640e-02
7.583939824874202928e-02
7.229299847036600724e-02
7.602751071875293865e-02
7.308365288500984214e-02
7.488033555448055101e-02
7.362432820101579012e-02
6.576996600876251764e-02
7.105035349105795484e-02
6.779643315511445223e-02
6.991042066365479868e-02
7.002409072592855055e-02
7.370905444646874694e-02
6.835622095813354004e-02
6.717471181725462315e-02
6.887199528515339231e-02
6.559491574764252098e-02
6.668929038569330892e-02
6.803149514521161789e-02
6.554160940150420556e-02
6.632324708004792846e-02
6.448372807353734693e-02
6.841857181861996096e-02
6.481651608521739327e-02
6.586517407248417000e-02
6.538992884879310519e-02
6.554120179265737756e-02
6.618481206397215655e-02
6.416248734419544020e-02
6.977156190822521309e-02
6.720017525677879355e-02
6.769098341464996338e-02
6.615577425807714351e-02
6.755385912333924936e-02
7.807617390217880260e-02
7.272222944224873697e-02
6.794388376176357935e-02
6.362925722574194753e-02
6.336811127762000118e-02
6.363207871094346546e-02
6.234316989158590616e-02
7.381081960474451809e-02
6.534646499902009575e-02
6.525135848671198557e-02
6.476152667154867759e-02
6.401465519020954620e-02
6.331013296420374969e-02
6.776847607145707053e-02
6.393471210574110108e-02
6.500649537891149687e-02
8.072427932483454416e-02
7.110374113234381455e-02
6.375195112079382054e-02
6.202529417350888252e-02
6.458300613487760744e-02
6.471020412320892257e-02
7.907916494334737978e-02
6.495988799879948150e-02
6.214013033236066158e-02
7.121541382124026154e-02
6.284105825548370883e-02
7.014475182319680757e-02
6.341098163897793127e-02
6.173926365251342779e-02
6.937595190480351504e-02
6.895875291898846682e-02
7.220464908207456511e-02
6.127083462352553994e-02
6.447669656636814683e-02
6.456195100521047725e-02
6.929538478453954597e-02
6.496168626472353935e-02
6.330439789220690394e-02
6.270498634626467394e-02
6.506965950752298389e-02
6.874329001332322997e-02
6.323061511541405721e-02
6.342457696174581827e-02
6.496274009657403148e-02
6.580301444356639884e-02
6.855062778418262448e-02
6.354675785948832312e-02
7.219141839072108768e-02
6.649548372253775985e-02
6.131975069642067039e-02
6.632291990021864370e-02
6.780998907362421890e-02
6.085713977615038461e-02
6.673829080536961000e-02
6.446259119858344100e-02
6.554092917591333722e-02
6.177081986640890754e-02
6.381901289025943003e-02
6.835193278267980010e-02
6.333176178236801790e-02
6.208739792928099493e-02
6.119125870366891318e-02
6.751149306694666230e-02
6.230905442498624325e-02
6.546008110667268787e-02
6.245375731959938725e-02
7.021068512772520032e-02
6.370034174372753155e-02
6.163624753554661911e-02
7.225447945296764596e-02
6.588735189909736278e-02
6.745873033379515271e-02
6.074129615599910270e-02
6.969785418982307745e-02
6.350288617735107277e-02
6.051532612803081634e-02
6.726366600021720099e-02
6.377900952473282425e-02
6.103558225557208228e-02
5.995816366747021980e-02
6.768967761968572305e-02
6.398727681487798025e-02
5.902477872868378689e-02
6.132692096754908256e-02
6.082899263128638268e-02
5.932677487532297955e-02
6.246627982084949904e-02
6.657317596177260433e-02
6.748921893537045136e-02
6.304605132279296476e-02
6.043011462936798833e-02
6.263580396150549012e-02
7.207819575443863425e-02
6.717212501913309708e-02
6.455284117410579892e-02
6.198848586529493582e-02
5.925204343472918050e-02
6.408849997756381478e-02
6.112899428233504323e-02
6.131863004217544960e-02
6.475409471119443483e-02
6.255395564561089250e-02
6.108085224404931346e-02
7.328436907691260327e-02
6.778699130440751786e-02
6.111940024731059989e-02
6.326406974966326813e-02
6.348148128017783165e-02
6.051628674690922444e-02
6.906524846330285017e-02
6.506269395351410578e-02
5.806108376632133916e-02
7.450690209555128896e-02
6.410463581482570006e-02
6.129053132608532767e-02
6.268403156970937806e-02
6.451590606942772532e-02
6.427964553857842822e-02
6.425590414553880581e-02
6.055953850348790718e-02
5.973245377341906276e-02
6.496598546082775483e-02
6.061992170910040362e-02
6.401948571826020229e-02
6.126843978961309112e-02
5.964407693594694221e-02
5.987120283146699085e-02
6.403109900653362885e-02
6.287936151648561289e-02
6.189839398488402450e-02
6.155825149267912105e-02
7.039099771529436222e-02
7.096670352543393845e-02
5.997605162983139088e-02
6.365018730362256849e-02
6.435947862143318043e-02
6.976109874124328258e-02
6.567168055723110465e-02
6.284743648332853649e-02
5.820959475822747031e-02
7.144695892309149698e-02
7.133214737599094524e-02
6.194199062883853912e-02
6.306763285771012362e-02
7.090361111797392757e-02
6.141283381730318347e-02
5.916641723985473222e-02
5.877144029984871648e-02
6.052738362612823664e-02
6.124372438838084770e-02
6.613341368113954954e-02
6.188944612319270677e-02
6.432745444277922220e-02
5.738627366721629763e-02
6.262629577269156200e-02
5.815245473757386235e-02
6.869113878036538223e-02
6.821291017656525013e-02
6.244103081524372129e-02
6.820492307345071836e-02
6.073150084664424159e-02
6.479212054982781688e-02
6.028207497050364766e-02
6.673066413961351029e-02
5.801678024853269139e-02
5.999640585854649349e-02
6.138623007883628468e-02
6.273021887366971028e-02
6.223785797134041842e-02
5.901454967136184060e-02
6.639213354637225895e-02
6.510751171347996247e-02
6.549885665997862150e-02
6.682359861830870773e-02
5.931305582945545218e-02
6.995837642190357031e-02
6.051123549851278316e-02
6.170894335955381255e-02
6.140601615731915153e-02
6.104273809120058791e-02
6.239960592240095111e-02
6.238269953988492822e-02
6.244937458386023987e-02
6.214354718414445700e-02
6.324141658221682505e-02
6.052472123255332043e-02
5.917546901851892388e-02
6.237191928550601255e-02
6.276639841496944872e-02
7.079641708172858261e-02
6.077344099680582340e-02
6.234120013502737062e-02
6.400700286651650472e-02
5.719800471638639833e-02
6.099175565565626012e-02
5.939297469953695729e-02
5.884153995042045587e-02
6.220033229639132522e-02
6.250315095297992452e-02
6.669657219511766766e-02
6.681702114641666079e-02
6.856448057418068620e-02
5.859052419662475614e-02
6.020160589988032829e-02
5.881255102343857510e-02
6.008988202859957828e-02
6.271308934626479425e-02
5.761869010825951959e-02
6.547935560345649608e-02
5.693423570444186566e-02
6.268082339316606577e-02
6.267239164871474255e-02
6.476316796615719240e-02
6.503402793159086814e-02
6.364935766284664231e-02
5.599215966959794621e-02
6.048219390213489810e-02
5.836179153993725777e-02
5.990031113227208687e-02
6.280214680358767176e-02
6.416956783582766777e-02
6.273955274062852083e-02
5.874536532908677944e-02
6.650907679150501461e-02
6.293389301126202373e-02
6.203742440789938167e-02
6.113183312428493998e-02
6.911439631134271011e-02
6.020395701130231564e-02
5.831810356428225595e-02
6.228773403912782336e-02
6.621966626495122410e-02
6.366506889462471286e-02
7.543371542977790611e-02
6.053988231346010829e-02
5.956841628377636255e-02
6.557192797462145506e-02
6.863194224114219089e-02
6.062792854383587671e-02
6.482448305313785741e-02
5.899171290919184851e-02
6.257541391998529268e-02
6.513936243330438469e-02
5.696703248346845355e-02
6.706266939019163431e-02
5.810044186189770865e-02
5.843591172869006672e-02
6.323964593311150184e-02
6.777015071983139016e-02
6.243434255942702238e-02
6.488750909144679058e-02
6.000057040403286579e-02
6.376627884805202706e-02
6.351169532164931131e-02
6.778558160488803996e-02
6.011275364086032108e-02
5.787664846827586529e-02
6.540510417893528883e-02
5.757460413500666702e-02
6.463569950312375578e-02
6.281560258629421967e-02
6.176255432888865665e-02
6.023246130595604625e-02
6.061114361509680609e-02
5.967357750361164392e-02
5.905790296693642916e-02
6.955688493947187467e-02
6.051453633233904589e-02
6.053876656418045316e-02
5.994854923958579940e-02
6.003444484745462661e-02
5.922446281338731439e-02
6.016645185028512977e-02
6.458552995075782233e-02
6.094257917255162943e-02
6.197224624144534455e-02
5.841121183087428365e-02
6.347356144028405700e-02
6.177152582133809550e-02
5.830454129725694962e-02
6.533771228666106212e-02
6.155015687768657789e-02
6.167806839570402766e-02
5.964178432400028124e-02
6.008001952742536567e-02
6.146548825626572260e-02
5.833408654356996015e-02
6.189683155156672223e-02
6.092823202411333516e-02
6.190015719893077889e-02
5.965391209349036467e-02
5.853771053875485991e-02
5.816065958080192388e-02
5.834139082580804686e-02
5.915001908317208540e-02
7.170190049645801256e-02
6.229038316135605130e-02
5.816747035210331068e-02
5.835815494259198599e-02
5.867414167771736744e-02
5.944575598463416183e-02
5.765218766406178530e-02
5.955487347518404612e-02
5.705839188459018579e-02
6.279865672190984571e-02
6.342811758319537307e-02
5.996951445316275192e-02
6.312609520430366439e-02
5.921326614295442659e-02
6.557825611283381317e-02
6.449582514663537713e-02
6.210369924704233630e-02
5.800141518314679695e-02
5.872118726372718700e-02
6.355527448778351685e-02
6.091965223352114461e-02
5.914035896460215214e-02
6.101206606253981729e-02
5.989755165452758517e-02
5.789469124128421296e-02
6.040858068813880627e-02
6.286401952927311854e-02
5.867160797119140569e-02
6.663229561721285832e-02
5.793409546837210988e-02
5.850548028325041477e-02
6.375226873594025401e-02
5.555051391323407445e-02
5.663478008781869938e-02
5.787941339425742293e-02
5.879181151588757509e-02
6.312273279763758183e-02
5.817595786415040438e-02
5.970115707566341079e-02
5.931836531807978957e-02
6.576097824921210699e-02
5.797515315314134138e-02
7.040537943132221810e-02
6.412444084261854915e-02
6.603671445200841317e-02
6.084904504939913500e-02
5.879504133015871215e-02
6.231313799818356813e-02
5.972856617843111393e-02
5.702236825910707296e-02
6.140414907286564222e-02
6.555186278497179830e-02
6.006290712083379307e-02
5.820511479551593315e-02
6.535225385179121993e-02
6.107577158759037311e-02
5.773317786554495179e-02
6.935589037835597492e-02
5.881737997755408232e-02
5.795870823785662790e-02
5.850911367374161953e-02
5.963540592541297092e-02
6.796606314989427078e-02
5.907764093639950032e-02
5.815774464979767827e-02
5.896303806143502607e-02
5.804829458395639741e-02
6.572639292726914495e-02
6.583346223458647062e-02
6.264414759973685465e-02
5.863426668569445693e-02
6.207913274566332490e-02
6.000107249865928999e-02
6.159985959529876848e-02
6.108803018306692423e-02
6.481198395291963565e-02
6.447790290539463787e-02
6.068992126733064457e-02
5.974058307707309778e-02
6.170612688797215417e-02
6.221094146370887562e-02
6.601375382393598334e-02
5.864510647021234369e-02
5.706729790195822632e-02
5.624795539925495774e-02
5.866292645533879857e-02
5.840248471746842251e-02
6.180805799240867565e-02
5.736097903301318190e-02
5.882616153607765630e-02
5.883777212972442217e-02
6.062754404420653970e-02
6.474279836441079738e-02
6.114417076110839622e-02
6.170540835087497816e-02
5.874914593994617212e-02
5.722253099704781992e-02
7.195433268323540854e-02
6.055448294306794987e-02
5.829161215263108098e-02
6.318955773487687499e-02
6.351922208443283591e-02
5.832889499142766138e-02
5.744012368842959376e-02
5.878542639936010228e-02
5.905223584423462818e-02
6.745080090438326792e-02
6.646176912511388146e-02
5.957265365868806561e-02
7.302865069359540384e-02
5.800711519395311544e-02
6.319547549200554837e-02
6.833454220866164164e-02
6.252827336390813506e-02
5.815255668014288060e-02
6.264277368473510077e-02
5.729708014056086873e-02
5.590740807354450254e-02
6.019860280677676034e-02
5.693129814540346528e-02
6.312011256814002713e-02
6.456150325325628325e-02
6.342340184996525521e-02
5.938573545465866688e-02
6.217722187439600479e-02
6.260511385276913698e-02
6.176834351072708895e-02
6.306208713911473640e-02
5.793316131457686147e-02
6.089045706515510553e-02
6.423212241691847457e-02
6.151422377054890228e-02
5.787898794437448119e-02
5.961753912270069400e-02
6.379316340511044514e-02
5.854457547888159558e-02
5.901433313575883688e-02
5.806231291343768447e-02
5.874893620610237288e-02
7.346164792155225609e-02
5.932694301009178162e-02
5.895452360622584903e-02
6.534821941827734237e-02
5.699276758978764207e-02
5.833049211651086807e-02
5.760986283421516696e-02
5.945193778102596943e-02
5.657336979483564704e-02
5.822794558790822528e-02
5.731689518317580057e-02
6.355006542677681114e-02
5.841976948392887947e-02
7.238338233282168299e-02
6.016469821954766733e-02
5.863603369022409029e-02
5.856368406986196817e-02
6.297188913449644487e-02
7.030862411484121999e-02
5.800752921029925235e-02
7.140057278797030949e-02
