9.135435898270871657e-02
7.237449896832306995e-02
6.699537200232347223e-02
6.795074674818250837e-02
6.280577766398588724e-02
6.624480678389470245e-02
6.554910058362616032e-02
6.022145520481798214e-02
5.662689703620142623e-02
6.136580124083492599e-02
6.016763072046968364e-02
6.376821616043647223e-02
6.102694722099436669e-02
6.273428456236919415e-02
6.127353666557205925e-02
5.508753158566024460e-02
6.158371114482482506e-02
6.139686527765459562e-02
6.110863499343395511e-02
6.097723489834202398e-02
6.063977438542578202e-02
5.669419101128975874e-02
5.940669913672738667e-02
6.090323538002040404e-02
6.013141336540381299e-02
5.898882241712676000e-02
6.170125344975126852e-02
6.072709320320023724e-02
5.891578971511787777e-02
5.891363461398416157e-02
5.976433758106496769e-02
5.978066530078649660e-02
5.916035301569435439e-02
5.843002458827362827e-02
5.838561898304356346e-02
5.833427906036377231e-02
5.879295706335041505e-02
5.706763575888341988e-02
5.825894741962353574e-02
5.748670686864190693e-02
5.399143704109721914e-02
5.960707407858636953e-02
5.635502808209922471e-02
5.615885864115423287e-02
5.469968171997202644e-02
5.526672738293806481e-02
5.595821649250057317e-02
5.846722446795966921e-02
5.607642225093311533e-02
5.610612223131788978e-02
5.848008882668283281e-02
4.789372312111987023e-02
5.747626810852024537e-02
5.575319213999642420e-02
5.629139958570401198e-02
6.003249637368652386e-02
5.773750638796223272e-02
5.614364737023910118e-02
5.539115839120414830e-02
5.985605073057943121e-02
4.873635034180349990e-02
5.575496589557991933e-02
5.804256502952840485e-02
5.524306775381167961e-02
5.585506173471609798e-02
5.847418179942501931e-02
5.218139543301529570e-02
5.766658691896332789e-02
5.444014362163013959e-02
5.417233618597189909e-02
5.671807678623332072e-02
5.076410658657550673e-02
5.718919444415304643e-02
5.414918298936552410e-02
5.176446164647738324e-02
5.222461387101146740e-02
5.162599769731362337e-02
5.592614782767163506e-02
5.655030599898762389e-02
5.692305006086826463e-02
5.259374562236997924e-02
5.666762339986032571e-02
5.457775731467538749e-02
5.517155751585960111e-02
5.567708822588125772e-02
4.974423947019709219e-02
5.646733186311191782e-02
5.453234935800234384e-02
5.353403079013029781e-02
5.628848992702033954e-02
4.977190248254272781e-02
5.438253784345255942e-02
5.281055402010679384e-02
5.536330224325259480e-02
5.466377544734213334e-02
5.121172610670328418e-02
5.357802698595656027e-02
5.531151509947247052e-02
5.437673808385928148e-02
5.184791918016141976e-02
5.310443325175179252e-02
5.418687702880965046e-02
5.549731252508031260e-02
5.284739575452274823e-02
5.386003448317448067e-02
5.296785885261164756e-02
5.552799411945873176e-02
5.061702361951271600e-02
5.533214598480198226e-02
4.957563984725210648e-02
5.536384127206272349e-02
4.955660750468571935e-02
5.008561600827508842e-02
5.388853570653332620e-02
4.787343177530500871e-02
5.367508528547154656e-02
5.346157821930117016e-02
5.496022337012820835e-02
4.939403958204719586e-02
5.107713676989078522e-02
4.945198641055160299e-02
5.356292012665006541e-02
5.168354285673962961e-02
5.340947972403631977e-02
5.368891304565800299e-02
4.813927000181542765e-02
5.327215153310033841e-02
5.358858267880148296e-02
5.415558283113770799e-02
5.211164195918374653e-02
4.570669912629657383e-02
5.401446695129076547e-02
5.437968905187315349e-02
4.735116358432504835e-02
4.847420615454514636e-02
5.373809979193740205e-02
5.330893128282494092e-02
4.674352353645695735e-02
5.177534143957826518e-02
4.969711899757385531e-02
5.328048449009657045e-02
5.242870905333095466e-02
4.998604669753048402e-02
5.351455915305349670e-02
5.271458122879266878e-02
5.133235669798320855e-02
4.843767767565117927e-02
5.134513115303383779e-02
4.143750831070873442e-02
4.902832715047730078e-02
4.939305153157975969e-02
5.011128561778201151e-02
5.149593591276142163e-02
5.264602729843722434e-02
5.233042349831925483e-02
5.231571476906538010e-02
5.327479516466458731e-02
4.326204845888747402e-02
5.240128874364826522e-02
5.450328998267650604e-02
5.224438835349348026e-02
5.275638420134783069e-02
5.207478151553206897e-02
5.232913694861862641e-02
5.068612419482734777e-02
5.312174867010778512e-02
5.097600894255770870e-02
4.927572214768992376e-02
5.341537665161821824e-02
5.082071380068858141e-02
5.348974346286720916e-02
5.112711720996433035e-02
5.148566961288451871e-02
5.089788337548573766e-02
5.120033690085013661e-02
5.163337161971463113e-02
5.025846389018827354e-02
4.757457315507862550e-02
5.447200903048118187e-02
5.116477296170261063e-02
4.441214822646644134e-02
5.128714866522285365e-02
5.228789740552505089e-02
4.923482663515540980e-02
5.176517023808425988e-02
4.914046674966811995e-02
4.676153750883208643e-02
4.998664833191368562e-02
5.254207514226436754e-02
4.842769261449575424e-02
5.254301292200883045e-02
5.282027264022164798e-02
5.179854960491259847e-02
5.246557599554459161e-02
5.108117101093133383e-02
5.103058821211258617e-02
5.176315719468726345e-02
4.695205514629682136e-02
5.171805051051907992e-02
5.220017091681559973e-02
5.093667987320157908e-02
4.647633236729436373e-02
5.153702174623807364e-02
5.256832937399546352e-02
4.891881069375408897e-02
4.982263745947016625e-02
4.994308969212903071e-02
4.933791746281915302e-02
4.978358894586563249e-02
5.233057371030250954e-02
5.197027184896998997e-02
5.193260076145331250e-02
5.225339579499430065e-02
4.888277231819099927e-02
5.207958796785937261e-02
4.735094646198882012e-02
4.430041162090168905e-02
5.095919585890239939e-02
4.741494920518662948e-02
5.230987837745083857e-02
4.708744181940952706e-02
4.990699260185162134e-02
5.051655643102195836e-02
5.212574715001715847e-02
5.196333511008156825e-02
4.955832502908176507e-02
4.978226156284411980e-02
5.097922459244728227e-02
4.993376262072059951e-02
5.142559959656662488e-02
4.896240851117505261e-02
5.220712276382578898e-02
5.190829651223288765e-02
5.023159854527976809e-02
4.630075155033005346e-02
4.915477265086438952e-02
4.911492059214247335e-02
4.866692444516552973e-02
5.189146687173180894e-02
5.262188592718707036e-02
5.083461968849102564e-02
5.028805360198020796e-02
4.923831547300020622e-02
4.784001025060812679e-02
4.682867328325907713e-02
4.469003660811318029e-02
4.847065168950293046e-02
4.929080125358369785e-02
5.109118016229735604e-02
5.024155316253502840e-02
4.832903560664918857e-02
4.680286186436811990e-02
5.073337339692645526e-02
4.998108496268590523e-02
4.978692709571785197e-02
4.774873064210017476e-02
5.218500677082273803e-02
4.832108801023827366e-02
4.777524798280662760e-02
4.779946545345915843e-02
4.943656896551450186e-02
5.235255569633510270e-02
5.001807643307579904e-02
4.786736002812783108e-02
4.949586716377073203e-02
4.881352684977981887e-02
4.658977550764878406e-02
5.127405383520656362e-02
4.703810986959271884e-02
4.816595462875233880e-02
5.204559657722711286e-02
5.059667097197638463e-02
4.536469593230221115e-02
4.840079951617452803e-02
4.984751869406964936e-02
4.883247226890590625e-02
4.650434220416678477e-02
4.951022668845123792e-02
4.387567047443655111e-02
4.862546804878446760e-02
4.937162657992707343e-02
4.968797500348753199e-02
4.610145599063900090e-02
5.054582682334714250e-02
4.854094729655318574e-02
5.060742340154118085e-02
4.922169111669063429e-02
4.746357947587966780e-02
4.819954898622300782e-02
4.814057492961486273e-02
4.977844661722580916e-02
4.936730447742673777e-02
4.518703743815422058e-02
4.337119648440016656e-02
5.137753780517313046e-02
4.757009233451552077e-02
4.845048532717757817e-02
4.708100242747200598e-02
4.926309684912363873e-02
4.756209926886691142e-02
5.084245171811845737e-02
5.034469840013318376e-02
4.550481939481364202e-02
5.075327199366357761e-02
4.725594317747486978e-02
4.726846644447909446e-02
5.068025450325674280e-02
4.736534837219449900e-02
4.881942108687427340e-02
4.962929226458072385e-02
5.075111175990766610e-02
4.276967336320215002e-02
4.734752412057584986e-02
5.005351298799117638e-02
4.956235039151377086e-02
4.978820677432749253e-02
4.914272531039184932e-02
4.934338635454574989e-02
4.745166142367654438e-02
4.930323567241430560e-02
4.826422507564227110e-02
4.919746847202380313e-02
4.951493131617704796e-02
4.881406900369458790e-02
5.194257551597224187e-02
4.471271845201651302e-02
4.863630502174298015e-02
4.891917275057898473e-02
4.925992468165026755e-02
4.862010284430450663e-02
4.839475415647030015e-02
5.079603077222903662e-02
4.764478881325986959e-02
4.868306325127681050e-02
4.644618812534544172e-02
4.735570044981108478e-02
4.645583404021130791e-02
5.081334451420439768e-02
5.081193374676836599e-02
4.799024063265985851e-02
4.367919452488422394e-02
4.968653207437859903e-02
4.962158741222487401e-02
4.874531488037771310e-02
4.991341400891542712e-02
5.046927877184417821e-02
4.871103492461972828e-02
4.891046277350849514e-02
4.828177587025695577e-02
4.835245526499218349e-02
4.715359022633897057e-02
4.972234401437971435e-02
4.677411661379866914e-02
4.881969452318218189e-02
4.828702997830178895e-02
4.464406104137499942e-02
4.875087129573027478e-02
4.907776183552212124e-02
4.841421583874357809e-02
4.844143365820249153e-02
4.879853688180446625e-02
4.877684134989977022e-02
4.558644203676117529e-02
4.728461423267920488e-02
4.991887950648864203e-02
4.871838959968752270e-02
4.771969038993120055e-02
5.060389321297407289e-02
4.774224809888336085e-02
4.838014385766453013e-02
4.781027274827162610e-02
4.661387751499811855e-02
4.933301419433620133e-02
4.772527871860398480e-02
4.703220300790336705e-02
4.978059420569075355e-02
4.814469712889856562e-02
4.886673777881595654e-02
4.740426186472177644e-02
4.928383111125893279e-02
4.088870769159661661e-02
4.867516128967205868e-02
3.793322520537508596e-02
4.613003910829623772e-02
4.844919200986623486e-02
4.880784820351335984e-02
4.957249249435133343e-02
4.731887796272834373e-02
4.748865026566717606e-02
4.777459243519438514e-02
4.720200856940613698e-02
4.552283748570415400e-02
4.906842462304565611e-02
4.979728247142500147e-02
4.428895689133140884e-02
4.867605809122323851e-02
4.891169534789191475e-02
4.361695597569147792e-02
4.716017144835657482e-02
4.950779529495371450e-02
4.945856570783588313e-02
4.563970058742496810e-02
4.161897676272524604e-02
4.916035419123040290e-02
4.955016629149516100e-02
4.793087370279762449e-02
5.030282615787452782e-02
4.556740381651454286e-02
4.461588733312156496e-02
4.419849937160810066e-02
4.880741731160216645e-02
4.483917889495690756e-02
4.777296086152394566e-02
4.760663817740148906e-02
4.834850324938694960e-02
4.563881309909952749e-02
4.560569512347380228e-02
4.883197043091058731e-02
4.731561198002762203e-02
4.580929958158069110e-02
4.610116864658064112e-02
4.568324695444769129e-02
4.860100990368260154e-02
4.861526725192864828e-02
4.668369810614320797e-02
4.932452746563487783e-02
4.908626988116238099e-02
4.642825851009951821e-02
4.866897670759095379e-02
4.946146089997556505e-02
4.800220355391502519e-02
4.789227880537509641e-02
4.333670832630660830e-02
4.719245630419916654e-02
4.824621586336030193e-02
4.845633119758632756e-02
4.758421557231081594e-02
4.720466391493876451e-02
4.512680814498000459e-02
4.856649324711825866e-02
4.657948811848958148e-02
4.569501284923818685e-02
4.892756220781140780e-02
4.956689576307932860e-02
4.692363132619195576e-02
4.681067766828669180e-02
4.471793168534834995e-02
4.562074059827460337e-02
4.756893881907065663e-02
4.241843279451131682e-02
4.674427629344993229e-02
4.816213991079065782e-02
4.482702946083413215e-02
4.794253984259234241e-02
4.878128131644593468e-02
4.007220971915456675e-02
4.845364064806037541e-02
4.829749729898241001e-02
4.827457194526989931e-02
4.616548559731907531e-02
4.724016119208600956e-02
4.429187569767236571e-02
4.551124446507957139e-02
4.248562682833936788e-02
4.601396042853593549e-02
4.682660436050759684e-02
4.742118364406956721e-02
4.357055876817968187e-02
4.878789310654004646e-02
4.552716385159227830e-02
4.486592252635293598e-02
4.501703300823767934e-02
4.885966825402444924e-02
4.860930498689412793e-02
4.501743149012327194e-02
4.542178428835338955e-02
4.565935612966617180e-02
4.865854709512657666e-02
4.835266301201449762e-02
3.809842301739586878e-02
4.694981024497085070e-02
4.348407147659195948e-02
4.417901316450701527e-02
4.892314718001418428e-02
4.788791013674603692e-02
4.655482717272307891e-02
4.772559992141194030e-02
4.846171279334359622e-02
4.746469354463948159e-02
4.913038271996710005e-02
4.510669060465362368e-02
4.766522540400425917e-02
4.309376937647660388e-02
4.804354558388392038e-02
4.801530829734272643e-02
4.539585039019584933e-02
4.708841840426127023e-02
4.383092605405383702e-02
4.778947730859120502e-02
4.281034161233239488e-02
