6.966703981161118109e-02
5.107305198907852173e-02
2.714518103748559882e-02
1.448164600878953934e-02
1.101004835218191182e-02
1.013403404504060676e-02
8.860971685498953213e-03
8.221773291006683956e-03
7.833460625261069038e-03
7.688365597277879888e-03
7.029501581564545284e-03
6.507546035572886120e-03
6.057418393902480255e-03
5.842733499594032938e-03
5.630838545039295803e-03
5.384255200624465942e-03
5.128652090206742287e-03
5.058495257981121367e-03
5.066869291476904999e-03
4.934165161103010178e-03
4.827234987169503819e-03
3.649264492560178128e-03
4.375321976840496237e-03
4.000269901007413517e-03
4.281097324565052986e-03
4.186905478127301086e-03
4.083503619767725468e-03
3.929927013814449310e-03
3.643437451682984655e-03
3.758921416010707790e-03
3.921485482715069901e-03
3.961333935149013823e-03
3.822752984706312591e-03
3.733962378464639360e-03
3.467751014977693384e-03
3.561905445531010714e-03
3.352260158862918615e-03
3.510701993945986032e-03
3.160323342308402148e-03
3.089635272044688290e-03
3.106028994079679077e-03
3.214245568960904988e-03
3.223809762857854366e-03
3.107908298261463642e-03
3.037390916142612782e-03
3.074995777569711382e-03
2.839728223625570449e-03
2.864957822021097032e-03
3.133571823127567768e-03
2.904896764084696683e-03
2.721212920732796192e-03
2.736554481089115143e-03
2.655789128039032047e-03
2.763141540344804699e-03
2.797716192435473377e-03
2.558752009645104235e-03
2.905934315640479240e-03
2.649165887851267966e-03
2.660289837513118896e-03
2.737141889519989577e-03
2.278361062053591013e-03
2.510633959900587797e-03
2.390224719420075417e-03
2.383531222585588780e-03
2.416637830901890820e-03
2.333147299941629085e-03
2.371207135729491624e-03
2.264974312856793317e-03
2.426103502511977976e-03
2.547449315898120403e-03
2.273591316770762118e-03
2.397810085676610557e-03
2.439377526752650564e-03
2.332135266624390905e-03
2.378698834218084639e-03
2.395960409194230947e-03
2.369941771030426112e-03
2.352025290019810026e-03
2.114402758888900107e-03
2.229667734354734421e-03
2.293215424288064241e-03
2.238977374508976850e-03
2.043307514395564621e-03
2.167964237742125988e-03
2.116338105406611984e-03
2.198255597613751975e-03
2.247644064482301474e-03
1.885968260467052460e-03
1.984655449632555246e-03
2.066191378980875102e-03
1.957892614882439375e-03
2.165875490754842845e-03
2.036574034718796611e-03
1.942106278147548480e-03
1.941093499772250566e-03
1.955051568802446300e-03
2.151684986893087712e-03
2.113202610053121957e-03
2.118600404355674809e-03
1.949599769432097673e-03
2.080998499877750874e-03
2.024129976052791054e-03
2.024833811447024345e-03
2.014672866789623921e-03
1.817499636672437191e-03
1.960697735194116918e-03
1.976863935124128883e-03
1.786880707368254705e-03
1.804271532455459150e-03
1.801519095897674474e-03
1.923664927016943737e-03
1.842316461261361881e-03
1.865599793381988915e-03
1.559141196776181503e-03
1.854631863534450574e-03
1.815821102354675531e-03
1.542347099166363391e-03
1.745791570283472581e-03
1.723975129425525622e-03
1.767686143284663515e-03
1.843737345188856038e-03
1.703932520467788024e-03
1.718959916615858674e-03
1.756225025746971325e-03
1.798342040274292231e-03
1.687116414541378661e-03
1.696215849369764241e-03
1.640796929132193414e-03
1.746620505582541271e-03
1.543059962568804665e-03
1.744635304203257008e-03
1.423347485251724807e-03
1.632574707036837849e-03
1.590545207727700559e-03
1.715345284901559440e-03
1.656402001390233593e-03
1.536044460954144510e-03
1.624620490474626422e-03
1.571352244354784489e-03
1.492781238630413922e-03
1.727108692284673366e-03
1.560354005778208332e-03
1.660462701693177223e-03
1.692182477563619700e-03
1.569047593511640939e-03
1.559236343018710527e-03
1.558706024661660281e-03
1.565372798359021458e-03
1.339785289019346237e-03
1.587261323584243568e-03
1.458999555325135589e-03
1.562854222720488993e-03
1.564857474295422391e-03
1.575668959412723866e-03
1.384891581255942540e-03
1.358055608579888896e-03
1.485749566927552180e-03
1.522647368256002751e-03
1.558174216188490347e-03
1.571882958523929206e-03
1.667040574830025434e-03
1.542564714327454567e-03
1.405286311637610197e-03
1.556871453067287716e-03
1.514216058421880050e-03
1.428337628021836368e-03
1.515005953842774120e-03
1.359558262629434553e-03
1.476226066006347494e-03
1.432749500963836908e-03
1.346716284751892177e-03
1.440757943782955408e-03
1.530945027479901953e-03
1.506647461792454167e-03
1.414119242690503684e-03
1.473069220082834363e-03
1.466998545220121828e-03
1.373827276984229597e-03
1.483889669179916295e-03
1.480242243269458500e-03
1.474040583707392129e-03
1.325881050433963537e-03
1.276461262023076415e-03
1.405611156951636119e-03
1.363984949421137571e-03
1.328360935440287081e-03
1.390423480188474059e-03
1.438611140474677043e-03
1.417324703652411699e-03
1.270235871197655884e-03
1.399131352081894961e-03
1.253779185935854825e-03
1.298952492652460846e-03
1.323734648758545605e-03
1.362079987302422523e-03
1.439681404735892968e-03
1.369501574663445267e-03
1.325653423555195245e-03
1.431372720981016842e-03
1.323963591130450411e-03
1.281882746843621048e-03
1.322856900515034795e-03
1.390575070399791046e-03
1.289051154162734704e-03
1.299496897263452367e-03
1.339175319299101873e-03
1.260323653696104884e-03
1.289283344522118525e-03
1.281876571010798259e-03
1.291074871551245364e-03
1.295691472478210926e-03
1.341853919439017816e-03
1.238625618861988274e-03
1.169986190507188396e-03
1.213401916902512269e-03
1.221762731438502583e-03
1.206444925628602505e-03
1.350164803443476514e-03
1.311128458473831328e-03
1.288805232616141482e-03
1.271649502450600353e-03
1.275548199191689448e-03
1.296256191562861248e-03
1.034151640487834724e-03
1.260904531227424654e-03
1.279967237496748523e-03
1.329419750254601153e-03
1.125969976419582876e-03
1.163403224200010256e-03
1.253476203419268088e-03
1.217068498954176990e-03
1.178638741839677009e-03
1.268794544739648743e-03
1.220897724851965861e-03
1.268929906655103012e-03
1.292968611232936469e-03
1.129685249179601713e-03
1.166463381377980156e-03
1.178339839680120392e-03
1.076313451630994721e-03
1.230848336126655253e-03
1.253956771688535853e-03
1.197071216301992449e-03
1.093536178814247251e-03
1.191380788804963318e-03
1.237350353039801077e-03
1.193508552387356801e-03
1.217245683073997584e-03
1.188564056064933538e-03
1.148304913658648686e-03
1.163026463473215699e-03
1.194948423653841105e-03
1.083336549345403866e-03
1.196917321067303419e-03
1.177633967017754912e-03
1.171356317354366227e-03
1.229682593839243141e-03
1.037033705506473693e-03
1.210336171789094892e-03
1.080132502829656092e-03
1.073788036592304707e-03
1.185950613580644044e-03
1.092773128766566428e-03
1.109806512249633626e-03
1.244029891677200838e-03
1.198598352493718180e-03
1.107895362656563434e-03
1.148437859956175046e-03
1.168466714443638964e-03
1.210613985313102516e-03
1.144224975723773154e-03
1.169584773015230807e-03
1.106108975363895297e-03
1.205455331364646467e-03
1.161610172130167528e-03
1.199374499265104532e-03
1.118314079940319148e-03
9.768555872142314477e-04
1.139064005110412923e-03
1.155165367526933464e-03
1.094685256248340011e-03
1.215306052472442389e-03
1.098045194521546407e-03
1.103989360854029699e-03
1.169088692404329820e-03
1.120491168694570617e-03
1.161371043417602864e-03
1.156504679238423792e-03
1.178239862201735334e-03
1.064889726694673256e-03
1.058899960480630441e-03
1.110800181049853607e-03
1.037612813524901780e-03
1.077693514525890437e-03
9.879961900878698067e-04
1.104750833474099679e-03
1.148579915752634363e-03
1.088991691358387514e-03
1.062529202317818956e-03
1.057436811970546928e-03
1.078913285164162603e-03
1.047052739886567083e-03
1.088474626885727005e-03
1.073004840873181863e-03
1.089248951757326722e-03
1.100094558205455628e-03
1.073572435416281223e-03
1.136499905260279731e-03
1.093242893693968567e-03
1.146744127618149010e-03
1.027966011315584269e-03
1.048518577590584755e-03
1.000718900468200489e-03
1.104138104710727887e-03
1.097025536000728564e-03
1.036046640365384519e-03
1.090073637897148728e-03
1.071813137969002128e-03
1.103066373616456985e-03
1.025363098597153935e-03
1.099664915818720969e-03
1.076674519572406920e-03
1.000786095391958909e-03
1.069550466490909544e-03
1.080556202214211182e-03
1.086800254415720658e-03
1.023711619200184898e-03
1.085004062042571691e-03
1.028724201023578600e-03
1.084095943951979280e-03
1.102635258575901389e-03
1.010674034478142814e-03
1.065828814171254722e-03
1.100685930578038140e-03
1.042268762830644846e-03
9.666804107837378979e-04
1.012994180200621486e-03
1.069091958925127983e-03
9.876832307782023711e-04
1.047402829863131133e-03
1.087061059661209627e-03
1.039784867316484451e-03
9.647238359320909219e-04
1.012515451293438673e-03
1.081765559501946016e-03
1.077554799849167466e-03
1.102396636269986629e-03
1.097215199843049136e-03
1.042732840869575782e-03
1.056143158348277255e-03
1.058228575857356191e-03
1.025716919684782624e-03
1.026659714989364234e-03
9.299883851781487899e-04
9.988725651055574417e-04
1.042456412687897726e-03
1.013154425891116261e-03
8.144237683154643016e-04
9.364383644424378655e-04
1.028096629306674090e-03
1.020195870660245505e-03
1.025388407288119154e-03
9.598467557225375934e-04
9.990281891077757749e-04
1.047894259681925221e-03
1.050773961469531016e-03
9.767342125996947289e-04
9.859976940788327780e-04
1.017324358690529975e-03
9.930701053235679865e-04
8.377414371352643208e-04
1.033577456837520003e-03
1.015181076945737091e-03
1.028536458034068389e-03
9.986763820052147779e-04
9.512087475741281889e-04
9.409588936250656410e-04
9.661639749538152976e-04
1.003663172014057636e-03
1.026591245317831679e-03
9.498427330981940248e-04
1.002040260937064973e-03
1.046439784113317815e-03
8.253764593973755620e-04
1.059219345916062637e-03
9.321053104940802293e-04
9.821072861086576743e-04
9.327161475084722259e-04
9.668136306572705074e-04
9.137031796853989146e-04
9.506220463663339832e-04
9.691053244750946326e-04
9.694135282188653729e-04
9.416541957762092569e-04
9.554817806929349899e-04
1.034313905984163371e-03
9.270743525121360800e-04
9.700529975816607258e-04
8.773767156526445909e-04
9.378432994708418412e-04
9.330009459517895742e-04
9.296139003708958192e-04
9.826575987972319126e-04
9.361569274915382700e-04
9.084972203709185340e-04
9.802513173781334486e-04
1.006577379303052978e-03
9.273154486436396620e-04
9.956551657523959875e-04
1.009597931988537225e-03
8.667077287100255706e-04
8.457469783024861975e-04
9.956025518476963911e-04
9.694326377939433076e-04
9.748032956849783442e-04
9.767123556230217218e-04
9.603162499843165712e-04
9.058992669451982000e-04
9.967690159101039605e-04
8.100935490801929994e-04
8.703504339791834138e-04
9.606158011592925029e-04
9.614776237867773013e-04
9.698060166556388140e-04
8.847164979670196338e-04
9.926677681505679217e-04
8.969916321802884557e-04
9.634173708036542156e-04
8.841590431984513564e-04
9.805978392250836763e-04
9.655150817707181411e-04
9.251082141418009780e-04
9.369283798150718212e-04
9.037213050760329203e-04
8.383775420952588320e-04
9.226275724358856678e-04
9.436632215511053367e-04
9.332771529443562248e-04
9.648848732467740991e-04
8.602080313721671267e-04
8.932189375627785921e-04
8.493136789184063890e-04
9.298406366724520922e-04
9.537361504044384198e-04
9.446029376704246023e-04
9.315859992057084820e-04
8.988966757897288041e-04
9.699076297692954107e-04
9.422842675121500654e-04
8.639829815365373871e-04
8.842666051350533745e-04
8.776338305324316242e-04
9.589128108927980282e-04
9.196617873385548158e-04
9.321874822489917278e-04
8.748754102271049998e-04
8.946800837293267684e-04
8.893421734683215184e-04
9.064656042028218508e-04
9.258571546524763541e-04
8.458444732241332748e-04
7.526543951826170521e-04
9.040512639330699606e-04
8.793800952844321728e-04
8.702450199052691243e-04
8.575686137191951058e-04
9.700203023385256746e-04
8.435263240244239786e-04
8.586136566009372906e-04
8.643028995720669627e-04
8.604885428212582848e-04
8.492709253914654472e-04
7.744448375888168812e-04
8.085760578978806951e-04
9.058627299964427514e-04
8.221893222071230412e-04
9.044882317539304495e-04
9.072084911167621179e-04
8.336616301676258445e-04
9.513571159914136367e-04
9.321583667770028548e-04
9.227892791386693499e-04
9.443924995139241002e-04
8.774475543759762807e-04
8.906275150366127057e-04
8.768969564698636532e-04
9.206088434439152479e-04
7.852071430534124374e-04
9.001086524222046354e-04
8.233428583480417512e-04
9.248465008568018892e-04
9.413676743861287832e-04
8.751726767513900778e-04
8.877778571331873102e-04
8.923541230615228198e-04
8.972664712928235314e-04
8.903021342121064229e-04
9.136558684986085133e-04
9.049670246895402453e-04
8.709902409464121082e-04
8.758607349591329477e-04
8.969637798145413616e-04
8.644741377793252251e-04
8.346925693331286528e-04
8.107091591227800088e-04
8.053740428294986053e-04
9.065857157111167908e-04
8.448445994872599406e-04
8.344853064045310237e-04
8.397411496844142459e-04
9.093933622352778912e-04
8.524740464054047845e-04
9.057070274138823152e-04
7.907720457296818928e-04
9.504557820037007332e-04
8.686534943990409591e-04
8.605489478213712356e-04
8.627035887911916213e-04
9.130286809522659020e-04
9.191431920044124560e-04
9.161574882455170588e-04
8.071780437603592439e-04
8.627533505205064578e-04
8.320989581989124417e-04
8.790393185336142778e-04
8.853154751705006199e-04
7.536610442912206271e-04
9.012220485601574399e-04
7.292108202818781137e-04
8.785694721154868386e-04
8.257984416559338136e-04
8.501623931806534095e-04
7.890460838098078966e-04
8.935606572777032418e-04
8.935501798987388177e-04
8.648768067359924533e-04
8.210180676542222500e-04
8.474216214381158135e-04
8.918678096961230473e-04
8.264747564680873914e-04
8.670117240399122238e-04
7.664521632250398614e-04
7.517264632042497830e-04
8.272643957752734206e-04
6.903797475388273597e-04
8.220156887546181679e-04
7.681719667743891694e-04
7.469544449122622826e-04
8.122121973428875642e-04
9.081788652110844634e-04
8.501867181621491692e-04
7.789816678268835165e-04
8.427759923506528573e-04
8.234447450377047062e-04
8.613022859208285592e-04
8.237042406108230136e-04
8.211041247704997225e-04
8.681089297169819257e-04
7.768467417918145873e-04
8.815915731247514703e-04
8.382379630347714262e-04
8.203916542697698312e-04
8.757609408348798969e-04
8.379286882700398564e-04
8.219248033128678582e-04
8.477395575027912421e-04
8.441105892416089773e-04
8.697560115251690149e-04
8.570837031584233262e-04
7.980196154676377556e-04
8.247428631875663996e-04
7.809499162249267318e-04
7.897256407886743112e-04
8.716594311408698559e-04
7.722677430137992339e-04
8.322961715748533390e-04
8.655672747408971624e-04
8.622728928457945585e-04
8.408979774685576558e-04
7.706326548941432996e-04
7.675850065425038338e-04
7.501865795347840028e-04
8.535235188901424625e-04
8.307355834404006817e-04
7.790539646521210237e-04
7.209603558294474862e-04
8.058313513174652620e-04
8.071389922406524853e-04
7.767053321003913879e-04
8.441259735263884501e-04
8.382902335142717199e-04
8.410731970798224211e-04
7.897977367974818187e-04
8.316293358802794976e-04
7.886907347710803368e-04
8.902550558559596755e-04
7.807891903212294199e-04
8.017060405109077909e-04
7.793767290422692895e-04
8.003683324204757810e-04
8.419332560151814981e-04
7.979374669957906441e-04
8.282835944555700259e-04
7.946516852825880051e-04
7.660989183932542367e-04
7.349966443143784566e-04
8.283506962470710061e-04
7.855850475607439659e-04
7.389980601146817207e-04
8.003009163076058464e-04
7.863851264119148038e-04
7.855393283534795263e-04
7.676858134800568006e-04
7.807333546224981763e-04
7.459084998117759390e-04
8.372825424885377722e-04
8.189133572159334800e-04
7.719813933363184116e-04
8.264328120276331685e-04
8.477340161334723234e-04
8.072281838394701264e-04
8.259632973931730010e-04
7.752741046715527339e-04
7.913242152426391840e-04
8.393740165047347979e-04
7.098354544723406434e-04
7.473581295926124074e-04
8.212209126213565252e-04
7.375711691565811200e-04
8.083939552307129123e-04
7.164176087826490836e-04
7.542781619122252085e-04
8.008575212443247004e-04
8.106075139949098663e-04
8.073163335211575031e-04
8.384225075133144855e-04
8.011514757527038889e-04
7.868504239013418338e-04
8.085752022452652021e-04
8.134535048156977134e-04
8.235510147642343803e-04
8.079966937657445669e-04
7.997829001396894238e-04
7.110577338607981584e-04
7.996811124030500867e-04
8.038813248276710510e-04
7.922989840153604963e-04
7.243585423566401005e-04
7.894097128883003972e-04
7.257101591676473401e-04
8.142910926835611029e-04
7.840907084755599932e-04
6.588204530999064012e-04
7.482024724595248482e-04
7.949507358716801026e-04
7.796382240485399528e-04
7.061049283947796063e-04
7.850772846722975807e-04
7.244528969749808311e-04
7.924378704046830101e-04
8.365190617041662769e-04
8.063328801654279449e-04
8.172490721335634806e-04
8.226631383877247355e-04
8.089550479780882814e-04
6.875941180624067783e-04
7.649716280866414309e-04
7.167790638050064878e-04
8.196471288101747198e-04
7.891187968198209567e-04
8.519066381268203042e-04
7.659560273168608329e-04
7.988259894773364067e-04
7.832841714844107411e-04
7.976625958690420227e-04
7.169352786149830060e-04
8.317003492265939279e-04
7.718071457929909663e-04
6.553946353960782073e-04
7.691445993259548924e-04
6.683074054308236079e-04
7.983027870068326159e-04
7.975218468345701694e-04
7.363289158092811270e-04
7.342701806919649460e-04
8.010250574443488879e-04
7.018059812253340645e-04
7.252798648551106019e-04
7.574035087600349946e-04
7.974803913384676413e-04
7.611022592755034566e-04
7.835264084860682054e-04
7.885804632678627534e-04
7.773928169626742818e-04
7.282892358489335017e-04
7.481299922801554420e-04
6.520170747535303669e-04
7.547074666945264177e-04
8.062243548920377655e-04
7.117791508790105148e-04
7.773697259835898443e-04
8.034665515879169106e-04
7.605769002111628868e-04
6.997055286774411364e-04
7.903858524514362650e-04
7.522355881519615650e-04
6.898150022607296705e-04
7.753781799692660136e-04
7.239696977194398208e-04
7.504698936827480576e-04
7.787055132212117097e-04
7.868140062782913013e-04
7.261635357281193571e-04
6.914621015312149687e-04
7.452974881744012020e-04
6.987442146055399938e-04
7.440818881150335073e-04
7.169740798417479017e-04
7.596640905831008716e-04
7.924478093627839847e-04
7.360640360275283239e-04
7.992166967596859174e-04
7.709353259997442798e-04
8.103684143861755512e-04
7.906109385658055544e-04
7.030030013993382237e-04
7.630745240021497011e-04
7.261401100549846671e-04
6.850976671557873921e-04
6.771785556338727474e-04
6.835893844254314466e-04
7.558729848824441433e-04
7.248085516039281867e-04
7.287214393727481365e-04
6.876024825032800002e-04
6.948119000298902826e-04
7.203235320048407154e-04
7.764980720821768479e-04
6.811448518419637842e-04
7.078894763253628991e-04
7.669510727282613299e-04
7.858119584852829792e-04
7.695146254263818047e-04
7.212986180093139627e-04
7.206525595393031402e-04
7.319090596865862825e-04
7.137800479540601156e-04
7.511561969295143647e-04
7.972446997882798531e-04
7.086165016517043547e-04
7.705225230893120386e-04
7.902194367488846617e-04
8.089875947916880684e-04
7.685577467782423334e-04
7.669719052501022816e-04
6.991045520408079028e-04
7.812381081748753786e-04
7.520881219534203844e-04
7.290330511750652952e-04
7.757820130791515112e-04
7.575753988930955529e-04
6.898095336509868936e-04
7.374754350166767836e-04
7.236191100673750260e-04
7.692232728004455133e-04
7.046151935355737589e-04
7.745572482235729261e-04
7.626182487001642585e-04
7.295021961908787923e-04
7.419560279231518507e-04
7.591467758174986081e-04
7.637836737558245442e-04
7.466641080100088878e-04
7.872476475313305638e-04
7.561814709333702922e-04
7.079710660036653714e-04
7.735696912277489684e-04
7.300951547222211957e-04
7.032508903648704724e-04
7.474740967154502435e-04
6.404512387234717607e-04
7.003719365457072854e-04
7.023187325103207989e-04
6.989238201640546756e-04
6.995046045631170056e-04
7.569499401142820282e-04
7.347540988121182160e-04
7.684473006520420096e-04
7.426505500916392045e-04
6.327181181404739618e-04
7.030987675534561060e-04
7.937121263239532709e-04
7.729817822109908082e-04
7.395331311272456808e-04
7.238793710712343671e-04
7.378213806077838378e-04
7.487596943974494717e-04
7.697386201471090750e-04
7.692519458942115741e-04
7.456151390215382414e-04
6.999375123996287801e-04
7.435288280248641968e-04
7.549869595095514817e-04
7.429234683513641357e-04
7.148460746975616054e-04
7.474970392649993084e-04
6.873176898807287216e-04
7.811025745468214588e-04
6.870685960166156075e-04
6.995715870289131782e-04
7.113942061550915458e-04
6.445532431825995662e-04
7.533950032666325352e-04
6.743491394445300102e-04
7.250298192957415743e-04
7.137958979001268961e-04
7.609139254782348438e-04
6.364817207213490768e-04
7.019016746198758049e-04
6.459513038862496831e-04
7.530536327976733663e-04
6.755750655429437757e-04
7.108880265150219636e-04
6.558386812685057521e-04
7.412039791233837821e-04
7.434569299221039252e-04
7.371376384980976148e-04
7.165576040279120424e-04
6.942612089915201068e-04
6.625224923482164741e-04
6.542952789459377961e-04
6.740442040609195828e-04
7.487043680157512210e-04
7.637602364411577149e-04
7.397654611850157163e-04
7.604383223224431493e-04
6.832321174442768314e-04
7.616534567205235362e-04
7.192427321569994526e-04
7.274282805155962272e-04
7.191600161604583263e-04
7.034336915239692168e-04
7.473787671187892123e-04
7.316230272408575036e-04
7.602269062772393660e-04
6.590706267161295035e-04
7.237350364448502660e-04
6.657427264144643708e-04
7.019214826868847013e-04
7.136842294130473895e-04
6.776228256057947874e-04
7.272712449776008508e-04
7.071816769894212051e-04
7.455588784068822861e-04
7.235889206640422344e-04
7.665782643016428189e-04
7.105869794031604908e-04
6.879661057610064311e-04
7.018993695965036533e-04
7.322681340156123042e-04
7.067593222018330856e-04
6.911244185175746462e-04
7.596801588078960776e-04
7.060527335852384350e-04
6.532601080834865136e-04
6.316706829238682552e-04
7.540348189650103884e-04
7.343181379837915735e-04
7.468943163985386708e-04
6.821097864303738096e-04
6.519967806525528648e-04
7.049514359096064730e-04
6.213363667484372854e-04
6.985358806559816437e-04
