2.868406740682465789e-02
1.285181672179273177e-02
1.083738540432282842e-02
9.252025399889264590e-03
8.117812373010175123e-03
7.795206597074865948e-03
7.091310121385114608e-03
6.467290748176830056e-03
6.277988618239760572e-03
5.849182658961841336e-03
5.585783068090677608e-03
5.202925597716655422e-03
4.833488997870258146e-03
4.623936888362679791e-03
4.351922104667340155e-03
4.244469631729381326e-03
4.252821705969316371e-03
4.167427880955593654e-03
3.927200796481754297e-03
3.845436614938080311e-03
3.738659673503467052e-03
3.696564039481537670e-03
3.434805665165185928e-03
3.416599482963127588e-03
3.339555427165968090e-03
3.341209974938205186e-03
3.203285721662853334e-03
3.105444218298154032e-03
3.073585332770432943e-03
2.942816118177558893e-03
3.005344284299228761e-03
2.945285283827355893e-03
2.974125975742936308e-03
2.861680293322674002e-03
2.870885469019412821e-03
2.841681927176458421e-03
2.760787115299275993e-03
2.709065823416624899e-03
2.717354567721486092e-03
2.603987797296473082e-03
2.515211964159139515e-03
2.590071519703737290e-03
2.482517070270010354e-03
2.445914955543620345e-03
2.506489492952823726e-03
2.364902424493006174e-03
2.387087316518383528e-03
2.266215752544147467e-03
2.249793911219707693e-03
2.277742189887378959e-03
2.217727254277893512e-03
2.203104891149061228e-03
2.277221371020589531e-03
2.223693898745945398e-03
2.172783020484660155e-03
2.128500661014446054e-03
2.000231907836028458e-03
2.020546308319483460e-03
2.103199201103831979e-03
2.100941016604857946e-03
2.073728615817214873e-03
2.014172790638570076e-03
2.036152197979390534e-03
2.026021191185074094e-03
1.934415383064853368e-03
2.005916571111551229e-03
1.856757768629384861e-03
1.955294554188315246e-03
1.891913409677467139e-03
1.917367624784154650e-03
1.929678999087107959e-03
1.797823775892279071e-03
1.809608913026750001e-03
1.818412662084613633e-03
1.872137353555964516e-03
1.791244554000773637e-03
1.717908297931509303e-03
1.740469387732446107e-03
1.765922094429177866e-03
1.820603630039840893e-03
1.814185044661696493e-03
1.681580851852361664e-03
1.749526192101516931e-03
1.685648356630865992e-03
1.719978242181241469e-03
1.659579117715890857e-03
1.677560205903968604e-03
1.684127239111278844e-03
1.683102361857890996e-03
1.626694416959903163e-03
1.635644960749362128e-03
1.625761604269168213e-03
1.584911642463079527e-03
1.629678163278315854e-03
1.572947021174643739e-03
1.557973015587776986e-03
1.574487280699291350e-03
1.510956944964294028e-03
1.532598185752119231e-03
1.478307193610817151e-03
1.524071742980075790e-03
1.518342406156339896e-03
1.467205908349049912e-03
1.489326593998287424e-03
1.526426292756306174e-03
1.499898241101098881e-03
1.470842325527753174e-03
1.460473098060382190e-03
1.480117669728185431e-03
1.495936190310333475e-03
1.421442830802074463e-03
1.465674123859831172e-03
1.441364627264972269e-03
1.457943188558731736e-03
1.427498223659183323e-03
1.444259987744901967e-03
1.382639290698404761e-03
1.411225611809641036e-03
1.426990140628601805e-03
1.391131771794919519e-03
1.416864966241908851e-03
1.371056619765503078e-03
1.353775270815406545e-03
1.404756277666560161e-03
1.311829175600515932e-03
1.343989704868623182e-03
1.368485101764755490e-03
1.342936601888920518e-03
1.346376243912215769e-03
1.344928908760526258e-03
1.378084411511996043e-03
1.332375939403261352e-03
1.345533947460353331e-03
1.367698233973767101e-03
1.298305585182138889e-03
1.308755037773932624e-03
1.297454477753490166e-03
1.326257078575768678e-03
1.327638883542801547e-03
1.304423310128705786e-03
1.233518582635692151e-03
1.316866541414388669e-03
1.278353627172431695e-03
1.269730356787996664e-03
1.279999329043286088e-03
1.252911123447120146e-03
1.306522867110158697e-03
1.285538514743425967e-03
1.285692041606775271e-03
1.268007163889706091e-03
1.248188049066811713e-03
1.252524119003542782e-03
1.247116419420178429e-03
1.258156975797776640e-03
1.247810149964477273e-03
1.269032225744532675e-03
1.242549712437071921e-03
1.244424406572111966e-03
1.233461366168090356e-03
1.190570429233568130e-03
1.195303546929998026e-03
1.204059206481490922e-03
1.205999806656369222e-03
1.176404918078333226e-03
1.157494755794427274e-03
1.148347243932741060e-03
1.179442361795476554e-03
1.187157200183719310e-03
1.119189365168235094e-03
1.160644500383308962e-03
1.149538330667252990e-03
1.161797812008964195e-03
1.128834653978369072e-03
1.153691468893417241e-03
1.177205213545156346e-03
1.164304792681442741e-03
1.105094977122332307e-03
1.132856592136834368e-03
1.162419251964560583e-03
1.132670349241899624e-03
1.146674412302672776e-03
1.094137473098401618e-03
1.176655378990939735e-03
1.102718649365540000e-03
1.117091650875019207e-03
1.143816028655107557e-03
1.106235656022493390e-03
1.136646103779120117e-03
1.110349267920745326e-03
1.097591232974082275e-03
1.127310745817209931e-03
1.101372267917863010e-03
1.115095194628728257e-03
1.127977321656154679e-03
1.093306893017142924e-03
1.053891680203378157e-03
1.085634655984384685e-03
1.077967843905623538e-03
1.071753628951098176e-03
1.085778986037309662e-03
1.028263449968237981e-03
1.094272519860948860e-03
1.081413176975080026e-03
1.038770999626389534e-03
1.069964395303811240e-03
1.054665576832901092e-03
1.042650191811844620e-03
1.103647204581648198e-03
1.041281532629259945e-03
1.065606437623500781e-03
1.068669486059142110e-03
1.056012582765625957e-03
1.057522617546575484e-03
1.041130640078335957e-03
1.004623679909855041e-03
1.034169998352548999e-03
1.001217720996854660e-03
1.024727906665897758e-03
1.017468873344893904e-03
1.076417429638760418e-03
9.966391130417052383e-04
1.007103785273752135e-03
1.048664191538201899e-03
1.045879564480856148e-03
1.027769611183820125e-03
9.938393586448261274e-04
1.017266601723219605e-03
1.015457592438906518e-03
9.779914091008583277e-04
1.000593251748276664e-03
9.860194604178623441e-04
1.010319321150226178e-03
9.868843123383287501e-04
1.012262062535488174e-03
9.879680649776544261e-04
1.028077888934473844e-03
9.827625937759876685e-04
1.003533578477799979e-03
1.015634615240352439e-03
9.738459684220807924e-04
9.740092284378728572e-04
1.014117599697783546e-03
1.003498831830386710e-03
9.392859256227634309e-04
9.486878889479807972e-04
9.884878435903892997e-04
9.746721213949577746e-04
9.286621452442236782e-04
9.786699474456587566e-04
9.827015281189232631e-04
9.613869986164250668e-04
1.000214817966999827e-03
9.703625924885273197e-04
9.702416560945233788e-04
9.700612073564636320e-04
9.653111479045557372e-04
9.539175845150436612e-04
9.340223548601248559e-04
9.400511692677225757e-04
9.839986642223915326e-04
9.511181169987789749e-04
9.599522255094987975e-04
9.127231938431837419e-04
9.578250124052698844e-04
9.560115502348968085e-04
9.470105703387941788e-04
8.962001102710408793e-04
9.342249848746827763e-04
9.821935232529150836e-04
9.227912108014736702e-04
9.340413696398692069e-04
9.240268579950289664e-04
9.592669999359973530e-04
9.186631883494556167e-04
9.088841666068349845e-04
9.144399539634053041e-04
9.410109894815831943e-04
9.530562184019280300e-04
9.211266596269394175e-04
9.290696013652320574e-04
9.059773175977170901e-04
9.223236253352037157e-04
9.338706515596381132e-04
9.362951893958130177e-04
8.994617507726486395e-04
8.818908453187239557e-04
9.105549426749349074e-04
8.707635495479085740e-04
8.568030998243816735e-04
8.980941925463932149e-04
9.020387328096798798e-04
9.082310425583273172e-04
9.247116827672081582e-04
9.092155511357954229e-04
9.108936039930476012e-04
8.807328446502132261e-04
8.842590896944915041e-04
9.123203369589255986e-04
8.544724501137222284e-04
9.094235952943563678e-04
9.016609343234449842e-04
8.684708919775273057e-04
8.647635421116969508e-04
8.423022875961448837e-04
9.185178845655172846e-04
8.903227372294557915e-04
8.407550689298659346e-04
8.783967841217028274e-04
9.033135570851820104e-04
8.585882364838783509e-04
8.902592559544635856e-04
8.739666065334209281e-04
8.725496890422488466e-04
8.444620379512863531e-04
8.643713047994034445e-04
8.497284251331750898e-04
9.068258988138820382e-04
8.703136849882346995e-04
8.642588401146765204e-04
8.579554959266845731e-04
8.460888431207942576e-04
8.630460078295851961e-04
8.836542996245303665e-04
8.437453004132423710e-04
8.583546025745038320e-04
8.163049966762108648e-04
8.393253482479069976e-04
8.556486273716603502e-04
8.510532664201621343e-04
8.365607288266930890e-04
8.435463823843747377e-04
8.257035947670894258e-04
8.528240207981850791e-04
7.757241505065134903e-04
8.635563243712697772e-04
8.267798319658530145e-04
8.079808313466076836e-04
8.615182022497589603e-04
8.728304162754544314e-04
8.450580228652272751e-04
8.680781557424260006e-04
8.766591573865818591e-04
8.316015009768307209e-04
8.294596103951334736e-04
8.554742172626512856e-04
8.203027811500110704e-04
8.534920102517519957e-04
8.116799647853310991e-04
8.586621851593787685e-04
8.306337861410741140e-04
8.382132742553949573e-04
8.272214343638292474e-04
8.136251833223338793e-04
7.947229888356690392e-04
7.887767087335564734e-04
8.558266871010086459e-04
8.004461198912135068e-04
8.432322921830096322e-04
8.181670056988618080e-04
8.459717925039252724e-04
8.137755977389003487e-04
7.702446301534240231e-04
8.031357994436153251e-04
8.323679079434701715e-04
8.179310584507350690e-04
8.164703771139362369e-04
7.721011560144168525e-04
7.914405490737408183e-04
8.459796247604702045e-04
8.021692396141588471e-04
8.200552098319998469e-04
7.902914425358176015e-04
8.078846930792289152e-04
8.212089156066732995e-04
7.959629608584301410e-04
8.307893444517893203e-04
8.022480353247374730e-04
7.724809094465204555e-04
8.161489801880504559e-04
7.831992797686584832e-04
7.961500461013722033e-04
7.957869325764477470e-04
7.704784361911671750e-04
7.565456974719252277e-04
8.184223676965172957e-04
8.022547017649881004e-04
7.719808249800865418e-04
7.863976759836077256e-04
7.973105447100741058e-04
8.193505894658820784e-04
7.940765262381838932e-04
7.982733983746064747e-04
7.754343703189598260e-04
7.551100371139390097e-04
8.043738722335547426e-04
7.802565889765641395e-04
7.943415132883403828e-04
7.956556659857077010e-04
7.549639275696660295e-04
7.774664762629461675e-04
7.740193420821534333e-04
7.755988468748650040e-04
7.871655564356062939e-04
7.849594769400677387e-04
7.395523824795548467e-04
7.715421828574368273e-04
7.498493517882057939e-04
7.785033617567802900e-04
7.717899454291910367e-04
7.791667627835912550e-04
7.382572936226746525e-04
7.849334971979260878e-04
7.444176781323871969e-04
7.597692967725119297e-04
7.611329999885388907e-04
7.526237575802951617e-04
7.783172535710036538e-04
7.941184515532638717e-04
7.546183071099222140e-04
7.538180690192218276e-04
7.828816181115273764e-04
7.565186974326414474e-04
7.613432510489864411e-04
7.678311027120799043e-04
7.641837383354348765e-04
7.453346525185875057e-04
7.862552759304110338e-04
7.476326818245329501e-04
7.657485207476253742e-04
7.567525891188000425e-04
7.514803820023579226e-04
7.547332323156296773e-04
7.693646242842077992e-04
7.401199188149932932e-04
7.465760389875088481e-04
7.016213303099252821e-04
7.559417738645736505e-04
7.617768573774290689e-04
7.505827466957271316e-04
7.541047359284545849e-04
7.013011773649071440e-04
7.788597855583897318e-04
7.623252442239650565e-04
7.336574282297598929e-04
7.634328561834990761e-04
7.707307007097240377e-04
7.358943544594305150e-04
7.462391962430307184e-04
7.419114350341260650e-04
7.608270655120058122e-04
7.670214316541594654e-04
7.320115667036069694e-04
7.416650453316314283e-04
7.259324084900851699e-04
7.390146201942116022e-04
7.240344304591417746e-04
7.572806032840162082e-04
7.354290765111468195e-04
7.588081510870584761e-04
7.359296299650201116e-04
7.408418019102620475e-04
7.642296209399188989e-04
7.252194170307900379e-04
7.599830868587429539e-04
7.109067643926079939e-04
7.023593352641910315e-04
7.384868978988379674e-04
7.452276285870798470e-04
7.436634349038026255e-04
7.144466258718498806e-04
7.397833446572934157e-04
7.492786780598439814e-04
7.236946099770388092e-04
7.363949578055845437e-04
7.038078254221805628e-04
7.492372217322034898e-04
7.615566910577140211e-04
7.066132725282971627e-04
7.378823963725672898e-04
7.276885502506047270e-04
7.565663104677307002e-04
7.397202234382607581e-04
7.067079971810536539e-04
7.443688718402492180e-04
6.859057034099740394e-04
7.120490207203797025e-04
7.308132888283580108e-04
7.104912248905748563e-04
7.355159298250718179e-04
7.229194760189524812e-04
7.309923696863863994e-04
7.124932424630969329e-04
7.359331515285053764e-04
7.247688805884016598e-04
7.145150348411075233e-04
7.228909384658826001e-04
6.981449376326053901e-04
7.235534622200898288e-04
7.257390534505248070e-04
7.154301357721644253e-04
7.017764770093240598e-04
6.898486920233283569e-04
7.288900012749114331e-04
7.247085416955607092e-04
7.336053315417042676e-04
7.187774529614087034e-04
7.422519082735691814e-04
6.720342706622821479e-04
7.284179205141429669e-04
7.259198522660881064e-04
7.194696484865354454e-04
7.542575135760541194e-04
6.962882163601794320e-04
7.164375232865235945e-04
6.837580544275365015e-04
7.013758960446077198e-04
6.977439242681222334e-04
6.915296486113220670e-04
6.853482702613941137e-04
6.865539039219064124e-04
7.101004527482602906e-04
6.820249213238380095e-04
7.087819336447864988e-04
7.104817536726062066e-04
7.312591528586511380e-04
6.715040911720799362e-04
7.097020595600562034e-04
6.906920453600053772e-04
7.103173378189759409e-04
7.106056129227259236e-04
7.076871506537177206e-04
6.826024402731231157e-04
6.727889163552650074e-04
7.023852210425372790e-04
7.100642143216516228e-04
6.583534339110234078e-04
6.662861044917788196e-04
7.030525319610855502e-04
7.184035518938409028e-04
7.100766848972333515e-04
7.017547131649084927e-04
7.076243387668260196e-04
7.019067324498402252e-04
7.045661473447191112e-04
6.902234878257981028e-04
7.084303161328924523e-04
6.908291460214448362e-04
7.259354560769029499e-04
6.944795579849077525e-04
6.610128845620367836e-04
6.797657023915754928e-04
7.010761116232190442e-04
6.878354154261095586e-04
7.048286838523511654e-04
6.797481394772019077e-04
7.033948595302977206e-04
7.091210240365139385e-04
7.009667460806667805e-04
6.765684811398386955e-04
6.815231080898749008e-04
7.075119539097483607e-04
7.022210272095564913e-04
6.883804636475230904e-04
6.746048357204667686e-04
6.785954764511967913e-04
6.993651123983519883e-04
7.006247976927885111e-04
6.744978907850704116e-04
6.758925322044108440e-04
6.650268466078808989e-04
6.914523895829915784e-04
6.807250735749091576e-04
6.956993668739285160e-04
6.574154897992100406e-04
6.784198165405541225e-04
6.905733591078647452e-04
6.831021497159131626e-04
6.679513907459164873e-04
6.650040666240134533e-04
6.780702130137277687e-04
6.488135658271078614e-04
7.053049505754772951e-04
6.524192185939423202e-04
6.435585599060037430e-04
6.939739221706985994e-04
6.881423485797963065e-04
6.840885151177644296e-04
6.809896806121936742e-04
6.952112083256777215e-04
6.616055383346974633e-04
6.721521727740764835e-04
6.596762429191065872e-04
6.496699036298586192e-04
7.015079367972378499e-04
6.493036710058471862e-04
6.918384535570761863e-04
6.365025399385818537e-04
6.487736885901540301e-04
6.670615527712341021e-04
6.751198313265506339e-04
6.787876008144979028e-04
6.480532107941273760e-04
6.532237973130706858e-04
6.462574645411222739e-04
6.509572317424629695e-04
6.641563244297036444e-04
6.726117230885262721e-04
6.854400645741927237e-04
6.637792219407856031e-04
6.654590409847775017e-04
6.548586226667144376e-04
6.560301657633057972e-04
6.983039834137474066e-04
6.868489552289247079e-04
6.569093417575849140e-04
6.458183126856705848e-04
6.567280223992253557e-04
6.775633265663470479e-04
6.780422026557581796e-04
6.628392064677817016e-04
6.646065041422844367e-04
6.514597160276025100e-04
6.275577162991144735e-04
6.219709317000316970e-04
6.460998215646083587e-04
6.736010088518794249e-04
6.610303210826324379e-04
6.291586764356387265e-04
6.639236750613365483e-04
6.718318593422217431e-04
6.433287119892027069e-04
6.789183701455060770e-04
6.388449633959681013e-04
6.565512997830020344e-04
6.514180759300611375e-04
6.133203768903123512e-04
6.741073414949433958e-04
6.540039579184459603e-04
6.318212578272713268e-04
6.607298822408275759e-04
6.491524300404957889e-04
6.406762595621071218e-04
6.548678560648113272e-04
6.574296866477067486e-04
6.636200223251112343e-04
6.148742220830171867e-04
6.350374090418752122e-04
6.157466734293848710e-04
6.501141669494765176e-04
6.563053690894905638e-04
6.568569465473826164e-04
6.508379850337015545e-04
6.648785002263528929e-04
6.410609099215694526e-04
6.336082346803908116e-04
6.607276063212858810e-04
6.603666597844235061e-04
6.638328661210835414e-04
6.417243658298892603e-04
6.150361175449298558e-04
6.526401915055300880e-04
6.640602767999683170e-04
6.222478346899152019e-04
6.412503874993750368e-04
6.481627085512237487e-04
6.500606192275881984e-04
6.494028934477162965e-04
6.010731590712177150e-04
6.461917755327053906e-04
6.393262309887046829e-04
6.454174839226262724e-04
6.155507048658494717e-04
6.266165566298046189e-04
6.219032819249800366e-04
6.477245869713701846e-04
6.056946785455303564e-04
6.407634213766348966e-04
6.525468621735593762e-04
6.531675470926399246e-04
6.251651743826056951e-04
6.400960547450398191e-04
6.174166769986706368e-04
6.402200778081481008e-04
6.338652680694524359e-04
6.179431536501007018e-04
6.393463616924626022e-04
6.557436185955469376e-04
6.096725385369999471e-04
6.349544282004768864e-04
6.584983701551598697e-04
6.190033787528850893e-04
6.558708123130989678e-04
6.324852093322468624e-04
6.312010768202266833e-04
6.112815105422798705e-04
6.243169382547161935e-04
6.347583723254502253e-04
6.443213679761226626e-04
6.308582852528031321e-04
6.196355289180896639e-04
6.543833313376775903e-04
6.119662222252893061e-04
6.209479162602552253e-04
6.169691931323281449e-04
6.124941731936165605e-04
6.325632200709411200e-04
6.456316581794194123e-04
6.351484035673950895e-04
6.243371121984507078e-04
6.344647155076797457e-04
6.170190471623624578e-04
6.106799135782889050e-04
6.167653906491717781e-04
6.193726473221821630e-04
6.556692075849111746e-04
6.239328841080091356e-04
6.026714283507317738e-04
6.292800743332398325e-04
6.255094643815287863e-04
6.070551096594759520e-04
6.437547904040132529e-04
6.344754315380538934e-04
5.875487013586930393e-04
6.308945303317159414e-04
6.218595189108912496e-04
6.106801089897219252e-04
6.375169539491513070e-04
6.375758941950542989e-04
6.359525457290666041e-04
6.315740573752139358e-04
5.920174090923475832e-04
6.186558731964656192e-04
6.153423962782004174e-04
6.268167477433702435e-04
6.282598046319825061e-04
6.268875058075147047e-04
6.316118008856262851e-04
6.312995384048138842e-04
6.398089354791279288e-04
6.237892683462372941e-04
6.239896099681833085e-04
5.962195623266910082e-04
6.106399116106331782e-04
6.077957730407693680e-04
6.128891803590314543e-04
6.245709065946617204e-04
6.325619694377694439e-04
6.067559106408484818e-04
6.019929216043758005e-04
6.229706358031502885e-04
6.286863262565540447e-04
6.183269691453980362e-04
5.986448585255337148e-04
5.794946087657340626e-04
6.160191717624131967e-04
6.317155086435378031e-04
5.900149832346609320e-04
6.112091625774545732e-04
6.090261416310178196e-04
6.119042052887379689e-04
6.413766607043466274e-04
6.085779451365982279e-04
6.292884662148675841e-04
5.750023826424564789e-04
6.342474371194839478e-04
6.475657074978309483e-04
5.956005654297769503e-04
6.233805773912796293e-04
6.295503799005277993e-04
6.011509161908179305e-04
5.966893014764147610e-04
5.938083415717950765e-04
6.434780878147908743e-04
5.893885241156178109e-04
5.974013266885387511e-04
6.136111457765634726e-04
6.326163062892321658e-04
6.187857294987354588e-04
6.183003408036061603e-04
6.182401424406894956e-04
5.986224560599242434e-04
6.149530918004788996e-04
6.060625368263572238e-04
6.146286597608455497e-04
6.224649359605141522e-04
6.225331536760288090e-04
6.146133104006627117e-04
6.167000758328607980e-04
5.965994654356369291e-04
6.185283751360007385e-04
6.088260494704757046e-04
5.909895915205457505e-04
5.838262141748731121e-04
6.152625719550997019e-04
5.826081323903053999e-04
5.785115420751806188e-04
6.127447754676853186e-04
6.135099426111472690e-04
5.749062593427620290e-04
6.128602395100253217e-04
6.194098212290554805e-04
6.000936679941203068e-04
5.996041482181421875e-04
5.900538484898529192e-04
6.188657176348247389e-04
5.952875470809106378e-04
5.921325188994939993e-04
5.905733768096459299e-04
5.982926722416388168e-04
6.015729633093412371e-04
5.916005848640842066e-04
6.005796462497008451e-04
5.915044441020914394e-04
6.116399034259042663e-04
6.041272693047566476e-04
6.061431585944124104e-04
5.881654555975858933e-04
5.905045553975338951e-04
6.173566715525728851e-04
6.280574673188051883e-04
5.962464592552610279e-04
5.929386151754962577e-04
5.995167070068418763e-04
6.188014671871704467e-04
6.015502772892691950e-04
6.115752305569393697e-04
5.996969753011529214e-04
5.732908279501966377e-04
6.030972024226294694e-04
6.038476621532546653e-04
5.892197909166238447e-04
5.950175466880734849e-04
5.969939404167235331e-04
5.717460747941264425e-04
6.065451240699205708e-04
5.587013654543885287e-04
5.935705840654139503e-04
6.060846033506094976e-04
5.906839239677147803e-04
5.872324217177395372e-04
5.974834177842630210e-04
6.011032366326876956e-04
6.060651844433908230e-04
5.709301854949444749e-04
5.771636197875653490e-04
5.952393270230719362e-04
5.828753438046468125e-04
5.991952826402016739e-04
5.904495183910642847e-04
5.777805145563823805e-04
5.991164736250149817e-04
5.642603450853909486e-04
5.642939533572644429e-04
5.910154498581375766e-04
5.728931631892919324e-04
6.025973624283713489e-04
6.024324567988515334e-04
5.781676179529832539e-04
5.960327240505388464e-04
6.054380126962703853e-04
5.869389070929693789e-04
5.992004464912627270e-04
5.898894725500472861e-04
5.858102439170968919e-04
5.978277784639171285e-04
5.885100940109363934e-04
5.638914307512874619e-04
5.823817004316619774e-04
6.037573912180960178e-04
5.805138340552470173e-04
5.769998566912753427e-04
5.982499428293002255e-04
5.908207602000662383e-04
6.027380137571266379e-04
