2.367563809826970234e-01
1.941350317001342696e-01
1.776409037411212921e-01
1.685000877827405874e-01
1.619408123940229427e-01
1.555807595327496629e-01
1.521547394245862939e-01
1.489398521929979347e-01
1.457749332860112101e-01
1.430938600376248371e-01
1.409330916218459739e-01
1.390473832748830296e-01
1.364482824690639862e-01
1.355151899158954509e-01
1.347322608530521493e-01
1.331856755167245832e-01
1.316437231563031551e-01
1.308348568715155258e-01
1.303352755121886808e-01
1.283318587206304096e-01
1.278991056606173515e-01
1.277475914172828131e-01
1.263480052538216158e-01
1.258177150227129393e-01
1.247347855940461187e-01
1.236732024326920448e-01
1.230698525160551088e-01
1.233986984565854095e-01
1.226829827763140229e-01
1.216530219465494222e-01
1.212391330115497046e-01
1.203194971755146975e-01
1.199559089541435281e-01
1.195044059120118629e-01
1.195324232801795034e-01
1.186097149364650216e-01
1.184336573630571376e-01
1.180571817979216565e-01
1.178464710526168358e-01
1.176206290908157759e-01
1.171026090905070288e-01
1.165416816808283323e-01
1.159894070029258706e-01
1.161047696135938112e-01
1.157313933223485941e-01
1.154793666675686808e-01
1.149637790955603117e-01
1.143780848756432572e-01
1.143632180616259569e-01
1.142609829455614040e-01
1.138906669057905691e-01
1.146592825837433327e-01
1.139511753246188197e-01
1.131124721281230455e-01
1.126931199058890387e-01
1.126049694791436129e-01
1.126272612996399441e-01
1.119300056435167806e-01
1.117144323512911791e-01
1.118960215523839008e-01
1.117302187718451079e-01
1.114506259933114030e-01
1.113263489119708516e-01
1.114049411006271806e-01
1.113331560790538771e-01
1.106013097241520943e-01
1.112623760662972972e-01
1.104641762375831587e-01
1.099996694922447255e-01
1.099601384159177575e-01
1.098041885718703259e-01
1.091998618002981009e-01
1.095156519114971194e-01
1.094995537959039256e-01
1.093414639867842236e-01
1.090498484857380379e-01
1.089059226680546971e-01
1.087265162728726919e-01
1.082765590026974617e-01
1.082474495470523851e-01
1.081193199008703282e-01
1.079255491495132446e-01
1.078309981524944311e-01
1.073329497501254032e-01
1.077731449715793183e-01
1.076844085007905988e-01
1.076445163041353237e-01
1.076490462943911486e-01
1.071059014834463557e-01
1.066950067970901667e-01
1.069123709853738585e-01
1.064198137074708894e-01
1.068317093700170556e-01
1.062795539014041446e-01
1.070381532795727231e-01
1.067772738635539981e-01
1.064761133771389701e-01
1.058945732936263096e-01
1.058868362102657612e-01
1.056935556791722824e-01
1.056484968122094886e-01
1.056529276072979001e-01
1.055829545482993154e-01
1.056541066244244542e-01
1.052944045141339241e-01
1.051268041133880671e-01
1.048873736895620801e-01
1.055766155943274470e-01
1.046597633324563570e-01
1.043213986419141287e-01
1.046688274294138021e-01
1.045640578866004894e-01
1.044087471067905448e-01
1.052096601761877553e-01
1.044430237542837842e-01
1.044552012346684905e-01
1.043345217593014268e-01
1.040060104615986303e-01
1.043652401864528650e-01
1.039121798519045126e-01
1.041407157108187737e-01
1.035057466663420189e-01
1.041051581874489762e-01
1.044605395197868297e-01
1.033730001002550192e-01
1.036322199739515837e-01
1.035587823577225203e-01
1.029898565635085084e-01
1.029650376178324195e-01
1.030283647496253313e-01
1.031707670912146574e-01
1.030414083693176469e-01
1.032500639837235223e-01
1.028247203677892657e-01
1.033549544867128078e-01
1.026345408800989345e-01
1.028612035233527483e-01
1.022132702916860592e-01
1.021533829998225035e-01
1.028178402502089722e-01
1.017891240678727577e-01
1.023789294436573960e-01
1.020854325778782351e-01
1.021341091766953535e-01
1.020783892273902926e-01
1.020704009197652279e-01
1.020970724336802971e-01
1.015062802843749584e-01
1.015906493365764662e-01
1.014870714023709264e-01
1.020208547357469853e-01
1.015348603669554012e-01
1.016471416782587789e-01
1.010000333748757861e-01
1.015004487894475421e-01
1.012311314046382971e-01
1.019452806748449847e-01
1.003721038624644235e-01
1.009540971368551310e-01
1.009245125204324689e-01
1.013668732158839736e-01
1.008719860110431910e-01
1.012387468107044664e-01
1.009705593343824120e-01
1.011613512039184620e-01
1.006591578014194993e-01
1.007334415614604961e-01
1.004398660361766754e-01
1.006093435175716838e-01
1.004525191616267021e-01
1.002245638519525528e-01
1.005286653153598248e-01
1.008258411101996960e-01
1.003523972816765253e-01
1.007209526188671544e-01
1.002190338168293254e-01
9.989319964312017019e-02
1.002221208717674061e-01
1.001169122755527496e-01
9.995191486552357230e-02
1.002208551205694687e-01
9.969381693750620221e-02
9.980855676345527783e-02
9.946180140599608643e-02
1.000636721029877635e-01
9.978859717026353215e-02
9.949896442703902444e-02
9.952537019737064949e-02
9.966074995696544425e-02
9.912007575854658858e-02
9.940529035404324643e-02
9.923716574907302801e-02
9.937747136689722982e-02
9.901332819834351984e-02
9.905571091920137294e-02
9.964024776592850241e-02
9.966260509565472159e-02
9.891778828576207327e-02
9.928785405121744179e-02
9.895274812355638050e-02
9.878093348816037456e-02
9.892331367358565830e-02
9.891393889673054385e-02
9.882914527319371090e-02
9.883764239028096366e-02
9.839700846001506185e-02
9.875454212538897769e-02
9.872253632172942051e-02
9.892732007429003160e-02
9.844573303125798980e-02
9.832848681136965863e-02
9.853539496660232433e-02
9.817616268061100937e-02
9.820729175582527948e-02
9.855538401752710065e-02
9.908195096999407314e-02
9.857804801315069032e-02
9.846842371858656462e-02
9.843093642964959034e-02
9.835934657603502551e-02
9.828169970773160957e-02
9.808878405950963164e-02
9.806364466436207072e-02
9.796667066402733881e-02
9.822161691263317507e-02
9.802973098121584017e-02
9.803023944608867113e-02
9.770498208701611231e-02
9.794171462766826375e-02
9.820816855877638474e-02
9.776621598750352693e-02
9.786298039369284441e-02
9.785652231425047420e-02
9.744290251284837279e-02
9.748516272753476875e-02
9.733839797787367798e-02
9.792019357904792332e-02
9.754404160194099505e-02
9.754782019183039221e-02
9.760234518907964785e-02
9.724036443978548161e-02
9.725294958800077827e-02
9.750641015358268993e-02
9.755996797233819351e-02
9.684604905545711462e-02
9.733266280964017469e-02
9.760459742508828529e-02
9.707124072127043535e-02
9.698927753604948132e-02
9.719955977052449625e-02
9.745238262228667070e-02
9.723354517482221682e-02
9.696905170567333976e-02
9.686110090464353228e-02
9.712006065063177873e-02
9.692444732412695829e-02
9.720188216306269169e-02
9.709452521987259332e-02
9.682948779314756726e-02
9.670822156593203434e-02
9.654163392260670107e-02
9.660219438374043066e-02
9.709138059988617342e-02
9.659905127249658607e-02
9.674498954787850991e-02
9.654265508055687173e-02
9.696932533755898975e-02
9.668048735707998609e-02
9.654857750982046016e-02
9.686518064700067043e-02
9.632963974960148668e-02
9.673601802438497321e-02
9.619812000542879438e-02
9.634176935069263537e-02
9.647854910232127323e-02
9.599309053272009340e-02
9.646880107000470328e-02
9.605795619077980851e-02
9.652100853621960186e-02
9.624831709079444131e-02
9.592552760615945251e-02
9.588993758894502617e-02
9.631229252554476816e-02
9.614760022610426005e-02
9.629336480051278735e-02
9.640381519682705846e-02
9.603452447801828773e-02
9.611490184441208451e-02
9.547042487189173754e-02
9.590539935976266639e-02
9.603762013837695288e-02
9.601651249453425907e-02
9.555356203578412033e-02
9.581676337867975346e-02
9.549004168249666802e-02
9.587225233204663133e-02
9.586846478283404804e-02
9.572607957758010044e-02
9.561991319991648697e-02
9.565063601359724554e-02
9.544553773477673642e-02
9.537386553362012243e-02
9.564123663119972196e-02
9.572354488074780177e-02
9.546337022446095555e-02
9.549583360552788003e-02
9.548668019473552371e-02
9.496305822394787710e-02
9.522415036335588057e-02
9.539383297786116489e-02
9.502107263542711180e-02
9.535146391019225232e-02
9.515167605131864825e-02
9.551089169457555039e-02
9.494518350809812157e-02
9.551863012835383471e-02
9.549939723685384185e-02
9.527669593691825978e-02
9.529611472040415421e-02
9.536595807410776227e-02
9.537950220517814326e-02
9.477140003815293090e-02
9.497145817615092189e-02
9.503164654597640038e-02
9.501966068521142117e-02
9.489551554434001723e-02
9.525064542889595531e-02
9.507389093749224473e-02
9.456690847873687467e-02
9.484457880258560791e-02
9.489756388589740133e-02
9.509256856516003220e-02
9.500487488694489557e-02
9.484309530816972811e-02
9.468049684539436850e-02
9.484810764901339952e-02
9.482468063943087777e-02
9.464266117662191447e-02
9.445402931421995052e-02
9.434242875315249077e-02
9.450733130797743520e-02
9.497819540090858548e-02
9.471486791037023178e-02
9.421275636181235258e-02
9.459959932602941823e-02
9.463913022540509923e-02
9.432419563643634763e-02
9.475135297514497568e-02
9.454936346039176376e-02
9.483742810785771027e-02
9.411105535924434162e-02
9.419246294535696395e-02
9.425892204977572020e-02
9.417760386131704409e-02
9.415305860340594801e-02
9.411945465952158141e-02
9.446562561206520159e-02
9.384338231757283211e-02
9.396234701387584654e-02
9.413953607901931475e-02
9.417172377929090843e-02
9.407928382977842618e-02
9.428535948507488218e-02
9.410838476382195339e-02
9.379148559644817640e-02
9.423929882235825006e-02
9.375340655446053051e-02
9.428326190449297373e-02
9.419504158198833965e-02
9.421076620928943435e-02
9.349152008071541509e-02
9.407818589359522032e-02
9.468176594004035218e-02
9.402020551264285431e-02
9.382585956715047693e-02
9.396492018364370480e-02
9.392296445555985140e-02
9.398842072114348134e-02
9.351969106122851039e-02
9.394394159317016879e-02
9.395501820370555368e-02
9.377675226889550797e-02
9.362190863117575423e-02
9.321177797392010689e-02
9.449376395903527626e-02
9.396475216373800787e-02
9.364429877139628100e-02
9.326489731669425354e-02
9.380285034887492213e-02
9.342350697144866101e-02
9.313780223950743342e-02
9.371360084973275051e-02
9.355178070254624445e-02
9.304664854891597781e-02
9.338575401343404692e-02
9.320693071000278607e-02
9.383302157744764782e-02
9.308954425156117096e-02
9.354732200503348971e-02
9.375953696668147541e-02
9.362687668763100546e-02
9.370474650524557303e-02
9.307078750804066714e-02
9.327216994948685225e-02
9.347545840777456150e-02
9.341241400688886365e-02
9.325660438276826836e-02
9.326051034964620567e-02
9.365670767612754855e-02
9.351165387779473981e-02
9.334833789616822641e-02
9.352143237367271933e-02
9.307471596635878697e-02
9.293468815274535944e-02
9.292732295580208302e-02
9.339683831669390313e-02
9.300465798005461138e-02
9.262228240258991996e-02
9.324014454148710218e-02
9.331192757003009541e-02
9.290980983525515269e-02
9.292139131575823108e-02
9.276505819521844998e-02
9.261487381532788887e-02
9.311838994733989683e-02
9.317190896719694526e-02
9.314070474356413165e-02
9.268681935966015251e-02
9.289515969343482837e-02
9.290993899106979315e-02
9.292681215330958477e-02
9.314867561683058683e-02
9.322102775797247443e-02
9.272937540896236674e-02
9.300876872614026458e-02
9.255068677477538974e-02
9.251314259134232887e-02
9.273722757585346754e-02
9.267522462643683345e-02
9.243429408408701531e-02
9.271787108853458970e-02
9.289190599694847894e-02
9.250806294381618000e-02
9.290611871518195120e-02
9.251741384156048076e-02
9.246003287844359320e-02
9.226752766408026496e-02
9.294609723612666519e-02
9.279927860945463847e-02
9.274841171689331143e-02
9.264183984138071870e-02
9.283283105120063161e-02
9.212458731606602835e-02
9.232230773195623796e-02
9.303745498880744424e-02
9.266382870264351646e-02
9.283869395963847970e-02
9.207093932665884328e-02
9.224571513943374823e-02
9.241575505584478933e-02
9.219625049270689654e-02
9.238169897347688064e-02
9.237233287654816882e-02
9.220370093360542862e-02
9.254409027285874501e-02
9.236519671045244351e-02
9.236821237020194364e-02
9.227841524407268126e-02
9.232935208827257323e-02
9.240823278203606772e-02
9.207789523527026843e-02
9.182698582299053669e-02
9.216995731927454805e-02
9.205842922441660747e-02
9.193944657221436723e-02
9.234035152010619529e-02
9.220913840457796440e-02
9.220754392445087988e-02
9.177172424271702600e-02
9.208260809071361352e-02
9.219551684334874320e-02
9.190533641725778802e-02
9.204411632381379049e-02
9.173450615257024154e-02
9.198220983147621654e-02
9.196336373686790633e-02
9.198769317008555213e-02
9.192826274782418816e-02
9.211414779536425401e-02
9.217226888984442201e-02
9.235496666282415335e-02
9.219014158472418896e-02
9.249982881359755660e-02
9.196766250766813533e-02
9.188588735647500172e-02
9.193783661350607428e-02
9.212796760722995193e-02
9.167684014886617883e-02
9.184753970243036969e-02
9.185050659812986351e-02
9.156323086470365136e-02
9.188647739589214658e-02
9.199154483154416140e-02
9.194271745160222109e-02
9.220669565722346139e-02
9.170912032946944292e-02
9.125873441807925979e-02
9.190023298375309124e-02
9.167501037940382902e-02
9.168762587942183573e-02
9.172230415977537799e-02
9.157505990006029051e-02
9.184804601594805107e-02
9.139706025831401126e-02
9.153307297267020137e-02
9.176797986030578447e-02
9.196572544053197018e-02
9.137763094156980959e-02
9.163466481491923388e-02
9.177371341735124366e-02
9.137902829796075432e-02
9.182343081571162080e-02
9.141603821888566461e-02
9.195020193234086647e-02
9.118472448550164755e-02
9.159750117920338608e-02
9.153277216479181744e-02
9.160676931031047632e-02
9.166734265163541118e-02
9.135990598239004945e-02
9.148266843520104497e-02
9.139644194394350163e-02
9.127376751042902414e-02
9.104123601689934064e-02
9.111188261769712082e-02
9.131470358930528219e-02
9.133174752816558550e-02
9.130201966501771960e-02
9.097222000360488670e-02
9.148326965048908521e-02
9.117311833426355872e-02
9.110423437319696560e-02
9.124656110070646087e-02
9.135565744712949299e-02
9.123746334575116856e-02
9.148460788652300335e-02
9.131214256398380302e-02
9.114562368951738269e-02
9.121119719929993153e-02
9.133722790516912715e-02
9.106027525849640092e-02
9.092133257538080604e-02
9.075826423242688845e-02
9.136754216626286063e-02
9.074037462472915594e-02
9.121060310862957876e-02
9.088215537369251362e-02
9.089462895877659099e-02
9.106659332290291398e-02
9.076967937871813219e-02
9.117080488242208791e-02
9.069847756065428646e-02
9.081792194396257067e-02
9.070463709533214958e-02
9.110197030939161389e-02
9.139097237959503683e-02
9.077606890350579938e-02
9.087846656329930106e-02
9.112842781469225606e-02
9.066214486956596097e-02
9.083583947271108017e-02
9.075559824705123346e-02
9.089750704355538391e-02
9.061329229734838009e-02
9.082104378379880771e-02
9.103148950263857675e-02
9.080709705129265397e-02
9.049128604121506325e-02
9.058503532782197221e-02
9.055784029886126962e-02
9.080333959311247261e-02
9.103775652125477291e-02
9.067802509292960389e-02
9.072325476445257386e-02
9.074801611714064520e-02
9.016270702704787254e-02
9.062161966226994769e-02
9.108944140374659881e-02
9.061797969043254575e-02
9.032718050293624124e-02
9.053619617596268820e-02
9.041616951115429013e-02
9.066324846819043271e-02
9.051216040737926349e-02
9.107612676918507011e-02
9.037128035910427237e-02
9.049003722146153894e-02
9.037415070459246802e-02
9.051619536243378505e-02
9.060846226289868965e-02
9.069393767043948396e-02
9.054627423174679834e-02
9.088220585137606056e-02
9.049048197455704379e-02
9.007965305820107849e-02
9.059328589588404312e-02
9.033754057250917291e-02
9.055035888217390083e-02
9.051211337558924541e-02
9.047794144600629362e-02
9.052100668661296201e-02
9.065883022733033092e-02
9.041464660316705926e-02
9.047088141553104312e-02
9.052136002108454593e-02
9.022838549688458332e-02
9.036076419986784070e-02
9.047453188337385710e-02
9.010474866256118487e-02
9.044118964113295744e-02
9.043586388230323569e-02
9.013336270116269200e-02
9.053023023530841484e-02
9.061785254627466313e-02
9.020053914748132895e-02
9.026177989318967532e-02
9.032129441387951041e-02
9.065790611319243797e-02
9.064930616877972525e-02
9.029660094529390335e-02
9.047818232327699273e-02
9.032074077986181060e-02
8.964527549222112146e-02
9.009027175605296978e-02
8.988516395911574919e-02
9.033344235271215106e-02
9.009462861344218199e-02
9.048144364729523992e-02
9.056983960792422406e-02
9.041463265195488763e-02
8.982297004200517909e-02
9.032889625057577421e-02
9.054313726723194067e-02
9.046283364295959473e-02
9.027483116835355315e-02
9.058188294060527668e-02
9.019587555900215881e-02
9.038388890214264781e-02
8.987966045737266763e-02
8.984358753077685555e-02
8.993504716083407236e-02
9.006641587242483760e-02
8.997264425270259935e-02
9.050252569839357941e-02
8.984796118922531993e-02
8.996958365663886015e-02
9.018383965827524162e-02
8.994955863803624774e-02
8.991659242659806595e-02
9.018040359951555451e-02
9.008635027334094270e-02
9.008568634279072451e-02
8.998531010933220886e-02
8.977076701819897142e-02
8.986689832992851568e-02
9.012422584928572733e-02
9.012343385256826878e-02
8.990415146574377847e-02
8.976365016773342476e-02
8.997858062386512867e-02
8.941552015021443645e-02
8.954533373005688079e-02
8.972204959020019244e-02
8.972166407853364445e-02
9.009479803033172696e-02
8.994698762893676980e-02
8.979154475033283844e-02
8.968647872097790241e-02
8.950556997209786758e-02
8.966588338837028216e-02
9.009692136198282908e-02
8.961510309018194675e-02
9.005717138759791740e-02
8.978497188538313301e-02
8.977924447506666072e-02
8.986744991503656244e-02
9.022379290312528000e-02
8.969688365235924110e-02
8.981525577604770882e-02
8.997408038005233477e-02
8.972576337866484952e-02
8.919381633400917664e-02
8.977473258972168413e-02
8.969874051399528980e-02
8.985369288362562989e-02
8.967424288392067400e-02
8.944255328737199529e-02
8.963615730404854431e-02
8.944711077958344969e-02
8.952906686812639458e-02
8.900518455542623386e-02
8.954036712646484819e-02
8.924535301513969454e-02
8.935389355756342966e-02
8.933598711155354977e-02
8.975148343481123558e-02
8.964897158555686085e-02
8.945136708207428178e-02
8.913041114807128407e-02
8.905077175237238740e-02
8.919259295798838416e-02
8.936131388880312609e-02
8.952756056562066744e-02
8.938188156113029137e-02
8.936148794367909654e-02
8.942163662053644047e-02
8.948253370821475372e-02
8.931061335839331206e-02
8.933595469221472518e-02
8.933471652679145225e-02
8.962937598116696436e-02
8.924844520166516637e-02
8.981674456037580523e-02
9.003398656845092163e-02
8.940305527299642618e-02
8.931745943613350613e-02
8.929455569013952654e-02
8.926390446722506922e-02
8.929733390919863956e-02
8.929769282229244043e-02
8.916609628126025144e-02
8.925404990091920232e-02
8.924450270831585375e-02
8.962992106564343642e-02
8.923611086793244163e-02
8.971097297035157681e-02
8.925508483313024377e-02
8.947871071286499223e-02
8.952022590674460489e-02
8.913850327022374009e-02
8.938390422612428610e-02
8.950716473162173559e-02
8.963804814033210500e-02
8.910608934238553602e-02
8.915228500962257829e-02
8.939655385911464414e-02
8.939300813712179605e-02
8.928628540597856322e-02
8.918400457128881909e-02
8.910856994800270270e-02
8.882864509709179068e-02
8.915628451853990777e-02
8.917966034263372088e-02
8.897562423720956071e-02
8.897605636157095155e-02
8.886072048917412203e-02
8.910790833644569031e-02
8.911429178901016102e-02
8.929382283240556994e-02
8.900692325085401979e-02
8.935337923467159826e-02
8.931794838048517926e-02
8.938135692849755176e-02
8.895190405659376964e-02
8.898990804329515170e-02
8.918236716650426721e-02
8.907904308289289752e-02
8.885733645409345238e-02
8.903235726058483790e-02
8.899795995093881529e-02
8.909488775767386570e-02
8.896278637461364769e-02
8.912584648467600235e-02
8.883452139794827118e-02
8.894463593140244928e-02
8.892409672960638334e-02
8.883524335920810200e-02
8.929099780507385176e-02
8.923666930757462312e-02
8.906216151081025600e-02
8.923217120580374806e-02
8.906912103295326621e-02
8.874185733497143291e-02
8.891309102065861336e-02
8.894327924586832579e-02
8.862389924004673847e-02
8.862437258474528678e-02
8.848523099906742406e-02
8.872847149148582746e-02
8.910583376884460838e-02
8.896438224241137727e-02
8.913419597782194781e-02
8.882356429472565429e-02
8.875935957767069895e-02
8.851397102698684016e-02
8.855963579379022566e-02
8.875878636725247073e-02
8.896833124570548146e-02
8.884132038801909048e-02
8.851590463891625959e-02
8.871186487376689356e-02
8.867629019543528390e-02
8.871463358402252586e-02
8.880966951139271370e-02
8.890094452537596059e-02
8.856758661568164825e-02
8.875496755354106426e-02
8.856085654348135050e-02
8.869134799577295392e-02
8.895091884769498747e-02
8.842460065148770310e-02
8.877226557582616751e-02
8.884273277595639007e-02
8.827569434419274552e-02
8.864752389490604401e-02
8.898548895493149646e-02
8.857645384967327562e-02
8.911019736900925581e-02
8.903972730971872196e-02
8.838040033355355762e-02
8.830502808094024825e-02
8.853377077728509514e-02
8.897516329772769961e-02
8.860999486409128212e-02
8.826493998989462519e-02
8.845653248019516579e-02
8.855802800506352990e-02
8.819154120050370915e-02
8.841374287381768837e-02
8.844269675202667824e-02
8.837539825588464071e-02
8.831853100098668863e-02
8.839545466005802044e-02
8.849708008579909579e-02
8.854709684848785511e-02
8.851030060090124552e-02
8.871488757431507388e-02
8.823338190093636679e-02
8.860709990374743272e-02
8.831885130144655205e-02
8.839040803723037520e-02
8.860500670969485848e-02
8.868250468745828008e-02
8.847235505469143446e-02
8.838314944878220003e-02
