2.718888342380523793e-01
1.935092146694660231e-01
1.743730773776769605e-01
1.636486068367958013e-01
1.559326924756169186e-01
1.496120881661772706e-01
1.454600480198860180e-01
1.413308270089328189e-01
1.382009291648864657e-01
1.353586547635495796e-01
1.338141867145895836e-01
1.319968971237540367e-01
1.302486489340662912e-01
1.282456012442708126e-01
1.266018851473927620e-01
1.254044213518500372e-01
1.240634644776582723e-01
1.229020500183105463e-01
1.221865346096456112e-01
1.214397500455379475e-01
1.205967730470001720e-01
1.194024999067187370e-01
1.187714272737502991e-01
1.186440879851579644e-01
1.175121518969535761e-01
1.171116865985095540e-01
1.164883974939584788e-01
1.159011442959308608e-01
1.153898879326879928e-01
1.142125630192458580e-01
1.136702507175505195e-01
1.139504942111670971e-01
1.131142152287065994e-01
1.130404909141361769e-01
1.123923811316490107e-01
1.116221409849822571e-01
1.112328515015542502e-01
1.115262488462030882e-01
1.108896396122872885e-01
1.105535849556326805e-01
1.102429798990487986e-01
1.097978683188557680e-01
1.093123004212975535e-01
1.087614204920828304e-01
1.084981055930256816e-01
1.082748622447252257e-01
1.082412462495267458e-01
1.077696939371526191e-01
1.077679189480841154e-01
1.075258813984692058e-01
1.072292364947497884e-01
1.068091095238924010e-01
1.065272773802280470e-01
1.061944653838872848e-01
1.058808254636824098e-01
1.055636408925056391e-01
1.059336897730827343e-01
1.049776041507720914e-01
1.051388041116297217e-01
1.045554651506245131e-01
1.043959736078977629e-01
1.047675706259906248e-01
1.046863828040659472e-01
1.040295343846082687e-01
1.040805261768400630e-01
1.037747227028012337e-01
1.035048346035182532e-01
1.028255949169397387e-01
1.033680927008390482e-01
1.030583806149661524e-01
1.034121466241776921e-01
1.030357015132904036e-01
1.027001160010695413e-01
1.026223348639905414e-01
1.023799241892993511e-01
1.026356447488069590e-01
1.023169773817062395e-01
1.020588159188628163e-01
1.018765925988554949e-01
1.016871231980621820e-01
1.015868418291211162e-01
1.013537656143307653e-01
1.009554631449282175e-01
1.008861682564020090e-01
1.009550294838845730e-01
1.008893776498734907e-01
1.006610785238444827e-01
1.003411390073597476e-01
1.003433076664805440e-01
1.001176154054701367e-01
1.001818994991481304e-01
1.000735172256827371e-01
1.001190854236483629e-01
9.978133196011185202e-02
9.983542177826165709e-02
9.978797141462564246e-02
9.950429283082484755e-02
9.968429373577236685e-02
9.905679853633046761e-02
9.952575029805302287e-02
9.918789679184555896e-02
9.896445885300636514e-02
9.884687270969153006e-02
9.896591030061245575e-02
9.855962660163640476e-02
9.882601117715239525e-02
9.832173459231853541e-02
9.848481429740786608e-02
9.836641563102603569e-02
9.817333873361348828e-02
9.828776381909846982e-02
9.810920529067516938e-02
9.779236387461423541e-02
9.801357362419366170e-02
9.803017608821391893e-02
9.787185559049248196e-02
9.764165682718158046e-02
9.736017184332013130e-02
9.751149525865912548e-02
9.737806066870689781e-02
9.750892696902155321e-02
9.728372504934668097e-02
9.705844584852457713e-02
9.714160956442356720e-02
9.709311010316014345e-02
9.717634897679090777e-02
9.678826041519641987e-02
9.673771733418107255e-02
9.653150351718067790e-02
9.679779011756181606e-02
9.653121573850512172e-02
9.620268290862440952e-02
9.618119988590478897e-02
9.651420790702104624e-02
9.581671619787812677e-02
9.604671493172645125e-02
9.595792979001999123e-02
9.575615009292960667e-02
9.587259128689766541e-02
9.597748156636953798e-02
9.564718026667833051e-02
9.602198634296656155e-02
9.544493090361357013e-02
9.561155095696449724e-02
9.566119411960244401e-02
9.524469027295708046e-02
9.566833861172199804e-02
9.536208746954798199e-02
9.542594678699969912e-02
9.518135325983166639e-02
9.513653708621859495e-02
9.515526887029408798e-02
9.489896016195416284e-02
9.498667716979980469e-02
9.452304894104600341e-02
9.433407394215465036e-02
9.434934904798865374e-02
9.455667592585087489e-02
9.479255158454179264e-02
9.468135220929979612e-02
9.444308793172240257e-02
9.436625959351659099e-02
9.438192622736096826e-02
9.442882349714637469e-02
9.446244204416870405e-02
9.425257584080100337e-02
9.430028127506374924e-02
9.440907334908843485e-02
9.431476978585123794e-02
9.403015701100229939e-02
9.415310448035597857e-02
9.417074140161275919e-02
9.404102819040417727e-02
9.383011950179934169e-02
9.421741403639316559e-02
9.393470980226993616e-02
9.363666867837310004e-02
9.363208325579762403e-02
9.369052473455667662e-02
9.307840464636683853e-02
9.383010968565941301e-02
9.346482796594500486e-02
9.344192134216428025e-02
9.333997560665011073e-02
9.334710290655494347e-02
9.328398298472166672e-02
9.315795645117759538e-02
9.344370914623141566e-02
9.355867572128773180e-02
9.337692636996507145e-02
9.331399539485574213e-02
9.271951805800199287e-02
9.331685069948435218e-02
9.306135287508368603e-02
9.266879541799426245e-02
9.284707792103290280e-02
9.287726331502199617e-02
9.306436143815517703e-02
9.291420109570026897e-02
9.286120876669884394e-02
9.303319286555052081e-02
9.258756279945373757e-02
9.258210767060517932e-02
9.263696607202291655e-02
9.213623791933059359e-02
9.245401691645384334e-02
9.216499768197536357e-02
9.257696131244301518e-02
9.205224314704536781e-02
9.245217086747288537e-02
9.243018131703138740e-02
9.239266488701104729e-02
9.221341527998447307e-02
9.226266549900173641e-02
9.204012833535671345e-02
9.196842402219772283e-02
9.198158755898475092e-02
9.183994544669986382e-02
9.214722754433751772e-02
9.220592966303228777e-02
9.188797760754824351e-02
9.173344399780035407e-02
9.161695824936032240e-02
9.162954535335302020e-02
9.169945403933525696e-02
9.149516124278306295e-02
9.158436540514230950e-02
9.154272545129060745e-02
9.149841515347362231e-02
9.167039724066854134e-02
9.128682240843773166e-02
9.155733237043023331e-02
9.094949282705783178e-02
9.116105360910296829e-02
9.087587334215641022e-02
9.141397992148996010e-02
9.138028433546424578e-02
9.130947649478912687e-02
9.129516296088695249e-02
9.120902054011821580e-02
9.102279309183358702e-02
9.092615569010377430e-02
9.103803491219877864e-02
9.086448334157466722e-02
9.104714881628751810e-02
9.069806819781661700e-02
9.125248720869422181e-02
9.067117240279913559e-02
9.091332692652941139e-02
9.084760380908846189e-02
9.083205468952655626e-02
9.075483206659555602e-02
9.072737434878945517e-02
9.047538323327898591e-02
9.046174965798854661e-02
9.064069729298353251e-02
9.038725422695279010e-02
9.084864471107721717e-02
9.048738310113549344e-02
9.053345527499914724e-02
9.043398218229413421e-02
9.042265161871909651e-02
9.037790855392813238e-02
9.013725882396102229e-02
9.018643056973814354e-02
9.021026188507676180e-02
9.057748114690183927e-02
9.051274931058288231e-02
9.043619303032755796e-02
9.022332454100251420e-02
9.021125398576260168e-02
9.014214266091585825e-02
9.010106880217789993e-02
9.043572289869189484e-02
9.027628023177385053e-02
9.011694066226481892e-02
9.008810738101601101e-02
9.014224054291844479e-02
8.983193634077907275e-02
8.988411871716379953e-02
8.997706526890397738e-02
8.944019516929983815e-02
8.991732275113463457e-02
8.984738981351256260e-02
8.998736163601278593e-02
8.989535739645361512e-02
8.999046826735139504e-02
8.967514343559741807e-02
8.970697702839970644e-02
8.949207022786140331e-02
8.962253317236899830e-02
8.939832622185349409e-02
8.961286062374711203e-02
8.963513480499386843e-02
8.934545211493968853e-02
8.950249074026941920e-02
8.937101494520902079e-02
8.973415125161408878e-02
8.954507026821374727e-02
8.939066853374243171e-02
8.958583265542983953e-02
8.922329818829893844e-02
8.928532462567090322e-02
8.924806680530310288e-02
8.930685004219413026e-02
8.915229894220828843e-02
8.929751897230744917e-02
8.931921133771539290e-02
8.944768559187650514e-02
8.930828347802162448e-02
8.904653269797563331e-02
8.938234999775886147e-02
8.910928972065448872e-02
8.923141581937671374e-02
8.905137704685330002e-02
8.922442885115743072e-02
8.929055795073509438e-02
8.919382426887750848e-02
8.922864263877272606e-02
8.908625613898038531e-02
8.887884203344582901e-02
8.871494034305214826e-02
8.900526763871312308e-02
8.887230332940816713e-02
8.876987447962164657e-02
8.881114231422543304e-02
8.882525958120822407e-02
8.870141763240098343e-02
8.883208727464080023e-02
8.912187317386269236e-02
8.884147115051746479e-02
8.865453815087676048e-02
8.875743893906473669e-02
8.853851875290275064e-02
8.883235193789004724e-02
8.830189701169728622e-02
8.824598904699086643e-02
8.855990927666425316e-02
8.819990232586860657e-02
8.845071954652666824e-02
8.856993163004517333e-02
8.842162305489181806e-02
8.846028404310345150e-02
8.829700106754899414e-02
8.868337258696555592e-02
8.826890274882316645e-02
8.820171482861041690e-02
8.830955022946000710e-02
8.810569558292627446e-02
8.828052124008536894e-02
8.817807825282215906e-02
8.818301238119602425e-02
8.816638138145208026e-02
8.796902788802980766e-02
8.814509110525250990e-02
8.813466966152190551e-02
8.816765338182448730e-02
8.812188385054468831e-02
8.781033318489789297e-02
8.804875878617167417e-02
8.763045856729149985e-02
8.790501946583390014e-02
8.804031213745475148e-02
8.832680666819214821e-02
8.782507849857211502e-02
8.775393728166819285e-02
8.798321176320314518e-02
8.837847791612148118e-02
8.775652593001723178e-02
8.752004630863666201e-02
8.835841517895459685e-02
8.772724434733390753e-02
8.780702153220772133e-02
8.802391260862350852e-02
8.775507785379886572e-02
8.801021134480833952e-02
8.783715007826685406e-02
8.791629990562796482e-02
8.753050772473215668e-02
8.755572887137531846e-02
8.774384215474129167e-02
8.741352075710892566e-02
8.731531603261828700e-02
8.721851088106631622e-02
8.767115654423833504e-02
8.735666533932090472e-02
8.773599581792951296e-02
8.762300802394747123e-02
8.740575348958373736e-02
8.792050950229167439e-02
8.729247419163584099e-02
8.746981199830770881e-02
8.748833402991294805e-02
8.748843960464000591e-02
8.728342644870280831e-02
8.760584559291600959e-02
8.733926048502325956e-02
8.753484487533569336e-02
8.721415422856808319e-02
8.715382885187863971e-02
8.718203093856573271e-02
8.732318744063377602e-02
8.722452599555254038e-02
8.719289528205990958e-02
8.742434954270721092e-02
8.695141520351171160e-02
8.729894975200296059e-02
8.718263957649469154e-02
8.670621996745467297e-02
8.721917057409882268e-02
8.709058361127972048e-02
8.692879393696785473e-02
8.692224554717541130e-02
8.688603550195693470e-02
8.690756764262914935e-02
8.721473744139075779e-02
8.701274745166301394e-02
8.713801743462681881e-02
8.676844602450728416e-02
8.706967446953058076e-02
8.707774180918931295e-02
8.683467041701078970e-02
8.691605832427740097e-02
8.706854488700628558e-02
8.702535962685942206e-02
8.658133534714579360e-02
8.685211258009076229e-02
8.690154107287526020e-02
8.666694695129990855e-02
8.729611588642001430e-02
8.681702977046371061e-02
8.660588355734943899e-02
8.692441495135426466e-02
8.656276876106858142e-02
8.678535874933004934e-02
8.657467782497406394e-02
8.662093998864292543e-02
8.706217275932431887e-02
8.690591832622886204e-02
8.659142486751079948e-02
8.653467057272791474e-02
8.651281317695974638e-02
8.654112217947840247e-02
8.647556643933057563e-02
8.663216950371861735e-02
8.666201766580343413e-02
8.691447988152503634e-02
8.645361570641398041e-02
8.629552476108073855e-02
8.637619614601135809e-02
8.648289490491151144e-02
8.642929764464497844e-02
8.672170175239443668e-02
8.643135443329810763e-02
8.634643139317631222e-02
8.641442844644188492e-02
8.639301782473922386e-02
8.628030303865670547e-02
8.648199550807475489e-02
8.635356528684497157e-02
8.642086384817958267e-02
8.642288111150264740e-02
8.628739651292562096e-02
8.634834295138717197e-02
8.646585335955023210e-02
8.635888747870922033e-02
8.600884066894649849e-02
8.616781635209917745e-02
8.587796255946159030e-02
8.627509716898203174e-02
8.613759441301226116e-02
8.609022997319698556e-02
8.616292348131537882e-02
8.622240869328379187e-02
8.601071475073694683e-02
8.617482515051960723e-02
8.611349189653992597e-02
8.613280273973941692e-02
8.612240428104996071e-02
8.575877049937843943e-02
8.587285889312624987e-02
8.602575600147246981e-02
8.606308730319142675e-02
8.581498585641383903e-02
8.605626314878463134e-02
8.578916072845459151e-02
8.595669241622090617e-02
8.598814379423856680e-02
8.611046172678470112e-02
8.605887021869421116e-02
8.589809857308865204e-02
8.589266458526254033e-02
8.619843000546097145e-02
8.596154039725661944e-02
8.570524938404559812e-02
8.597549155354500261e-02
8.577595166862010678e-02
8.589678492397069542e-02
8.599752666428685244e-02
8.593872137367725150e-02
8.561481473967433309e-02
8.569003270938992112e-02
8.576448960229754448e-02
8.573408683761954419e-02
8.614433744922279923e-02
8.561040995642542339e-02
8.575618086382746919e-02
8.605138685554265809e-02
8.559560129418969376e-02
8.568192312493920493e-02
8.551242552697659038e-02
8.576149461790918971e-02
8.573273541405797282e-02
8.559057718142866478e-02
8.583398809656500594e-02
8.557204924523829914e-02
8.561159178614616283e-02
8.584786688908935259e-02
8.579301210120320043e-02
8.553671166300773343e-02
8.546310171484947094e-02
8.577692303806543073e-02
8.555624492466450126e-02
8.593377631157636531e-02
8.527135264128446468e-02
8.551050063222646880e-02
8.538128970190882183e-02
8.534364897757767965e-02
8.556475313380360048e-02
8.542356612160802165e-02
8.581535113975405360e-02
8.547157993540167864e-02
8.528117898851633738e-02
8.538164842873811888e-02
8.513761255890131552e-02
8.531744424253702441e-02
8.527299024164676500e-02
8.533386083319782767e-02
8.513161562383174397e-02
8.505890650674700904e-02
8.540760373696684726e-02
8.528735777363180559e-02
8.528817202895880301e-02
8.529853915795683472e-02
8.539060849696397670e-02
8.534214418381452782e-02
8.533572023734450895e-02
8.503262994810939501e-02
8.517391936853528633e-02
8.491542421281338127e-02
8.521403521299361628e-02
8.504641542211174854e-02
8.499169168993830903e-02
8.478127783164382536e-02
8.505418673157691400e-02
8.501162642613052656e-02
8.513476196676492136e-02
8.495341086760163640e-02
8.514361858367919256e-02
8.526940314099192009e-02
8.505193455144763326e-02
8.524035938084124908e-02
8.488672167062759344e-02
8.489157354459166138e-02
8.512174908071756807e-02
8.490310043096542525e-02
8.497539404779672068e-02
8.487966723740100750e-02
8.488583385944366289e-02
8.476574784144759456e-02
8.485425952821970541e-02
8.460506953299046229e-02
8.506787400692701617e-02
8.472118118777871576e-02
8.491485282778739319e-02
8.500215556472540124e-02
8.483143627643585649e-02
8.489040339365601373e-02
8.481926217675209156e-02
8.491631971672176926e-02
8.492181517183780559e-02
8.479904612526296959e-02
8.484438585117459741e-02
8.472898226231335983e-02
8.492245221510529019e-02
8.448921289294958337e-02
8.448515191674232927e-02
8.480207419022917081e-02
8.473938746377825126e-02
8.479828048497438375e-02
8.462628055363893842e-02
8.457688467577099967e-02
8.519650792703031827e-02
8.475850328803062605e-02
8.468782937154173407e-02
8.510019499808549326e-02
8.461534554138779030e-02
8.442607706412673385e-02
8.440375246107578722e-02
8.497043250128627490e-02
8.464103806763886850e-02
8.477478723973036479e-02
8.437527466565369894e-02
8.431148881092667691e-02
8.452697210013866702e-02
8.474653646349906977e-02
8.470610562711954061e-02
8.442404637113214150e-02
8.442952603101730458e-02
8.457616956904530359e-02
8.471442086622119061e-02
8.447756430134177597e-02
8.438536150380969436e-02
8.436118496581912485e-02
8.452665019780397637e-02
8.420812021940946024e-02
8.459201581776142065e-02
8.444605248048901724e-02
8.450281081721186527e-02
8.450320001691580263e-02
8.436704995110630434e-02
8.426172655075787887e-02
8.448622396215796360e-02
8.438689991831779813e-02
8.437716389074921552e-02
8.424881251528859583e-02
8.431083563715219276e-02
8.426865339279174250e-02
8.444191051647066681e-02
8.444232389330863509e-02
8.458402458578348493e-02
8.413146240636706907e-02
8.426366070285438992e-02
8.450613236054778377e-02
8.451474107801913715e-02
8.434387207031250611e-02
8.420687608420848735e-02
8.460345944389700834e-02
8.400156410410999919e-02
8.413420774042607020e-02
8.426935277879238351e-02
8.430055625736714020e-02
8.440046163275838342e-02
8.414361564442515706e-02
8.412463814020157415e-02
8.397147938609123008e-02
8.395471347495914172e-02
8.423505162820220382e-02
8.435677008703351687e-02
8.442112738266586980e-02
8.420335518196225832e-02
8.389601569622755217e-02
8.407314805313945150e-02
8.403690513223409375e-02
8.408138968050479778e-02
8.400290053337812479e-02
8.432869765907526072e-02
8.369589753448963831e-02
8.445089640095830574e-02
8.427939681336284183e-02
8.389720670878887676e-02
8.392549367621540690e-02
8.432738032191991473e-02
8.402268765494227964e-02
8.425274759531020674e-02
8.405999969691038687e-02
8.406665012240409351e-02
8.389752464368939455e-02
8.391340412199496668e-02
8.380344433709979723e-02
8.403992759063839968e-02
8.379174992442131598e-02
8.393095355480909014e-02
8.393610103055834659e-02
8.377939820289612149e-02
8.363058313727378401e-02
8.405763553455472548e-02
8.399973936378955786e-02
8.383036753162741161e-02
8.368383899331093001e-02
8.376489361748098994e-02
8.385854711756110524e-02
8.351888610050081652e-02
8.387331584468483980e-02
8.377095514908433627e-02
8.381243972107768614e-02
8.363827811554074010e-02
8.388637308031320072e-02
8.369028983637689934e-02
8.385484082624315716e-02
8.363822767511010225e-02
8.383613932877778674e-02
8.386056790128350313e-02
8.343173062428832498e-02
8.397348383441567699e-02
8.410580299794673254e-02
8.392604507505893596e-02
8.367621596902609371e-02
8.370211090892552830e-02
8.337860453873872923e-02
8.338320037350058223e-02
8.374676899984478951e-02
8.371470393612981398e-02
8.370912594720721078e-02
8.355509750545024594e-02
8.347991298884153977e-02
8.361115084961057153e-02
8.342452660202979986e-02
8.369072005152702887e-02
8.398712972179055158e-02
8.347424717620015311e-02
8.334340214729309138e-02
8.347203383222222273e-02
8.341495851054787913e-02
8.324587181210517384e-02
8.339124722406268675e-02
8.352363333106041510e-02
8.358329774811863733e-02
8.356801394373178371e-02
8.352932136505841765e-02
8.369584741070866529e-02
8.341620596125721987e-02
8.367767563089728577e-02
8.351672902703284607e-02
8.321911444887518383e-02
8.346848897635936182e-02
8.351252919062972235e-02
8.376447495073080507e-02
8.337992686778307461e-02
8.319974169135094244e-02
8.352130906656383968e-02
8.313453322276473378e-02
8.354145182296633665e-02
8.349493114277720118e-02
8.326851958408951204e-02
8.363103393465280699e-02
8.340728010982274843e-02
8.318596260622143634e-02
8.326401313766837453e-02
8.321294898167252985e-02
8.335353136062621793e-02
8.344788130372762791e-02
8.308416776359081601e-02
8.335617979988456383e-02
8.326353713870048023e-02
8.320395190268754793e-02
8.328221945092081913e-02
8.344174396246671621e-02
8.326419476419687216e-02
8.308647731319070140e-02
8.336560973897576277e-02
8.338905500248074143e-02
8.340607155114412863e-02
8.318277286365628742e-02
8.303500682115555476e-02
8.292541619390249308e-02
8.306814383715391270e-02
8.329099891707300585e-02
8.302797880023718435e-02
8.305404707789421082e-02
8.316970020532607477e-02
8.275442503392696492e-02
8.300966534763574989e-02
8.322365291416644606e-02
8.303237436339258593e-02
8.313851417973637525e-02
8.300626398995518407e-02
8.318271175026893671e-02
8.312484173104167651e-02
8.306039890274405368e-02
8.319759840145707352e-02
8.303047085180878528e-02
8.324949482455849814e-02
8.314081361517310087e-02
8.329558469355106964e-02
8.327255083248019663e-02
8.304527174681425317e-02
8.314126662909984700e-02
8.312738206237554883e-02
8.315061111003160810e-02
8.305504560470580722e-02
8.282015865668654331e-02
8.311727683991193549e-02
8.295579779893159922e-02
8.291402248665689922e-02
8.320145484060048613e-02
8.311747869476676653e-02
8.303691832348704394e-02
8.309444766491651257e-02
8.281829904764891059e-02
8.290323931723833639e-02
8.291296988725661843e-02
8.322596328333020654e-02
8.285404074937105512e-02
8.278648452833295424e-02
8.271906834095715810e-02
8.259828563779592070e-02
8.277226947247981470e-02
8.265091411769390217e-02
8.302994802594185209e-02
8.257847433909773494e-02
8.279696088284253797e-02
8.286260997876525314e-02
8.286837577819823608e-02
8.296976750716567039e-02
8.271721895784139855e-02
8.296493181958794483e-02
8.276847682893276326e-02
8.274669839069247190e-02
8.276375051587819831e-02
8.262334669008851440e-02
8.297488179057836699e-02
8.288298757746816181e-02
8.286489237099886607e-02
8.267106777057051104e-02
8.278524428606033603e-02
8.282338201999664418e-02
8.252938222140074331e-02
8.294564500451087619e-02
8.272339265793561547e-02
8.268476292490958834e-02
8.230290561914443970e-02
8.270180480554699398e-02
8.299842268228531383e-02
8.291997363790869213e-02
8.269088042899966351e-02
8.256557317450642641e-02
8.235887628048658982e-02
8.275060996413230452e-02
8.248283304274081629e-02
8.255659699440003052e-02
8.269310658797621172e-02
8.290947208181023709e-02
8.236638069152832364e-02
8.275654779747128320e-02
8.247057925909757892e-02
8.244463091716169867e-02
8.247119907289743312e-02
8.260945823043584768e-02
8.266093671321868286e-02
8.235120305791497619e-02
8.249494243413209305e-02
8.258854551240801811e-02
8.263412030413747056e-02
8.247394923120737742e-02
