1.341780501107374957e-01
8.145844861865043918e-02
7.628666087985039312e-02
7.561275077362855646e-02
6.500781482706467773e-02
6.330978851765393933e-02
6.417232534537713196e-02
6.188002247363329211e-02
6.494244833787282678e-02
6.427667054037253247e-02
5.858463564266760959e-02
6.622882957259813852e-02
4.935840542117754526e-02
6.206912926087777144e-02
6.315240313609440936e-02
6.334038799007733755e-02
5.746144416431585994e-02
5.884396421412627087e-02
6.024813720335563116e-02
6.113827023655175885e-02
6.026988054315249310e-02
4.653995409607887546e-02
6.081323865801095685e-02
6.252572499215602875e-02
5.741145579765240259e-02
5.450213315586249080e-02
5.983013069878021645e-02
5.369755234569310864e-02
5.306383470694223808e-02
5.333525749544302391e-02
6.354853827506304342e-02
5.167190749198198596e-02
6.007271942993005348e-02
4.914204782495896345e-02
5.964396527657906538e-02
5.422162258376677507e-02
4.892745787898699489e-02
7.143011266986529217e-02
5.668474789708852907e-02
5.667454016705354009e-02
5.174162636200586862e-02
5.313257537782192091e-02
4.948321189731359759e-02
5.953309796750545779e-02
6.151764610161383762e-02
5.836854179700215473e-02
5.777423077573378557e-02
5.822215049217144972e-02
4.623187755544980182e-02
4.410629632572333342e-02
6.187586175898710655e-02
5.825491293023030148e-02
5.022189238419135643e-02
5.897053865094979697e-02
4.862215661754210744e-02
6.322652138769627173e-02
5.097314156591892242e-02
5.898427081604798450e-02
5.704655330628156940e-02
4.965421725064515790e-02
5.512922617296377864e-02
6.070691943168639998e-02
5.044642997284730368e-02
5.523194596171378951e-02
5.753976690272490091e-02
5.604491252452135225e-02
4.751417593409617418e-02
5.597088634967804094e-02
5.518632524957259311e-02
5.739957963426908089e-02
6.030704695731401582e-02
5.592007134109735350e-02
5.297024169315894121e-02
5.844427322347958698e-02
5.540803199013074470e-02
6.189270236839850697e-02
5.410476593921582228e-02
5.539030314733584676e-02
4.670056986312071806e-02
4.352347236126661439e-02
5.919286596278349605e-02
5.616475387165943689e-02
5.566554789741833681e-02
5.505779733260472708e-02
5.700667897860209332e-02
5.657341765860716271e-02
5.147075119117895670e-02
6.128845711549123221e-02
5.501035439471403665e-02
5.535393003374337872e-02
5.411351732909679135e-02
5.358635249237219539e-02
4.992980789393186569e-02
6.276074945926665705e-02
4.952299371361732622e-02
5.215969954927762026e-02
5.635094934453566823e-02
4.215426264951626506e-02
4.342677469054857797e-02
6.046017066886027330e-02
5.420366358011961122e-02
5.725474761178096089e-02
4.959959660967191292e-02
4.797593913972377638e-02
5.501050557941198488e-02
5.386291574686765532e-02
5.575014029939969612e-02
5.422906049837668968e-02
5.399633149305979596e-02
4.903081525117158890e-02
6.223864865799744878e-02
5.846567296733459068e-02
5.373189138869444853e-02
5.125043299049138884e-02
5.573232509195804457e-02
4.487077159186204228e-02
6.004498805850744247e-02
6.115085141112407141e-02
4.505033170183499885e-02
5.669933464378118515e-02
5.269485823810100833e-02
5.082462895661592206e-02
5.262290239334106723e-02
5.094757384310166087e-02
5.379837894191344394e-02
5.549337174743414203e-02
5.276297560582558083e-02
5.286170821636915207e-02
4.870333566019932614e-02
6.221424769610166272e-02
5.041796534011761671e-02
4.836606687555710521e-02
4.698963208744923181e-02
5.024024819334348135e-02
4.063245430588722368e-02
4.822290595620870590e-02
5.587905608117580553e-02
5.214934237301349640e-02
5.272844346861044890e-02
5.100317150354385237e-02
5.205332208424806595e-02
5.050211139023304263e-02
5.346638994912306792e-02
5.398068372160196027e-02
5.326180147627989497e-02
4.800786413252353807e-02
4.971979844073454863e-02
5.523256125549475676e-02
5.101582507292429930e-02
5.740533284842967710e-02
4.886494241654872756e-02
4.723917866746584621e-02
5.833216427514950619e-02
5.556704749663670534e-02
5.352317622552315440e-02
5.311562946687142100e-02
5.027381001661221371e-02
5.591170166929562702e-02
5.233592484146356444e-02
4.982523384193579541e-02
4.911603989700476236e-02
5.408926215022802353e-02
5.123254377394914627e-02
4.997859237094719881e-02
4.865614343434572497e-02
5.358932533611853594e-02
5.146495091418425150e-02
4.646783657371997972e-02
5.369609085222085132e-02
5.115622704227765216e-02
5.011888376126686501e-02
5.271667788426081386e-02
5.314682790388663286e-02
5.126086206485827579e-02
5.208557012180487639e-02
5.537708954264720235e-02
5.135513444741567068e-02
4.343886772791544920e-02
5.806872583925724168e-02
5.582322590053081374e-02
4.115850223849217004e-02
5.306400693953037401e-02
5.155967318763335361e-02
5.277985135714213100e-02
4.686761684715747694e-02
5.731509986023108211e-02
4.694071604559819227e-02
6.217384412884711942e-02
4.716377407312392911e-02
6.002226533989111351e-02
5.348916364212830815e-02
5.184934139251708846e-02
5.012412667274475375e-02
4.979458469897508899e-02
4.723363425582647462e-02
5.465938504785299024e-02
4.799955009172360287e-02
5.712892742206653052e-02
4.155134949833154401e-02
5.341324868301550871e-02
5.643384040643771582e-02
5.558415558189153810e-02
5.076040284087260379e-02
3.994533351312080927e-02
5.650216502447923117e-02
5.739620253443718234e-02
5.618833160648743080e-02
5.309115195026000572e-02
4.923044492801030569e-02
3.629847541451454440e-02
5.719904645035664426e-02
4.444482475519180575e-02
5.698696095496415953e-02
4.940709676593542377e-02
5.127473976463079591e-02
5.751422451188167168e-02
4.035839438438415527e-02
5.126819722354412218e-02
5.413723470022280965e-02
5.016690219442049986e-02
6.494947622219721106e-02
5.117428569744030681e-02
5.941677689552306990e-02
4.267329766104618893e-02
5.691555496305227002e-02
5.025330490122238702e-02
5.274210621913274361e-02
4.580459147691726823e-02
3.607369394352038378e-02
5.907471925020217618e-02
5.093769089629252705e-02
4.956289765735467229e-02
4.331894740462303300e-02
4.753513454149167067e-02
5.208278745412826816e-02
5.651626735925674438e-02
5.189825811733802391e-02
5.167634480943282538e-02
4.800528498987356729e-02
5.131997782737016817e-02
4.886782821267843246e-02
5.224160912136236595e-02
5.204955041408539096e-02
4.977197827150424414e-02
5.526152619471152300e-02
4.729711245745420178e-02
5.035261722902457243e-02
5.274770551671584262e-02
5.391963496804237643e-02
4.678579562654097690e-02
5.380639489740133424e-02
4.550966353466113362e-02
3.603104011466105872e-02
5.525641584148009711e-02
5.692192198087771965e-02
4.408806879073381285e-02
5.853123124688863754e-02
5.140985269099473953e-02
4.832474154730637822e-02
5.412171060840288705e-02
5.419524932901064601e-02
4.904164622227350639e-02
4.505297237386306219e-02
5.567173150678475513e-02
4.562374105056126589e-02
4.015184671928485188e-02
4.777842642118533545e-02
5.117818570385376797e-02
5.018541614214579172e-02
4.902012168119351115e-02
4.266229569911957065e-02
6.124553562452395711e-02
4.960333270331223482e-02
5.133252379794915610e-02
5.134326561043659615e-02
4.778907975802818703e-02
5.194904636591672620e-02
5.105619213233391490e-02
4.802687441309293204e-02
4.551755531380573955e-02
4.887680113315582414e-02
4.904105644673108916e-02
5.110641059776147022e-02
4.456333455940087590e-02
5.412957028796275272e-02
4.971337337046861926e-02
5.212500033279259676e-02
5.429617737730343952e-02
4.239982080956299776e-02
5.360099660853544917e-02
4.818598298976818628e-02
4.553998615592717847e-02
3.770161687086025920e-02
4.367165373017390523e-02
5.276680402457713942e-02
4.817670801033576561e-02
4.037502792974313054e-02
5.316830339531104094e-02
4.760217852890491486e-02
5.414341719200213565e-02
5.133706939717133655e-02
4.718482258419195996e-02
4.376341762642065730e-02
5.562575124204158922e-02
4.586230485389630046e-02
5.267431630442540036e-02
4.279014008740584379e-02
4.792330873509247774e-02
5.554209258407354077e-02
4.615546303490798002e-02
4.550461377948522568e-02
5.395173964401086403e-02
5.563623619576295309e-02
5.150345874329408102e-02
4.813187681138515750e-02
4.775787827869256569e-02
4.656293572237094058e-02
4.518381742139657153e-02
4.899849413583676205e-02
3.637606004873911864e-02
5.831037002305190092e-02
4.596763129035631723e-02
5.151336882263422151e-02
4.801218969126542363e-02
4.938357460002104626e-02
4.336947078506151604e-02
5.626341924071311812e-02
4.999265167862176895e-02
4.619000113258759505e-02
5.442515102525551790e-02
4.676910328368345804e-02
4.187711123377084454e-02
4.434067675222953114e-02
5.309069069723288542e-02
5.351950917392968993e-02
4.279897560675938878e-02
5.861938837915658951e-02
4.687922988086938580e-02
4.997350902607043677e-02
4.820251328249772205e-02
4.981484431773423871e-02
4.347026074926058775e-02
4.846708284070094103e-02
4.948490671813488007e-02
4.397580406318108565e-02
4.653658755123615126e-02
5.661781591673691744e-02
4.812864561875661307e-02
5.335705454150835997e-02
4.751541192332903868e-02
4.709975042690833086e-02
4.952304462591806955e-02
4.618362064162890440e-02
4.485184463361899243e-02
3.627723883837461610e-02
5.662503043810526715e-02
4.282061041643222404e-02
5.261647415657837862e-02
5.149015709757805148e-02
4.873400038729111539e-02
4.372924404839674539e-02
4.433636286606391225e-02
4.669157608101765639e-02
5.038002145787080083e-02
3.679980561137199263e-02
3.477529597779115134e-02
4.273231004675229205e-02
4.670783200611670904e-02
5.127766355872154236e-02
5.625629170487324304e-02
4.943939689546823779e-02
5.034113277991612845e-02
5.197443179786205569e-02
4.665810478230317249e-02
4.737093045065800256e-02
5.044230253746111864e-02
4.839102656890948567e-02
5.399969766537348476e-02
3.893199078738689145e-02
5.585514878233274055e-02
4.984129263708989011e-02
4.568140494326750761e-02
4.904074569543202811e-02
5.435561413566271372e-02
4.367727593829234117e-02
5.373358981062968664e-02
4.653086084872484068e-02
3.839025273919105530e-02
5.620561850567658974e-02
5.339923830082018985e-02
4.378687124699354172e-02
4.409997612237930020e-02
5.317122389872868532e-02
4.243881093959013528e-02
5.784993177900711603e-02
4.812947250902652879e-02
4.335713759064674377e-02
4.550991772363583571e-02
5.512504583845535822e-02
4.785761870443820676e-02
4.488486008097727908e-02
5.243389302243788713e-02
4.685086123645305911e-02
5.152731196333964342e-02
5.277862275640169548e-02
4.017863348126411716e-02
4.391163432349761558e-02
5.936635211110115329e-02
5.082523034264643802e-02
4.280447456985712190e-02
5.024744930366675105e-02
4.782056814680497175e-02
4.517672434449195723e-02
4.421199411153793613e-02
5.766896121203899522e-02
4.722315339992443767e-02
4.247098409881194109e-02
4.449704928944508281e-02
5.046287750204404149e-02
4.853783138096332689e-02
4.965965567777554102e-02
4.932794347405433655e-02
3.914651740342378616e-02
4.909061292807261057e-02
4.687684097637732916e-02
5.791674330830574174e-02
4.564866976191599840e-02
4.878761662791172848e-02
4.602758356680472507e-02
4.258952327072620253e-02
4.915177995959917751e-02
4.461076712856690274e-02
5.346155688166618486e-02
4.786985311657190184e-02
4.970459826290607452e-02
4.285768276701371060e-02
5.372074556847413612e-02
4.611364472657442093e-02
4.893523057301839285e-02
4.104190816481908394e-02
4.304184994349877225e-02
5.400243805100520683e-02
4.271990346411864287e-02
6.080548949539661685e-02
4.783135497321685387e-02
4.644341971725225726e-02
4.508564441154400831e-02
5.127910673618316789e-02
4.492182129373153282e-02
4.024526607245206694e-02
3.716385991623004370e-02
6.034839010487000333e-02
4.714147963871558739e-02
4.724807937939961427e-02
4.754491951316595216e-02
4.239103589206934253e-02
3.879449684172868451e-02
5.162535359462102486e-02
4.925337067494790083e-02
4.223993867635726651e-02
4.795324324319760051e-02
4.750462130953868323e-02
5.368156296511491371e-02
4.695145729929208617e-02
3.586768737683693892e-02
5.683205059419075417e-02
4.902307322869698530e-02
4.920476054151853157e-02
3.555092321087916646e-02
5.431683187683423314e-02
4.616054799407720566e-02
4.374941550195217410e-02
4.622612893581390381e-02
4.370750412344932834e-02
4.277825212726990567e-02
4.362441189587116380e-02
4.321306664496660233e-02
5.394265726208687106e-02
4.779629105081160956e-02
3.918763560553392006e-02
4.989337641745805740e-02
4.935439005494117459e-02
4.909167370448509760e-02
4.845381882041692456e-02
5.206650930146376061e-02
4.814928621053695540e-02
4.454215336591005325e-02
4.877981214473645077e-02
3.535909702380498482e-02
4.530791385720173842e-02
5.509388751039902277e-02
4.300732538104057312e-02
4.530659647037585391e-02
4.330154713243246356e-02
5.278742412726084715e-02
4.718736242502927919e-02
4.750596160689989772e-02
4.741262228538592471e-02
3.767921756953000745e-02
5.504617722084124976e-02
