7.112218054533005152e+00
1.425594336509704618e+01
5.407754312356312987e+00
4.625053715705871760e+00
1.853458773990472208e+00
1.900295995672543814e+00
1.058647734224796189e+00
7.334774744013945469e-01
7.795144394536812626e-01
5.544846589366595468e-01
5.744300037125746883e-01
4.146865666409333406e-01
2.738732906430959568e-01
4.383521182586749276e-01
4.240948439886172427e-01
2.782743104547262258e-01
2.451396159827709254e-01
1.909568425143758352e-01
1.580198604365189996e-01
1.383698210244377336e-01
1.330186154320835978e-01
1.713067471235990569e-01
1.647732096165418492e-01
1.125191864495476146e-01
1.363458268841107601e-01
1.525533605491121714e-01
1.199024835477272705e-01
1.321692619224389409e-01
1.136078729728857706e-01
1.124500000414749012e-01
1.118821623983482505e-01
1.335615752575298187e-01
9.796145983661214141e-02
1.205255975450078704e-01
1.091023763393362406e-01
1.262931341926256945e-01
1.014770720526576020e-01
8.404324486851692810e-02
8.439495225126544820e-02
8.713463285937905756e-02
9.413326590011517059e-02
8.537335054328044903e-02
1.114655018287400434e-01
1.205511620640754705e-01
9.941430839399496844e-02
9.853959252436955696e-02
9.723150451357165380e-02
1.099847056965033154e-01
1.145516901277005700e-01
1.043116363200048552e-01
8.886499942590793399e-02
9.950651651248336449e-02
9.914259070530534457e-02
9.108859129870931770e-02
1.096470324012140396e-01
9.146623903264601563e-02
1.009154359996318751e-01
7.663194176430503102e-02
7.394860032324990229e-02
8.095309481645623917e-02
7.935482561588287631e-02
8.384672799458106618e-02
8.679390765726566204e-02
8.193217104921737826e-02
7.883619469280044034e-02
7.481653758635123386e-02
1.450359470893939351e-01
9.634740980962912260e-02
7.616917760421831884e-02
8.259866353745261291e-02
7.227808813874919691e-02
8.113146730388204331e-02
7.899221406628688380e-02
6.984473137805859155e-02
7.820347036545474695e-02
7.480365429073572436e-02
7.752467988058925341e-02
7.914409846688309769e-02
8.217093373027940795e-02
1.083797879454990176e-01
9.031422616913914458e-02
7.694261277715365444e-02
7.315241406982143924e-02
7.534611237545808804e-02
7.536062248051166035e-02
7.781346458320816117e-02
8.089196470876534872e-02
7.718699838345249864e-02
7.832824178040027896e-02
7.171212585642933179e-02
7.197377712776263647e-02
7.201574523001909311e-02
7.931630769123633462e-02
7.305520155156651485e-02
8.454023989538352046e-02
8.642914221311609468e-02
7.742085297902424890e-02
8.819739270955323507e-02
1.030972020203868578e-01
7.845197883124152560e-02
7.580609976624448632e-02
6.952860694378613926e-02
8.733233735586205804e-02
8.269889516135056629e-02
7.868138454854488317e-02
9.192621047298113468e-02
7.201923421894509958e-02
6.948777567595243454e-02
7.904435730849702912e-02
8.224185530717174897e-02
6.757007588942845477e-02
8.297060854732990487e-02
9.259645730877916203e-02
8.750463969384630891e-02
6.945121125628550551e-02
8.723598885660370506e-02
7.990694901595513100e-02
7.447619042048851667e-02
7.715684767812490408e-02
7.173446827878554588e-02
7.582431646063923780e-02
8.348797619342804288e-02
7.558641881371537530e-02
7.424588330090045596e-02
7.573042679578065317e-02
7.143459140633542925e-02
8.005798823510607010e-02
7.244186424339811581e-02
7.488314800585309239e-02
7.244082041705647568e-02
7.057816759372750881e-02
7.438688880453507568e-02
9.580123200391729710e-02
7.952203879132867248e-02
7.927260793745517786e-02
8.847634737069408339e-02
9.083384521926442245e-02
7.363453045487404480e-02
7.975506593162814961e-02
7.830780493716399393e-02
7.805979901924729736e-02
7.938255703076720071e-02
7.200260806828737148e-02
7.613366546730200579e-02
7.850269310176372084e-02
7.808444329227010039e-02
6.715658290311693479e-02
7.621377155805628134e-02
8.441159542029103013e-02
7.659046607712904908e-02
7.635321468735734030e-02
7.428459277997413734e-02
6.950899556279183100e-02
7.628374370435873908e-02
7.573829869429270223e-02
7.200859283407529121e-02
6.687342605864007861e-02
6.964081533874075247e-02
7.015635447576641648e-02
7.273160642633835771e-02
6.726661270484328436e-02
6.734604322661956466e-02
6.783024201169610135e-02
7.081464010601241921e-02
7.186905737966299557e-02
6.620536254718899227e-02
6.836727042372027496e-02
8.084871349856256884e-02
6.836544940869013209e-02
8.238044934347271697e-02
8.290718076129754976e-02
6.981059579799572812e-02
7.206762218847870272e-02
7.147698671246568991e-02
7.199358267709612957e-02
6.921965905775626093e-02
7.279779098927974257e-02
6.553006037448842747e-02
7.000460640837748161e-02
7.311273134003082319e-02
9.031097859765092883e-02
7.851938273136814528e-02
7.247532250980535939e-02
6.825526295850674330e-02
8.401620595405499825e-02
7.465925318499405661e-02
9.075166190043092163e-02
6.628230254165828894e-02
7.285850734760364322e-02
7.202036930869022691e-02
7.215163663029670882e-02
7.176900517195462792e-02
7.435990010698635688e-02
7.616381666312614651e-02
8.127118098239104194e-02
7.820957211156685795e-02
8.993638115624587315e-02
6.918068165580432138e-02
7.765855750689903969e-02
8.734412396326661499e-02
7.040931522225339634e-02
7.674582217509548498e-02
7.689623170842727062e-02
8.791827499866484985e-02
7.362517682214578252e-02
7.053632352811595174e-02
6.806546592464049472e-02
7.541374803210297573e-02
8.383287036170562756e-02
8.655927083144585032e-02
6.855926547820369310e-02
8.534647684544324764e-02
7.894460182016094230e-02
8.125492749735713227e-02
9.386540439600746244e-02
7.139903842161099412e-02
7.119303836176792133e-02
7.839287171761194495e-02
8.314852260674039652e-02
9.053636712332566172e-02
7.368966177105903959e-02
7.942888711889585507e-02
7.509327530860901434e-02
7.802404645209511103e-02
7.245748423039913289e-02
6.995968890686829478e-02
7.193940514077742931e-02
9.343085783223310792e-02
8.605561678608258935e-02
8.208384602641065342e-02
8.096472044164935988e-02
7.955095060169696530e-02
7.863952685768405004e-02
8.054772719740867226e-02
9.284301340579986794e-02
7.037435612330833479e-02
6.880179362371563467e-02
7.495905705417195419e-02
7.864179003362854747e-02
7.549325415243704485e-02
7.625692168871561760e-02
7.700123957668741914e-02
7.320793377856413264e-02
7.147949913516640774e-02
6.799101376285156262e-02
7.960793918619553378e-02
7.394447296236951461e-02
7.042961570123831838e-02
7.523268412798643501e-02
7.363352701067923944e-02
7.150934802989164507e-02
7.135146431624889152e-02
7.938161665573716108e-02
7.734042871743440628e-02
7.037927350650230451e-02
8.223324113215009501e-02
7.978400567546486966e-02
7.595145021875698843e-02
7.965067477896808912e-02
7.385070580989122613e-02
6.800802767276764582e-02
7.336411730696758282e-02
8.588807290419936402e-02
7.088989239186048452e-02
8.512764937554796740e-02
7.626090039188662684e-02
8.983688503193358599e-02
7.994107473020752030e-02
7.396782321855426001e-02
7.204566420366366464e-02
8.817872432370980895e-02
6.749529475967089298e-02
6.737748956928650557e-02
7.157999647160370738e-02
7.544036295885840626e-02
7.455430986359715129e-02
6.732497132693728015e-02
6.772324084614714246e-02
6.884469707806904759e-02
7.196069370955228417e-02
7.230149645358324717e-02
7.378620355700453437e-02
6.836960616211096298e-02
7.507440635313590571e-02
7.659250640620787753e-02
7.504733314116796006e-02
7.404511597628395114e-02
6.971359315638740728e-02
7.592601235335072474e-02
7.286395837863286762e-02
6.849380554010470190e-02
7.145061451320847135e-02
7.417070886120200046e-02
7.509283173829317537e-02
7.367030059918761031e-02
7.084724901244043860e-02
7.362748891115188099e-02
6.917541521290937467e-02
7.148079250628749937e-02
6.768136627972126673e-02
6.915843712786833020e-02
6.784057466934124980e-02
7.465343944728373982e-02
7.183181752761204353e-02
8.209106966232260216e-02
7.395603999495506398e-02
7.682909075791637121e-02
7.316681408012906673e-02
7.194895241409540732e-02
8.252927058065931409e-02
7.759301092475652528e-02
6.940643925840656037e-02
7.146775590255856347e-02
7.285311584050456479e-02
7.079627241939306925e-02
7.330262276033559787e-02
7.019449268157283706e-02
7.378186375523607121e-02
7.015734736497203361e-02
8.449125326549013215e-02
7.365764930223425710e-02
7.269677125538388796e-02
6.837466690068443043e-02
6.812827991321683541e-02
6.736458730573455234e-02
8.311587626735369994e-02
7.142341394598285265e-02
7.412899410352111196e-02
7.956416108955939592e-02
7.396634042263031117e-02
7.462423842400311980e-02
8.575407994911074527e-02
8.935815460359056162e-02
6.759041545912623794e-02
7.171076027676463738e-02
8.487888225043813129e-02
7.982476203391949965e-02
7.477123706291119443e-02
7.471302911018332105e-02
7.340484343469143302e-02
7.210397438456614405e-02
7.183510030309359085e-02
7.309112163260579609e-02
6.969792461022734920e-02
7.073383865257104608e-02
7.141004644955198377e-02
7.370839142551025014e-02
7.095097351819276699e-02
6.617172905554373485e-02
7.290818706154823803e-02
6.556206440553069559e-02
6.851672440767288264e-02
6.482304008677601537e-02
7.679657171169916585e-02
7.739952554305394583e-02
7.029757912581165169e-02
8.320448874806364581e-02
7.485784100989500978e-02
7.633261442805329422e-02
7.441239856804410246e-02
7.784522502993543314e-02
7.246521605178714298e-02
7.380171656608582043e-02
7.275879722088575419e-02
7.886916913713018507e-02
9.437028988574941435e-02
9.175778310125072557e-02
9.009538714463512232e-02
9.007546252881487581e-02
6.911907391622662544e-02
7.738384623080492297e-02
8.037131648510693893e-02
6.845995403205354379e-02
7.567543224121132950e-02
7.377217760930458723e-02
7.550918253759543453e-02
6.982003892461459416e-02
7.282490801687041548e-02
7.123197065045436260e-02
7.298883358637492380e-02
7.118271459514896593e-02
7.580948198214172706e-02
6.888083780805269452e-02
6.940875432143608914e-02
6.847396163269876823e-02
6.592558888097603542e-02
7.428776819879810700e-02
8.170729966834187896e-02
7.084843908747037733e-02
7.025941470017035839e-02
7.319804822405179268e-02
7.486143774663409078e-02
6.902235886082053185e-02
7.208367398008704019e-02
7.317770887787143630e-02
7.273882720619440079e-02
7.173765119786064404e-02
7.667106314251820320e-02
7.144474626829226682e-02
7.517793078596393674e-02
7.290895768130818688e-02
6.967075705528259777e-02
7.372072835142413905e-02
8.032554589832822944e-02
7.028583283225695033e-02
8.176935118933519042e-02
7.529050716819862821e-02
6.733275140946110016e-02
6.988195383300384311e-02
7.368764040370781587e-02
8.103663103034099147e-02
7.933878786861896237e-02
7.235826381792624662e-02
7.052674488785366791e-02
7.178690025582909473e-02
7.021322740241885130e-02
7.570082593088348077e-02
7.393607371797164540e-02
7.572581036016344525e-02
6.956296693533658981e-02
7.191767267882824555e-02
8.079496011137962674e-02
9.337566384424765553e-02
7.696580823510884573e-02
7.114174102122584886e-02
7.323181768879294395e-02
6.899143247554699598e-02
7.254017168035109542e-02
7.304103596135974596e-02
7.284317428867022326e-02
7.561934100463986452e-02
7.573334298407037590e-02
6.798063136016328778e-02
7.096371938164035276e-02
7.160077692319949394e-02
7.991107037911812649e-02
7.037347011889021065e-02
6.775594859073559573e-02
6.871854843571782723e-02
7.517550981914003505e-02
7.737567761912941822e-02
7.170552346855402215e-02
8.833767894655465691e-02
6.650800290827950378e-02
7.497369897241393244e-02
7.091000838205217816e-02
6.854007571935653853e-02
8.003552970166007141e-02
6.969105234369635249e-02
7.599504959459106590e-02
8.388470189645885755e-02
8.107337023441990587e-02
7.409798715884487186e-02
7.174984251459438911e-02
7.013693388551472951e-02
7.477967431768775541e-02
8.156261671334505414e-02
7.570807554448644172e-02
7.349444730207324583e-02
7.696567930902044330e-02
7.287414626528819495e-02
7.016810717061161551e-02
7.238632095977663716e-02
6.906669986123839533e-02
7.923872912302613869e-02
7.800459085032343531e-02
8.300908442586660274e-02
7.639128023758530450e-02
7.768273416906595896e-02
7.261091329778233960e-02
6.833902182678382176e-02
7.220695315549771620e-02
7.519920493786533267e-02
7.671850489452480826e-02
7.561445162321130120e-02
8.092235339805484151e-02
8.332515352095166972e-02
7.385864725336432901e-02
6.932742021977901514e-02
7.641937931999563671e-02
7.400566699604192722e-02
7.130564372986554489e-02
7.398621717467904202e-02
7.675392372533679231e-02
7.381799792870878674e-02
7.719481782987713814e-02
8.414949685335158802e-02
7.157310520609219684e-02
7.843189567327499279e-02
7.817321784794330208e-02
7.298210175087053997e-02
8.895683376739423054e-02
8.012945821508765665e-02
7.952250091979901070e-02
6.844151192034284015e-02
6.913933217525482233e-02
7.084822341799736078e-02
7.085749029492338646e-02
8.684755470603704175e-02
7.455754926428198592e-02
