2.681229699775576347e-01
1.873421523720026072e-01
1.728659190982580196e-01
1.647525976225733824e-01
1.566307114809751544e-01
1.521864208579063460e-01
1.477559075877070416e-01
1.450460596196353480e-01
1.414003327116370168e-01
1.400528454035520620e-01
1.370245854556560450e-01
1.352488376386463687e-01
1.334801317565142975e-01
1.322502067312598117e-01
1.307282994687557209e-01
1.302266017161309852e-01
1.283574209548533074e-01
1.273920697160065285e-01
1.260488793253898565e-01
1.252508523873984703e-01
1.240200092084705885e-01
1.236997468583285742e-01
1.229615139774978133e-01
1.213841546699404722e-01
1.212232604250311901e-01
1.206005442515015597e-01
1.208297220245003745e-01
1.188264782913029255e-01
1.185966211371123763e-01
1.183840110525488792e-01
1.180287278816103957e-01
1.175193789973855013e-01
1.167207789234817050e-01
1.162345110066235060e-01
1.156166851893067338e-01
1.149860443547368050e-01
1.147191865555942103e-01
1.144205147400498418e-01
1.144877184182405416e-01
1.138878696970641591e-01
1.145583074539899826e-01
1.128891887329518812e-01
1.130305435881018700e-01
1.124649793282151283e-01
1.122165086865425099e-01
1.118795664608478596e-01
1.120764814689755445e-01
1.112318976037204310e-01
1.110216318629682064e-01
1.107846801728010200e-01
1.102591392956674132e-01
1.095674734935164485e-01
1.102942806109786095e-01
1.097839268110692434e-01
1.094015832804143412e-01
1.091426340118050592e-01
1.087207126431167098e-01
1.086181068792939214e-01
1.086744218133390005e-01
1.079814348928630346e-01
1.081120869144797381e-01
1.077621862106025175e-01
1.081226960942149179e-01
1.075714918412268156e-01
1.075213789381086887e-01
1.069899046048521929e-01
1.073438630439341041e-01
1.072162052243948033e-01
1.067489911988377532e-01
1.059118290804326595e-01
1.064066158235073140e-01
1.059989226795732958e-01
1.056376595422625492e-01
1.057279887050390221e-01
1.057120747864246368e-01
1.055542676895856874e-01
1.053376790694892373e-01
1.051552302204072503e-01
1.046008888073265558e-01
1.047085136547684647e-01
1.051371900923550179e-01
1.046125386096537074e-01
1.046332276053726640e-01
1.044610717333853273e-01
1.035595183447003409e-01
1.042987643368542133e-01
1.035891010984778399e-01
1.035440640337765283e-01
1.038273252546787206e-01
1.034100907854735851e-01
1.031214871630072583e-01
1.035278674028813906e-01
1.030204613134265007e-01
1.025152342207729800e-01
1.030407557636499466e-01
1.022124156914651361e-01
1.027049942314624820e-01
1.023030943982303209e-01
1.021192221250385029e-01
1.013964308146387272e-01
1.020444945245981283e-01
1.015735395997762747e-01
1.018986131250858296e-01
1.016349895671010001e-01
1.016478809900581842e-01
1.013997111469507190e-01
1.015752938017249057e-01
1.012443365529179518e-01
1.009971637465059691e-01
1.009537101909518259e-01
1.011079101264476809e-01
1.010975482873618658e-01
1.008249267842620672e-01
1.005702730827033459e-01
1.007533507049083732e-01
1.003868406452238515e-01
1.007131715491414031e-01
9.999219800345598985e-02
9.990867218002677519e-02
9.989764429628848752e-02
9.984868254512548058e-02
9.934625595808029008e-02
9.946151420474053095e-02
9.934121424332260919e-02
1.002486679423600369e-01
9.952338911592960302e-02
9.945897666737436860e-02
9.880351425148546640e-02
9.919405097141861805e-02
9.917316490784287841e-02
9.907978063449263129e-02
9.918143162503838262e-02
9.867571692913770787e-02
9.890412133187055643e-02
9.853007846511900591e-02
9.870212400332092906e-02
9.877885079011321234e-02
9.878227385692298079e-02
9.853562146425247359e-02
9.812676367349922046e-02
9.855397634208201696e-02
9.821038451977073813e-02
9.856720319017768517e-02
9.769635415636003517e-02
9.797014105133712569e-02
9.770629019476473331e-02
9.765147202648222224e-02
9.798489188775420800e-02
9.712910344824195186e-02
9.784433157183229646e-02
9.783490678295493626e-02
9.778419916518032995e-02
9.755039132200181429e-02
9.733466071076690707e-02
9.745933400467038377e-02
9.728202368132769784e-02
9.711865280754863883e-02
9.750993371009826494e-02
9.706523477099836261e-02
9.694012301973999046e-02
9.655684729106724096e-02
9.678703359328209854e-02
9.691637921147049084e-02
9.667021848261356243e-02
9.650186893530189602e-02
9.686878088861704261e-02
9.643091969192027491e-02
9.632606828585267567e-02
9.691730271093547400e-02
9.672937919385730943e-02
9.610929509624838163e-02
9.623150254599749376e-02
9.609215031377971172e-02
9.602516777813434323e-02
9.631488098762928940e-02
9.576920869760215116e-02
9.602572404779494142e-02
9.611341041512787287e-02
9.584419919177890324e-02
9.599647059105337332e-02
9.562216893769800996e-02
9.633442693389952793e-02
9.556761579588055056e-02
9.587931808084249052e-02
9.564080719836055844e-02
9.575748119503259270e-02
9.580493625253438950e-02
9.572288149036467519e-02
9.526460783556103817e-02
9.520470772869885079e-02
9.543178167194127370e-02
9.514523622579872109e-02
9.569356578402221647e-02
9.530433328822254802e-02
9.523307556286454700e-02
9.528874993324279452e-02
9.469538832083344848e-02
9.496729678474366554e-02
9.486247478052974025e-02
9.445294744335114290e-02
9.437284696847200727e-02
9.492948478087782915e-02
9.509920448996127262e-02
9.490402257069945058e-02
