2.593687971681356563e-01
1.847769724950194259e-01
1.664288350194692567e-01
1.561347810551524107e-01
1.488817944377660851e-01
1.434753705002367596e-01
1.393049493245780424e-01
1.355882980115711567e-01
1.329371137544512749e-01
1.301637861877679714e-01
1.286094048433005788e-01
1.263915467634797174e-01
1.247655333019793006e-01
1.230310579389333747e-01
1.220818827114999311e-01
1.210190196335315660e-01
1.188837288692593530e-01
1.181842552125453999e-01
1.179400312155485103e-01
1.165562257170677241e-01
1.156367981806397383e-01
1.148807376250624707e-01
1.139734777435660318e-01
1.132765374891459981e-01
1.127223205193877281e-01
1.117326018400490312e-01
1.112939816527068609e-01
1.108028578758239735e-01
1.100540424324572136e-01
1.092848838865757011e-01
1.093519010394811697e-01
1.086094219051301490e-01
1.083145106583833644e-01
1.077428420260548581e-01
1.077780187129974421e-01
1.066644950397312580e-01
1.066244527883827703e-01
1.059593375399708742e-01
1.057883961498737313e-01
1.055979609489440946e-01
1.054842272214591564e-01
1.051411378569900995e-01
1.046924194321036394e-01
1.042925144173204866e-01
1.038329820148646832e-01
1.032770945318043226e-01
1.033774870634078941e-01
1.026962469890713714e-01
1.025639775954186872e-01
1.024669232778251116e-01
1.019697411172091894e-01
1.016845758073031958e-01
1.014764731563627675e-01
1.018443712964653969e-01
1.012069143913686270e-01
1.006694266572594615e-01
1.008692357316613164e-01
1.007635689154267322e-01
1.003970814310014281e-01
1.000565974973142147e-01
9.988666575402022074e-02
9.957074351608753704e-02
9.943619422614574654e-02
9.929333809763192520e-02
9.872176136821508852e-02
9.921419657766819555e-02
9.883416125550865960e-02
9.896785592660307940e-02
9.840274414047599227e-02
9.836713930591940713e-02
9.800874043256044277e-02
9.784904297441243681e-02
9.781426122412086033e-02
9.800269963219761238e-02
9.747263541445136403e-02
9.714616214856505727e-02
9.718982204794883450e-02
9.723942801356315335e-02
9.694184044376015497e-02
9.646479686722159164e-02
9.698655765503644277e-02
9.630711117759346851e-02
9.642201943323015778e-02
9.653551733121275291e-02
9.622848926112055612e-02
9.574313418939710274e-02
9.574830690398812572e-02
9.591764423996210209e-02
9.536696111783385388e-02
9.525484247133135518e-02
9.538580384105443954e-02
9.474164348095655275e-02
9.510225396603345926e-02
9.527758188545704110e-02
9.483294917270540525e-02
9.485497022047638394e-02
9.446974037215113973e-02
9.446194166317582741e-02
9.440033921971917319e-02
9.421557353809476010e-02
9.404286520555615869e-02
9.400109447538852747e-02
9.407574392855166945e-02
9.386850254610180910e-02
9.392518939450383852e-02
9.338760204613208438e-02
9.370745670050383003e-02
9.351332996040583045e-02
9.334410013630986547e-02
9.339144917204976470e-02
9.317818377166986465e-02
9.288747271522879156e-02
9.289128839969634788e-02
9.275854982435703666e-02
9.288682760670781413e-02
9.266411885619163513e-02
9.290235720574856193e-02
9.240891089662910118e-02
9.245442938059568461e-02
9.213638788089156817e-02
9.219291133806109539e-02
9.235979694873094892e-02
9.206127539277077221e-02
9.213121172040700246e-02
9.195493973791599163e-02
9.179685303941369223e-02
9.173803105950355252e-02
9.167696451768278521e-02
9.162619274109601308e-02
9.160389238968491554e-02
9.123666640371083658e-02
9.164580853655934778e-02
9.143391961231828180e-02
9.121432317420839764e-02
9.096763700246811302e-02
9.080983020365238079e-02
9.082031736150383838e-02
9.066022265702486371e-02
9.101883558556438103e-02
9.075397407636046077e-02
9.072083393111825267e-02
9.074167726561427338e-02
9.073973767459392326e-02
9.058859016746283188e-02
9.033074103295803126e-02
9.009685745462775452e-02
9.008087722584605384e-02
8.999725118279457148e-02
9.024903982877731379e-02
8.991154409945011083e-02
8.980693427845835852e-02
9.002197317779064845e-02
8.987515347078442463e-02
8.979498477652668453e-02
8.972947819158434701e-02
8.967113519087434315e-02
8.934980060905217680e-02
8.953572886064647962e-02
8.950191507115960732e-02
8.950283011421561463e-02
8.947869310155510958e-02
8.899363607168198076e-02
8.910844305530191134e-02
8.947719132527709451e-02
8.901988806203008087e-02
8.913383498787880166e-02
8.904549876227975391e-02
8.906258651986717623e-02
8.906846538186073692e-02
8.874390445649624204e-02
8.896097656339406468e-02
8.872788136824966143e-02
8.835421973839402421e-02
8.869959643110632286e-02
8.860035479068756326e-02
8.857277059927583240e-02
8.862333228811621055e-02
8.825945168733596857e-02
8.846041815355419613e-02
8.828288646414876595e-02
8.849317740648984798e-02
8.846629457548260689e-02
8.810171585530042482e-02
8.813466681167483885e-02
8.774780184030532559e-02
8.836346635594964638e-02
8.811773950234055852e-02
8.768607066944240913e-02
8.763213049620389994e-02
8.811425680294632246e-02
8.796233743429184015e-02
8.762964032590389585e-02
8.779354345053434761e-02
8.751922138035297949e-02
8.763124182820319907e-02
8.745518734678625616e-02
8.766148479655384851e-02
8.733630046248436196e-02
8.766911027953028235e-02
8.716262364760041237e-02
8.762391040101646933e-02
8.730108657851815002e-02
8.725346675142646446e-02
8.738657159730792157e-02
