2.436558960005640873e-01
9.167928755283355491e-02
7.812613386660814674e-02
7.482278849929571707e-02
7.203436359763144836e-02
6.666203446686268241e-02
6.925663366913795138e-02
6.506851049140095766e-02
6.714749794453382659e-02
6.328187650069594383e-02
6.526524387300014496e-02
6.268949113786220773e-02
6.473012601956724954e-02
6.251197151839732458e-02
6.349644299596547692e-02
6.297016059979795854e-02
6.260885069146752968e-02
6.158220669254660384e-02
6.371583715081215182e-02
6.232750132679939353e-02
6.221322426572441916e-02
5.933340683579444580e-02
6.137624576687812639e-02
5.769353900104760846e-02
6.386263955384492708e-02
6.105562327429651936e-02
6.067606829106807903e-02
6.105976173654198425e-02
5.859861148521303825e-02
6.068725923076272177e-02
6.089532449841499051e-02
6.029952282086014498e-02
5.833858191967010443e-02
6.155173886567354147e-02
5.920962637290358432e-02
5.759745806455612155e-02
5.963463526219129479e-02
5.797868678346276144e-02
5.775806348770856635e-02
5.752957956865430156e-02
5.920391455292701999e-02
5.921006072312593599e-02
5.290304709225893132e-02
5.761113094165921239e-02
5.725692778825759721e-02
5.265525911003351295e-02
5.846269080415367886e-02
6.095020439475774821e-02
5.772415224462747879e-02
5.764149561524391230e-02
5.900579968467354469e-02
5.617563948035240312e-02
5.482408314943313515e-02
5.978396572172641615e-02
5.823198605328798461e-02
5.821548724547028625e-02
5.683361141011118722e-02
5.633547691628337101e-02
5.710354046896100322e-02
5.851494852453470452e-02
4.643759230151772721e-02
6.373064409941435471e-02
5.516949761658906937e-02
5.821810031309723743e-02
5.389392336830496621e-02
6.012664943933487133e-02
5.367594631388783455e-02
5.737705811858177102e-02
5.693886924535036115e-02
5.459378786385059301e-02
5.761720050126314246e-02
5.760987034067511364e-02
5.498743074014782878e-02
5.776263426989317051e-02
5.548766080290078867e-02
5.875540748238563399e-02
5.755792124196887349e-02
5.682213688269257407e-02
5.369583705440163918e-02
5.623481962829827985e-02
5.509334012866020508e-02
5.304372940212487980e-02
5.881353486329317370e-02
5.386163128539919742e-02
5.705811936408280993e-02
5.272507943212986076e-02
5.495045302435755397e-02
5.851541463285684502e-02
5.713993886485695811e-02
5.025282178074121781e-02
5.832899508997797799e-02
5.568171037361025616e-02
5.825176049023866875e-02
5.690684910863638007e-02
5.245453832671045924e-02
5.860836187377572309e-02
5.578768242150545370e-02
5.268184199929237116e-02
5.729331124573946304e-02
5.619545640423893873e-02
