2.728576473951339842e+00
1.316081143572926493e+00
8.767478573918342510e-01
6.180102971047163329e-01
4.112210046872496472e-01
2.014146772734820845e-01
1.920366418417543131e-01
1.814036506004631510e-01
1.345271950922906357e-01
1.279050866924226204e-01
9.598323736339807455e-02
1.067373017482459580e-01
1.075202993862330869e-01
8.943119568563998034e-02
8.989156670495868084e-02
8.656657605804503330e-02
8.240943623706697974e-02
8.210563036799431447e-02
7.608390002883970438e-02
7.504452923685311916e-02
7.368537330441177202e-02
7.614359956048429023e-02
7.757070717029274087e-02
7.886467422638088198e-02
7.562205920368432477e-02
7.675918603129684714e-02
7.162736392207444402e-02
7.241224369592964838e-02
7.497204775735735738e-02
7.105519648827612889e-02
7.696203155629337267e-02
7.190542316809296619e-02
7.287304037995635808e-02
7.330479347333311579e-02
7.259422111883759299e-02
7.482456946000456965e-02
7.039327936619520221e-02
7.239326729811727812e-02
7.927747668139636938e-02
7.730144977010786067e-02
7.255349411815405214e-02
7.350989762507378900e-02
7.975595699436963115e-02
8.654259197041391793e-02
7.436243545077740602e-02
7.232459869515150963e-02
7.728003505244851468e-02
7.300019793771207743e-02
6.902969077602029435e-02
6.994123145751654502e-02
7.108846769202500915e-02
7.233808066695929240e-02
7.484151475690305200e-02
7.208265899866819759e-02
6.797872995771467308e-02
6.872328519262373148e-02
7.241844220831990253e-02
7.587628190219401769e-02
7.665943866409360985e-02
7.241469591110945292e-02
9.819490596279502326e-02
7.406943336501717323e-02
7.838782854378223419e-02
7.308979779947549771e-02
8.080463739857077221e-02
6.944075582921505063e-02
7.996033652778715417e-02
7.234113879129290547e-02
6.841252694558351555e-02
7.280411940440535690e-02
7.041721697151660797e-02
7.465252503007650808e-02
7.692685128189623300e-02
6.935997071117162849e-02
7.561540262214840047e-02
7.183374367654322967e-02
6.760457910597324205e-02
6.776486905664205751e-02
7.450676418282091429e-02
6.949915766902267644e-02
6.860415399633347511e-02
7.889980117883532706e-02
8.422157433070241728e-02
7.434897718951105627e-02
6.903570241667329743e-02
7.486086603626608549e-02
7.429119296092540070e-02
6.964533732831477975e-02
6.674340595863759162e-02
8.766296401433647245e-02
6.675782350823283862e-02
6.858880145102738690e-02
7.170557261258363180e-02
6.616186624765396651e-02
7.254523069411515646e-02
6.790902610402554940e-02
7.046575198136270646e-02
7.242455856036394968e-02
8.573050985857844086e-02
7.149097190238534738e-02
