1.546048986415068383e+00
1.461574040477474634e-01
8.472588050489623934e-02
8.156830643614133847e-02
7.655207828929026792e-02
7.405035937204956786e-02
6.895754940807818922e-02
6.678828294078509309e-02
6.704590475186705811e-02
6.788154074922203574e-02
6.677675594265262971e-02
6.501091148704291056e-02
6.694193632652362114e-02
6.640849743038415576e-02
6.532649734988808798e-02
6.760742988437414003e-02
6.879185751080513223e-02
7.068274003763994062e-02
6.766612895453970322e-02
7.154167703042427218e-02
6.455179967607060920e-02
6.820810477559764717e-02
7.211831122015913142e-02
7.508498062069217382e-02
6.353998497749367702e-02
6.382188828662037350e-02
6.569269615535934526e-02
6.694251757115125823e-02
6.336644512290755260e-02
6.299189286306500213e-02
7.405983659749229564e-02
6.184540481617053359e-02
6.675912519916891996e-02
6.358488403881588924e-02
6.835829996814329901e-02
6.441544643292825001e-02
7.040985805913806128e-02
7.260320203378796411e-02
7.154627278447150962e-02
6.330134796599547198e-02
8.402995118560890875e-02
6.577996422226230211e-02
6.476696194459995171e-02
6.875912748277186737e-02
6.590251751864949215e-02
6.557772864277164326e-02
6.399485905965168753e-02
6.251955611010392988e-02
6.321120437234639677e-02
6.224678328260779131e-02
6.400284863387545320e-02
6.232491118833422689e-02
5.912621924653649330e-02
6.634050683428843742e-02
6.566431665172180188e-02
6.002705875163277111e-02
6.023758674040436550e-02
5.985951780031124880e-02
6.543586743995546962e-02
5.993219242120782775e-02
6.558509172250827357e-02
6.230355334157745145e-02
5.945218690360586089e-02
6.198924900963902196e-02
5.974559879551331193e-02
6.132253826906283733e-02
6.200505634769797048e-02
5.940238929043213656e-02
5.789568718212346338e-02
6.786626468102137377e-02
6.096944165105620816e-02
5.909818838660915730e-02
5.956194312001267949e-02
6.028285427018999915e-02
7.045922921349605239e-02
6.032142159839470885e-02
6.414036188274621630e-02
6.137063458561897028e-02
5.961507142831881656e-02
5.985888269419471081e-02
5.975521637747684828e-02
6.273867034663756226e-02
6.261075531132519190e-02
6.256319000075261094e-02
6.276681432500481883e-02
5.761101179445782955e-02
6.543987574055791512e-02
6.116082260385155567e-02
5.900809736922383447e-02
6.467756363873680692e-02
6.991690574834744099e-02
6.175148209556937523e-02
6.172444680705666681e-02
6.709050826107462728e-02
6.021537456040581410e-02
5.774878354743123027e-02
6.125156199559569220e-02
5.967164590333898927e-02
6.084084069045881532e-02
6.531848500793178969e-02
5.828885866329074072e-02
6.367445526955028967e-02
6.685761950910090734e-02
6.058354955166578293e-02
5.678107311328252360e-02
6.236092085639635685e-02
6.225980446363488935e-02
6.125370434795816832e-02
6.218410222480694194e-02
5.785882344469427813e-02
6.004649287089705578e-02
6.134844366461038312e-02
6.597654927521943991e-02
6.011168048406640568e-02
5.792200382178028240e-02
5.970121749987204740e-02
5.997916239313780956e-02
6.064870414634545431e-02
5.760984670370817434e-02
5.856681345030665536e-02
5.848619662225246207e-02
6.281367735316356615e-02
6.012515327582756974e-02
5.863001488770047676e-02
6.127539202570915500e-02
6.092412907630204849e-02
6.885310676259298601e-02
5.613405464837948472e-02
5.950762603431940245e-02
6.288155903729299168e-02
5.856522593957682460e-02
5.935762655610839211e-02
6.115802537028987990e-02
6.078941660933196572e-02
6.265461970120668467e-02
6.043165740246574102e-02
6.109847317760189189e-02
5.985303545370698058e-02
6.447771434361736220e-02
5.548487205058336147e-02
5.566372852151592332e-02
5.679690744106968142e-02
5.961591827062268784e-02
5.929380118846893505e-02
6.466995168166855823e-02
6.001162594184279719e-02
5.738192581882079618e-02
5.662141655882199642e-02
5.668936660823722939e-02
6.514114928742249788e-02
6.057875014220674703e-02
5.641282290841142383e-02
6.193993288402756259e-02
6.195083829263846320e-02
6.899651160463690647e-02
6.166635250672698049e-02
5.982433486729860084e-02
5.996657448510329252e-02
5.960413253555695012e-02
5.796757473299900959e-02
5.587949683889746610e-02
5.813114491601784756e-02
5.751471524437268279e-02
6.136710703993836918e-02
6.431013378625115295e-02
5.813672893370191302e-02
5.699335952599843269e-02
5.772585879390438462e-02
5.553201921905080718e-02
5.895521493007739589e-02
5.625658053904771666e-02
5.941528437659144429e-02
5.754866382107138439e-02
6.639550014709433290e-02
5.872554167484243803e-02
5.682610940188169424e-02
5.513681560133894266e-02
6.299560919714471130e-02
6.110403212408224705e-02
5.981303531676530894e-02
5.799425350502133286e-02
6.024160834029317069e-02
5.828403617565830475e-02
6.276358075439930628e-02
5.714637783666452059e-02
5.785966667036215177e-02
5.740557989726464277e-02
5.582167614872256961e-02
5.882920530314246499e-02
5.464961404601732797e-02
5.670792481551567565e-02
5.862674842278162851e-02
5.685256432431439605e-02
5.886349567522605047e-02
5.660908613664408784e-02
6.205278338243563896e-02
5.770237080131968010e-02
5.734519215921560914e-02
5.676867345968882039e-02
5.814491376280784413e-02
5.978126301119724567e-02
5.981293154259522543e-02
5.516934914514422250e-02
5.682232936844229532e-02
6.225645731513698711e-02
6.051111379017432707e-02
5.703179980938632987e-02
5.781258486832181742e-02
5.690335252011815420e-02
5.809398458028833256e-02
5.869935894384980396e-02
5.744109993800521063e-02
5.752457846576968653e-02
5.707877074057857159e-02
5.635678311809897562e-02
5.700699000929792398e-02
6.012081372862061041e-02
6.343783264669279609e-02
5.450709551572799350e-02
6.094893824309110392e-02
5.744235587616761812e-02
5.818789919217427775e-02
5.454451685771346398e-02
6.020815688495834844e-02
5.610210453160106858e-02
5.678417385866244699e-02
5.967502305905024451e-02
5.606736312309901216e-02
5.514061953872442107e-02
7.147021437684694667e-02
5.560617303786178495e-02
6.095739000166455757e-02
5.756954553226630023e-02
5.723099910964568604e-02
5.643850875397523476e-02
6.565715423474709211e-02
5.481095432924727728e-02
5.730062072475751445e-02
5.608419278015693010e-02
5.784602559482057704e-02
5.738840670635302760e-02
5.942202092458804402e-02
5.610992636531591388e-02
5.681310965990026690e-02
5.934398536259929274e-02
6.387814683218796807e-02
5.866385638092955213e-02
5.685748761519789779e-02
6.197533175038794778e-02
6.096103979274630769e-02
5.842651974409818899e-02
5.821304769565661952e-02
5.799295909702777835e-02
5.660915906851490126e-02
6.564653260322908523e-02
5.396978792424002996e-02
5.494514745349685092e-02
5.821926506236195509e-02
5.358585163330038120e-02
6.067730577662586861e-02
5.828177751973271509e-02
6.440107154659927002e-02
5.543484162539243781e-02
6.078106773396332874e-02
6.049731954311331206e-02
5.734595292558272717e-02
5.495374994352460185e-02
5.689871794233719582e-02
5.727452716479698724e-02
5.628516250600417575e-02
5.832736363634467153e-02
5.619245602128406653e-02
5.541471799835562956e-02
5.814321126167972670e-02
5.579554408167799323e-02
5.889339279383420944e-02
5.865292460347215631e-02
5.658570003074904486e-02
5.776229897513985440e-02
5.605315677200754798e-02
5.372005510454376520e-02
5.494290307164192283e-02
5.207305029655496381e-02
5.276948032900691254e-02
5.907165302584568845e-02
6.084954663800696412e-02
5.793213412786523547e-02
5.653973727176586639e-02
6.354405700539549062e-02
5.575122055908043883e-02
5.780517840757966319e-02
5.707658531765143206e-02
5.824895219256480405e-02
5.613309435546397913e-02
5.591789059340954160e-02
5.660200256854295425e-02
5.505770965168873404e-02
5.559074119975169342e-02
5.907407932604352707e-02
5.752607775231202702e-02
5.715729641417661988e-02
5.842006864026189072e-02
5.800591113045811681e-02
5.572053131336967419e-02
5.661827176498870212e-02
5.627627324312925450e-02
5.434555211414893172e-02
6.544143838187058138e-02
5.502132793888449974e-02
5.420358029815058182e-02
5.439865061081945730e-02
5.572217763712009053e-02
5.639671829839547346e-02
5.691594289305309390e-02
5.834117933176458104e-02
5.534466514363885203e-02
5.506497493013739336e-02
5.837823835512002263e-02
5.777753477916121316e-02
5.580263540769616476e-02
5.851492060348391366e-02
6.550709354380766791e-02
5.755238525569438685e-02
5.448589362824956400e-02
5.858050202329953549e-02
5.731404878199100605e-02
5.614643114929397660e-02
5.574704032391309544e-02
5.714973261579871233e-02
5.678792187633614069e-02
5.692030375202496856e-02
5.702130594911674483e-02
5.864315982908010344e-02
5.670335001001755582e-02
5.889936106900373752e-02
5.504701982562740931e-02
5.720548192660013936e-02
5.764753407488266285e-02
5.615090552096565352e-02
5.696361781408389169e-02
5.638143647462129371e-02
5.565687519808610456e-02
5.517526747037967277e-02
5.800556516274810170e-02
5.533234610532720976e-02
5.547462116306026841e-02
5.629333915188908244e-02
5.976466309900085178e-02
5.697243738298615051e-02
5.534470829491813793e-02
5.211245967385669253e-02
5.984699877910316240e-02
5.669520922626058307e-02
5.638857354099551661e-02
5.404691326742371016e-02
5.495706931377450366e-02
5.435958427687485883e-02
6.146716021311780104e-02
5.487769179667035396e-02
5.497696240432560499e-02
6.051351757099231177e-02
5.836497682767610024e-02
5.517122422034542034e-02
5.527374656250079454e-02
5.498126006995638498e-02
6.166430148606499156e-02
5.689483407884836363e-02
5.576597813516855073e-02
5.715603267153104156e-02
5.684392962604761096e-02
5.438800137490033826e-02
5.634860937794049923e-02
5.802091764907042065e-02
6.046239500244458831e-02
5.800692481299241088e-02
5.517631893356641365e-02
6.921266057218114498e-02
5.593602415795127791e-02
5.339785749092697958e-02
5.755300966401894619e-02
5.313128105054298889e-02
5.964593245337406618e-02
5.577049629141887094e-02
5.661759071672956001e-02
5.551681226119398876e-02
5.890115819560984983e-02
5.860878022698064876e-02
5.731867896392941336e-02
5.686042434846361182e-02
5.678855819627642854e-02
5.635178751622637455e-02
5.660750721270839392e-02
5.606712054461240879e-02
6.013034667819738138e-02
5.842331593545774943e-02
5.556473962962627661e-02
5.638011380409201079e-02
5.843495451534787971e-02
5.809043256876369327e-02
6.276778797929485898e-02
5.637353201086322402e-02
5.496364259161055227e-02
5.812364545340339278e-02
6.027557732537389135e-02
5.901877193401257327e-02
5.578201331819097192e-02
5.311936769634485050e-02
5.574012563874324033e-02
5.396968170379599222e-02
5.421745991334318837e-02
5.907656755298375945e-02
5.653669953967133815e-02
5.678262599433461788e-02
6.135072963312268590e-02
5.421717967838048796e-02
5.520449501772721479e-02
5.679017924393216926e-02
5.539664073536793715e-02
5.701001857717832161e-02
5.464168297126889562e-02
5.514631945950289327e-02
5.410083275598784325e-02
5.549635168164968740e-02
6.232988449123998825e-02
5.443588663513461434e-02
5.446827764312426462e-02
5.999540392309427039e-02
5.580839314808447998e-02
5.284200188393393949e-02
5.453896230707565990e-02
5.977861014505227166e-02
6.637259896844625862e-02
5.484388299286365592e-02
5.638260685528317939e-02
5.682786511257290757e-02
6.578780799793700063e-02
5.632136930401126368e-02
5.478241010258595028e-02
5.673654806489746016e-02
5.476670239431162546e-02
5.410737752293547087e-02
5.520706021537383212e-02
5.484491040930151995e-02
5.967247720497349806e-02
5.522261029730240328e-02
5.752288428445657270e-02
5.566545361032088773e-02
5.676002898563941440e-02
5.974597842122117419e-02
5.372125436241428215e-02
5.729510209523141356e-02
5.581722258279720600e-02
5.441459638377030977e-02
5.275071920827031219e-02
5.448572022219499295e-02
5.628048244242866982e-02
5.526497902348637831e-02
5.542186769656837209e-02
5.401401337857048013e-02
5.625077324608961787e-02
6.161375031185646611e-02
5.388895484929283330e-02
5.912084367126226730e-02
5.593085188418626952e-02
5.965614908064405253e-02
5.689410954403380238e-02
5.971013824455440044e-02
5.794130563735962192e-02
5.492153671259681486e-02
7.132396438159048502e-02
5.678371998171011931e-02
5.667380603651205745e-02
5.491823526720206183e-02
5.941986870020628253e-02
5.597864267726739007e-02
6.231741864855090685e-02
5.937164438267548972e-02
6.429406085982919405e-02
5.801231167279184003e-02
5.376497017219662722e-02
5.350554053982099073e-02
5.452210972706476866e-02
5.466371198495229011e-02
5.401487413793801956e-02
5.852287481228510280e-02
5.709435912780463918e-02
5.579488918806115721e-02
5.411239466319481273e-02
5.321343588953216658e-02
5.399748474980393953e-02
5.716777887195348407e-02
5.842952014878392136e-02
5.420203375940521595e-02
5.638941802084446175e-02
5.766148575271169002e-02
5.904546427230040334e-02
5.989335248246788895e-02
5.785351049465437684e-02
5.604499607036510928e-02
5.719063686206937031e-02
