1.022592411190271361e-01
8.821666670342286076e-02
8.309581505755583852e-02
8.159813158214092310e-02
7.885387194653352416e-02
7.737815541525681906e-02
7.855229534208774123e-02
7.909238321085770851e-02
7.706907828648884573e-02
7.521707557141781020e-02
7.831162532170612978e-02
7.542588000496228129e-02
7.571441248059272711e-02
7.548990967373053751e-02
7.519362270832061212e-02
7.490856185555458402e-02
7.570882956186930635e-02
7.407369782527287172e-02
7.411754680176575738e-02
6.383673341323932438e-02
7.204878432055314419e-02
7.071770168840885162e-02
7.287957775096098878e-02
6.501754385729631436e-02
7.251591439048449272e-02
7.268347161511580501e-02
7.217449565728505101e-02
6.943409952024619247e-02
7.218231074512004852e-02
6.973704678316910988e-02
6.965980418026447574e-02
6.994487933814524938e-02
6.711111192901929312e-02
7.041724793612956501e-02
7.048936707278093128e-02
7.017739377915858945e-02
6.698167716463407362e-02
7.039662435650825834e-02
6.926043974856535557e-02
6.856537744402885215e-02
6.422311196724574123e-02
6.600228510797023773e-02
6.933141370614369359e-02
6.696420518060525184e-02
6.750548149148623278e-02
6.595040497680505764e-02
6.621217561264833296e-02
6.833397152523200402e-02
6.406962095449368622e-02
6.668091764052709591e-02
6.563271405796210212e-02
6.517496765901645284e-02
6.839569576084614244e-02
6.454953166345754612e-02
6.499637340505917682e-02
6.633130550384520874e-02
6.531542689849932637e-02
6.634053302307924005e-02
6.339005655298630970e-02
6.551939477523167910e-02
6.272029284387826975e-02
6.493466825534900677e-02
6.263322872420151732e-02
6.395553516844908193e-02
6.560172602534293518e-02
6.345634079227845115e-02
6.341284689803917962e-02
6.637734552224476559e-02
6.466613214462996195e-02
6.032160788774490467e-02
6.287206506977478793e-02
6.757971550027529195e-02
6.413810368627309577e-02
6.416804770628611876e-02
6.353443125883738440e-02
6.576721997310717993e-02
6.242403034120798389e-02
6.273359370728333329e-02
6.411018207669258451e-02
6.467123107363779988e-02
6.435499423493941384e-02
6.035702358931303163e-02
6.085984354217847253e-02
6.460250367720922482e-02
5.993411013235648566e-02
6.296142807851234924e-02
6.352092010279496159e-02
6.398324613769848512e-02
6.436067329098781042e-02
5.985604877273241475e-02
6.098209093014399229e-02
6.198907391478618301e-02
6.211465684076149935e-02
6.143036170552174102e-02
6.301236369957526062e-02
6.342946281035741207e-02
6.321490141252676664e-02
6.187928060690561782e-02
6.365240845829248095e-02
5.793969679623842128e-02
6.381783901403347004e-02
5.806487839668988959e-02
6.137560629596312822e-02
6.436001575241485917e-02
5.949330960710843413e-02
6.185545813292264716e-02
6.204130245993534631e-02
6.251513436436653692e-02
6.149001273016135166e-02
6.144760236144065912e-02
5.969857824345430053e-02
6.302876739452283050e-02
6.253690662483374352e-02
5.991265928993622786e-02
6.208915489415327976e-02
6.086255223800738495e-02
5.861931029707193042e-02
5.990609941383202852e-02
6.295828092843294699e-02
6.111421012630065264e-02
6.071884812166293555e-02
5.977666718264421086e-02
6.053288105875253428e-02
5.996165248254935187e-02
6.055670158316691504e-02
6.303905981282392768e-02
5.610678764681021474e-02
6.140093366305033468e-02
5.835946561147769412e-02
5.972950110832850323e-02
5.933751334746678596e-02
6.028378794590632389e-02
5.932850242902835275e-02
5.920523903022209544e-02
6.055996221800645507e-02
5.951517682522535629e-02
6.133287729074557437e-02
5.934124893198410716e-02
5.975899291535218677e-02
6.202457010746002114e-02
6.033421594649553132e-02
6.068158229192097824e-02
5.404911179095506918e-02
5.893523551523685566e-02
5.651453005770842170e-02
6.075896513958772144e-02
6.022851975013812642e-02
6.112740717828273745e-02
5.922791901975869855e-02
5.928794272243976399e-02
5.914978109300136899e-02
5.876906475673119440e-02
5.904111774017413439e-02
6.046977637956539586e-02
5.512075485040743988e-02
5.808047210176785907e-02
5.856822855770588143e-02
5.919975347816944233e-02
5.894791675110658269e-02
5.815928661574919917e-02
5.999402038753032934e-02
5.954322555412849133e-02
6.049131962160269466e-02
5.960752354313929996e-02
5.563526211927334597e-02
5.947980113327502871e-02
5.638257447630166952e-02
5.922895319759845928e-02
5.612335570156574277e-02
5.954697570453087313e-02
5.878997432688871927e-02
5.745755977928638375e-02
5.798449415713548966e-02
5.458308742692073029e-02
5.871234113971392221e-02
5.900381880501905790e-02
5.999078437685966686e-02
5.834375064820051388e-02
5.473771435519059203e-02
6.030516507724920788e-02
5.852874403198560227e-02
5.737690796454747444e-02
5.830116841942072081e-02
5.764106574157874113e-02
5.347141998509565702e-02
5.656418106208244839e-02
5.958012218276659971e-02
5.970839358866214530e-02
5.743329159915447346e-02
5.702582088609536165e-02
5.921655818819999972e-02
5.545276682823896408e-02
5.815479602664708897e-02
5.654703972240288784e-02
5.954045422375202345e-02
5.705574892461300063e-02
5.800624109804630030e-02
5.874054784576097921e-02
5.831656426191329790e-02
5.891002479940652542e-02
5.755291352669397731e-02
5.681556638330221426e-02
5.832312194009622169e-02
5.875619351863860945e-02
5.811548280219237111e-02
5.789784782876571112e-02
5.564170688390732145e-02
5.575524186094601986e-02
5.855983573943376874e-02
5.701744473228852195e-02
5.866584052642186825e-02
5.833815481513738438e-02
5.825372540702422608e-02
5.760652224222818918e-02
5.891379890342553216e-02
5.799425411969423572e-02
5.699500733365615163e-02
5.439241083959738682e-02
5.661416100958983205e-02
5.835575619091590283e-02
5.662222150713205199e-02
5.819543267289797178e-02
5.827634910742441471e-02
5.734277401119470402e-02
5.825248869756857739e-02
5.840768396854400385e-02
5.630922408153613695e-02
5.749464987466732652e-02
5.559154647092024587e-02
5.000330484161774613e-02
5.667533309509356632e-02
5.716129435847203122e-02
5.927425288905700113e-02
5.409493138392766631e-02
5.828118767589330479e-02
5.612391533950964601e-02
5.297345670560995451e-02
5.736198380589484919e-02
5.843704865624507055e-02
5.746518775820732422e-02
5.430273231118917798e-02
5.506819009780884039e-02
5.736396296570698411e-02
5.696776298185189658e-02
5.649940174072980853e-02
5.293335019300381139e-02
5.753357371936241443e-02
5.652355658511321046e-02
4.975897745539744482e-02
5.729577830682198308e-02
5.843251310288906375e-02
5.861949243893226080e-02
5.895290662844975688e-02
5.558524527897437673e-02
5.177427982290586095e-02
5.700049401571353341e-02
5.799082449326912331e-02
5.792590803156296569e-02
5.580436901499827990e-02
5.773656724641720167e-02
5.664616202314694954e-02
5.397798550625642483e-02
5.661618794004122379e-02
5.510689559082190131e-02
5.532827561100323727e-02
5.635930600265661589e-02
5.688640839109818104e-02
5.639616162826617540e-02
5.686324908087651148e-02
5.693292532116174531e-02
5.436342741052309357e-02
5.704244243601958031e-02
5.685198824852705224e-02
5.656204673151175172e-02
5.615298905720313150e-02
5.315476009001334629e-02
5.643409409870703969e-02
5.668329695860544609e-02
5.579428075502316370e-02
5.459235037366549220e-02
5.592388654748598614e-02
5.775723668436209129e-02
5.619945230583350132e-02
5.536261153717835642e-02
5.643716368824243379e-02
5.388448278109232714e-02
5.458919809510310445e-02
5.772596890727679092e-02
5.236386449386676301e-02
5.510560953368743436e-02
5.658906863381465285e-02
5.613064254323641561e-02
5.678769306590159688e-02
5.540019161999225339e-02
5.663724487026532833e-02
5.557455758253733447e-02
5.531005575011174041e-02
5.676601863155762012e-02
5.667410310357809400e-02
5.399065929154554799e-02
5.735158490637937839e-02
5.440284084528684838e-02
5.408242151141166854e-02
5.554127429922421644e-02
5.505900502204894714e-02
5.688535685340563586e-02
5.530491574356953544e-02
5.152576785534620368e-02
5.636656526476144929e-02
5.688273436079422513e-02
5.656683298448721836e-02
5.459471671531597459e-02
5.678630501031875499e-02
5.582206786920627245e-02
5.648972981919844760e-02
5.545120830337206541e-02
5.570358802874882803e-02
5.450274140884479174e-02
5.408888865262270057e-02
5.507364895194769017e-02
5.216907224307457819e-02
4.975368770460287388e-02
5.691698553661505428e-02
5.716581832617521203e-02
5.474097399661938257e-02
5.354205792148907656e-02
5.628555011004209713e-02
5.409882427503664992e-02
5.517267681658268030e-02
5.483608234673738313e-02
5.638422545045614076e-02
5.328990223507086565e-02
5.328322028120358739e-02
5.573453977704048018e-02
5.644985993703206112e-02
5.619850900024175866e-02
5.394076865166425733e-02
5.495088664193947814e-02
5.582063359518845552e-02
5.577015058447917090e-02
5.689575269818306080e-02
5.688032982250054714e-02
5.574929044892390495e-02
5.610720432053009632e-02
5.598016938815514321e-02
5.647927970935900932e-02
5.144499933967987965e-02
5.440204737087090542e-02
5.574364258597294675e-02
5.565215130647023500e-02
5.554571626087029951e-02
4.818484060466289576e-02
5.561254572123289219e-02
5.313532308985789709e-02
5.672483618060748106e-02
5.544509007285038787e-02
5.664751097559928700e-02
5.477426944921413854e-02
5.421842219928900419e-02
5.409848272800445862e-02
5.413410777846972000e-02
5.281755020221074598e-02
5.518987485518057901e-02
5.513868093490600919e-02
5.684503284593422912e-02
5.049082059413194379e-02
5.405727754036585703e-02
5.575176281233628489e-02
5.306383506705363712e-02
5.478942953050136566e-02
5.535829134285449871e-02
5.370927820603052516e-02
5.401042179514964348e-02
4.951835926622152190e-02
5.474952398488919236e-02
5.546439252793788910e-02
4.892584049453337774e-02
5.680384630958239256e-02
5.571476680537065101e-02
5.479529288907845908e-02
5.454432739565769767e-02
5.281344046195347863e-02
5.531242494781812152e-02
5.550088023145993699e-02
5.133233187099298100e-02
5.397510590652624535e-02
5.002942819148301773e-02
5.535365503281355209e-02
5.726723637431860303e-02
5.390180394053459279e-02
5.605883743613958303e-02
5.370476665596167487e-02
5.289005323002735764e-02
5.138507391015688375e-02
5.241985255231459973e-02
5.095115881413221637e-02
5.431019121160109847e-02
5.329830385744571686e-02
5.312054421752691186e-02
5.179926161964734654e-02
5.633403825263182119e-02
5.406147286295890503e-02
5.573532645901044247e-02
5.350490091989437702e-02
5.327872078865766858e-02
5.325246448318163295e-02
5.323289159685373056e-02
5.540963675826787727e-02
5.497310946385065844e-02
5.561053103456894270e-02
5.314025256782770046e-02
5.537091774245102987e-02
5.472407183299461686e-02
5.496124013016621263e-02
5.247689632078011979e-02
5.413369101782639775e-02
5.529052668561538347e-02
5.423821578423182466e-02
5.450334308048089549e-02
5.430647539595762768e-02
5.438370183110237399e-02
5.374482004592816276e-02
5.512911802778641679e-02
5.138279162347316603e-02
5.335318634907404434e-02
5.432251765082279915e-02
5.518675255278746028e-02
5.505039144307374843e-02
5.457949625949064937e-02
5.301719686637321877e-02
5.235936298966407942e-02
5.139658665905395829e-02
5.415327885498603250e-02
5.240482962379852672e-02
5.475443337112664843e-02
4.957245326290527637e-02
5.416274526466925698e-02
5.514127079397439929e-02
5.396634875486294725e-02
5.500686121483643748e-02
5.409909129142761314e-02
5.286966516325870835e-02
5.558327746888001852e-02
5.042864875247081435e-02
5.495493113994598389e-02
5.477126915007829444e-02
5.414434980601072478e-02
5.531573127955198566e-02
5.151050268361966056e-02
5.505599516133467125e-02
5.189402631173531399e-02
5.185894497980673978e-02
5.576813785980145460e-02
5.433983741949002105e-02
5.436854371180137313e-02
5.481263364354769380e-02
5.336119264364242581e-02
5.381797271470228905e-02
5.445132579654455435e-02
5.107343263924121746e-02
5.073508544514576668e-02
5.280090042700370107e-02
5.101101208478212024e-02
5.491505009432633838e-02
5.081355659912029782e-02
5.342822454869747273e-02
5.329289199163516483e-02
5.473653698960940367e-02
5.356301588316758622e-02
5.070767134428024597e-02
5.556295735140641401e-02
5.215949681897957824e-02
5.477154479672511483e-02
5.450770247727632772e-02
5.436153544733921678e-02
5.125107797483603039e-02
5.105406239628791643e-02
5.269645699610312622e-02
5.367755449066559381e-02
5.478390442828337537e-02
5.449385602027177755e-02
5.505923089881738230e-02
5.546621604512134984e-02
5.398748495926459362e-02
5.315641896178324721e-02
5.135348877559105241e-02
5.439493529498577035e-02
5.292101990431546943e-02
5.196831893175840600e-02
5.414809059351682885e-02
5.527569935967524550e-02
5.347609892487525940e-02
5.089321695268154283e-02
5.321428311367829705e-02
5.498006633172432267e-02
5.410820038368304580e-02
5.064352879921595052e-02
5.088789184888203865e-02
5.487277543793121770e-02
5.606297969818115068e-02
