1.696888543367385926e+00
2.246258153518040923e-01
1.195179006829857893e-01
1.178181460127234459e-01
1.006616646796464898e-01
9.752525517096122254e-02
9.018480369200308766e-02
8.818295863767465492e-02
7.887813960512479738e-02
9.029878983894984446e-02
6.905142299210031975e-02
7.110831231499711858e-02
8.605549358452359299e-02
6.888001681615908700e-02
6.713625889892380072e-02
7.197891273846228344e-02
7.573826347788174818e-02
6.844020680834850268e-02
8.249722886830568314e-02
6.421436740085482986e-02
6.554495960474014671e-02
6.693884690602620868e-02
6.712108936781684132e-02
6.458087818697094695e-02
7.156463198984662488e-02
6.276364696522553077e-02
6.521699772216379976e-02
6.355283943936228253e-02
6.661435907085735963e-02
6.686523033306002173e-02
6.295022532964746065e-02
6.606136217713355629e-02
6.744142021983862145e-02
6.577105578655997875e-02
6.542351634552080741e-02
7.058717730144659086e-02
6.800503696625431749e-02
6.095888779809077729e-02
6.495903110131621971e-02
6.280049787834286745e-02
6.963529647017518975e-02
6.414438981562853304e-02
6.884220163027444939e-02
6.850764428575834009e-02
6.719965493306517823e-02
6.407816382745901151e-02
5.998112949232260044e-02
6.541363162919879015e-02
6.406924393028021192e-02
6.604980248957872946e-02
6.923666571577390128e-02
6.372360682735840609e-02
6.103804246832927188e-02
6.258592737838625242e-02
6.013872356464465552e-02
6.305321676656604202e-02
7.204954029371340996e-02
6.501746498048305289e-02
6.660883413006861431e-02
6.127599791934092849e-02
7.218629812200863527e-02
6.254463388894994369e-02
7.147514517108599641e-02
6.509472018728654219e-02
6.769888356948892960e-02
5.934590229764580976e-02
5.939221873879432789e-02
6.461027625327309121e-02
6.122046252091725704e-02
6.566637309888999352e-02
6.040667574231823461e-02
6.089418074736992204e-02
6.106504883617162871e-02
6.217762629811962594e-02
6.484447711457809460e-02
6.038478393728534399e-02
6.031280598913629776e-02
6.280839593460162129e-02
6.795909638827045407e-02
6.289558195819457131e-02
6.480371979375680602e-02
6.573660933102171144e-02
6.403343047325810167e-02
6.019442201281587079e-02
6.989227702841162293e-02
6.386902498081326041e-02
6.530011917774876384e-02
6.015294026583432874e-02
6.389735108241438588e-02
6.135844073568780949e-02
6.417416570708155132e-02
5.917187405750155144e-02
6.016492652396360913e-02
6.837402028342087767e-02
6.428087099144856598e-02
6.031578244641423031e-02
5.841921075557669069e-02
5.762871513764063203e-02
6.992832954972982851e-02
5.819732328876853211e-02
6.287217527627944613e-02
6.115529919043183327e-02
7.023079010968406866e-02
6.002688560634851511e-02
6.575533121203382125e-02
6.084750603263577168e-02
6.724050637955467091e-02
6.404774788767099436e-02
6.418053915413717003e-02
6.217454580590128788e-02
5.874715563530723272e-02
6.116222759708762197e-02
7.506662460044026541e-02
6.364011091490585914e-02
6.135946917968491954e-02
5.731667753929892833e-02
7.831898521631956711e-02
5.895402099937200463e-02
5.890822653348247451e-02
6.258431106805800725e-02
6.391708251088858150e-02
6.170174399701257306e-02
5.802967078362902126e-02
5.864144538218776098e-02
5.948105478659272000e-02
6.047160182148218072e-02
5.942936369217931974e-02
5.916166505465905029e-02
6.121646704773107961e-02
5.584876996154586326e-02
5.805161435157060734e-02
5.971919707022607660e-02
5.935436997252205998e-02
5.541118636727333097e-02
6.260532086715102362e-02
6.015474512552221320e-02
5.913898607095082610e-02
5.899533926198879952e-02
5.880030938113729039e-02
5.707573857779304344e-02
5.849021182085076959e-02
5.711667729231218599e-02
6.769528072327375690e-02
6.284484490441778759e-02
6.173477828813096063e-02
5.962529397259155872e-02
6.336349864800770726e-02
6.806421931212147669e-02
5.667854089600344453e-02
5.661558076118429483e-02
5.682043869048356705e-02
5.994765990103284592e-02
5.971726877614855905e-02
7.325501743704081192e-02
5.818334400032957460e-02
5.772282019257545665e-02
7.140866431718070895e-02
5.781884819269180603e-02
6.097366743721067961e-02
5.945843900864322684e-02
6.057173900306225128e-02
6.402214381843805702e-02
6.208149155601858787e-02
6.446160553644100788e-02
6.206028535651664235e-02
7.677512974167863269e-02
5.737271233151356592e-02
6.397590236117442486e-02
5.792896904051304113e-02
6.944368496537207947e-02
5.734618132933974599e-02
5.800840498879551721e-02
7.098886559406916708e-02
6.111916618421673469e-02
5.930030215531587739e-02
6.060598377759258276e-02
6.270099035153786637e-02
6.321360156560937305e-02
5.609692391629020336e-02
6.961774024491508561e-02
5.988542506471276200e-02
5.648696762820085149e-02
6.058051860270401157e-02
6.541788042212526300e-02
5.836943367496132823e-02
5.649676769040525015e-02
6.108225876465439574e-02
5.707739654928446066e-02
5.867624594209094879e-02
6.034394826429585745e-02
5.695769988310833698e-02
5.832969446356097570e-02
6.258119944483041264e-02
5.933767726644873647e-02
5.757628003445764558e-02
5.611659836644927735e-02
5.628905922795335304e-02
6.093276999890804430e-02
5.683592877040306857e-02
5.797156788098315611e-02
6.106178795918822122e-02
5.741160750389098788e-02
6.117154482131203358e-02
5.863565006603797120e-02
5.888436391328771835e-02
5.680928373709320800e-02
6.101956119450430149e-02
6.848786108195781264e-02
5.880336775754888695e-02
6.343110686788956676e-02
5.917231447994709265e-02
6.420195640996098629e-02
6.013133858020106720e-02
6.282339970891674674e-02
5.968314099436004827e-02
5.890394473448395951e-02
5.586213967452446916e-02
5.662287187452117593e-02
5.616337534040212465e-02
5.847190407415230745e-02
6.988300972928603028e-02
6.335649052013953009e-02
6.413969820986191450e-02
6.548817687978347735e-02
5.584577938852210849e-02
5.473684734354416354e-02
5.811211002990603752e-02
5.892649407808979445e-02
6.038288258636990979e-02
5.687155203893781014e-02
5.786829922969142365e-02
7.069216324016451558e-02
5.658073041588067981e-02
5.659657965724666784e-02
5.979098008014261528e-02
6.705780500546097700e-02
5.614268827562531039e-02
5.868694732276102249e-02
5.745014972984791024e-02
5.925701608260472431e-02
5.654946379363536696e-02
5.969717245548963880e-02
6.531175302341579725e-02
5.731781282151738460e-02
6.701922175164023998e-02
5.699545665954550144e-02
5.696224597593148309e-02
6.091156399498383334e-02
5.720292713493108777e-02
6.108654573559760964e-02
5.663569988061984556e-02
6.056685206790764914e-02
6.059265193529426996e-02
7.481179401899377968e-02
5.813916621108849991e-02
5.657421195258696689e-02
5.832890444124738671e-02
5.850436670705676245e-02
5.902367116262515617e-02
6.068370157852769065e-02
5.874533769985040149e-02
5.802304625200728483e-02
5.712341466297705950e-02
6.016706464191277914e-02
6.137051705271005797e-02
6.034919933726390351e-02
5.666655202085773418e-02
5.939134379227956062e-02
6.001848210891087831e-02
5.824960322740177499e-02
6.162604001661142056e-02
5.802525753776232448e-02
5.990139688054720718e-02
5.914535244926810015e-02
6.692153095578154409e-02
5.650344754879673553e-02
5.833366561681032486e-02
6.294355912754932836e-02
5.918200476405521132e-02
5.714473849162459568e-02
6.320713408291339652e-02
5.646476215062042059e-02
5.493539482975999533e-02
5.606154238805174939e-02
5.685193002223968423e-02
6.442335827896993050e-02
5.904370969161391175e-02
5.653862205023566651e-02
5.624766836563745848e-02
5.951925315583745518e-02
5.474726937090357293e-02
6.495441779494286194e-02
7.113237849747140740e-02
5.794146256521344462e-02
5.965502409264445555e-02
5.827868060519297844e-02
5.468089062720537380e-02
5.403469400480389456e-02
5.530845963706573082e-02
5.923872434223691891e-02
5.625076474621892170e-02
5.529189600298801965e-02
5.930098229708771068e-02
5.639460771655042948e-02
5.754241800556580272e-02
5.766654513155420464e-02
5.825245884557565118e-02
5.600526924555500330e-02
5.793801238139470455e-02
5.864937651902437515e-02
5.570949994648496245e-02
5.694745060056447677e-02
5.762689012413223927e-02
5.436506706600387900e-02
5.924679907038808008e-02
6.105076853185892327e-02
5.773796331758300482e-02
5.717959200032055045e-02
5.819449404875437493e-02
7.291697402795155325e-02
5.249105082514385345e-02
6.015398335953553444e-02
5.796304851149518961e-02
5.948281769330302643e-02
5.921991788782179217e-02
5.721159055829048296e-02
6.002054112652937395e-02
6.004800907646616615e-02
6.631731042638421003e-02
5.937541685377557832e-02
5.818487420057256998e-02
5.481748525674144668e-02
5.684377642969290489e-02
5.484786616017420929e-02
5.487545114941894814e-02
5.940306392187873208e-02
5.505627190694212941e-02
5.576358072770138535e-02
5.701556392014026781e-02
5.708802595734596003e-02
5.590947660927970964e-02
5.912086705987652097e-02
5.830433818201224277e-02
7.036129381197193944e-02
5.708455678075551737e-02
5.569918188576897244e-02
6.815793285767236809e-02
5.545506734400987292e-02
6.275337242831786899e-02
6.050819919134179520e-02
5.656229613969723097e-02
5.600079318508505849e-02
5.938692118351657917e-02
5.905770552655061068e-02
6.204588195309043014e-02
6.091803027627368944e-02
6.098932984595497458e-02
5.982522189927597794e-02
5.481646688034137044e-02
6.560423031449318099e-02
5.650615618564188564e-02
5.444781354938944135e-02
5.859714537238081000e-02
5.600058684746424265e-02
6.046160637711485430e-02
5.893577525392174749e-02
7.078968899324536435e-02
5.711074157928427292e-02
6.125267595673600934e-02
5.494886898125211222e-02
5.673382258042693194e-02
5.605795434055228788e-02
5.675881182154019627e-02
6.481239379073182316e-02
6.780808215960859586e-02
6.821731923148036114e-02
5.400738575495779570e-02
5.821289135143160876e-02
5.556766289596756087e-02
5.792115748239060058e-02
6.565179323777556308e-02
6.047416592948138409e-02
6.029433642203609056e-02
6.173131340804199202e-02
5.403368944302201077e-02
5.551942685618996287e-02
5.827035124724110060e-02
5.930575252200166042e-02
5.480084064416587686e-02
5.657467389479279435e-02
5.496409091477592879e-02
5.887332908188303016e-02
5.963294619694352316e-02
5.672634578620393969e-02
6.038561224316556925e-02
5.964912480985124638e-02
5.815829160933693592e-02
6.155950784993668295e-02
6.135415211319923678e-02
5.467325748875737079e-02
5.715157985687255998e-02
5.596470169723034155e-02
6.278141024832924189e-02
6.231873149673144291e-02
5.695270927622914092e-02
5.484577778105934748e-02
5.584269983383516323e-02
6.251446328436334465e-02
5.662453169003128783e-02
5.631958714996775084e-02
5.953926241646210343e-02
5.875116956109802113e-02
6.122149232774973249e-02
5.457992339817185901e-02
6.167434869334101344e-02
5.957962732141216383e-02
6.049464092279473876e-02
5.915513705462217137e-02
5.422565505529443330e-02
6.126143546154101671e-02
5.776501173774401671e-02
5.285086711247762026e-02
6.365373232712348561e-02
6.109199058574935060e-02
5.316866554319858718e-02
5.458604463065663825e-02
5.565176922827959338e-02
5.653722135660548681e-02
5.860574585075179616e-02
5.685558812382320720e-02
6.344937535002827256e-02
5.592139916494488772e-02
5.704092039416233662e-02
5.959048371762037249e-02
5.519768375903368052e-02
5.682862634460131290e-02
5.925813951840003257e-02
5.628494198744495719e-02
6.283315849180022561e-02
6.067403887088099884e-02
6.197745171686013660e-02
5.728390164052446498e-02
5.769155916447440968e-02
5.497807279850045609e-02
5.527253786722818862e-02
5.684623776003718681e-02
5.604300208389759175e-02
5.495698386803269525e-02
5.852348795781532609e-02
6.344967454671859852e-02
6.568501411626735675e-02
5.541103054458896421e-02
5.542208179210623281e-02
5.807118692124883103e-02
5.620669290423393333e-02
5.693695579965909331e-02
5.430024859805902132e-02
5.531108568732936992e-02
5.590601980686187716e-02
5.515400817617774343e-02
5.758362875009576803e-02
5.844295620918273787e-02
5.531589330484469602e-02
5.982307823374867495e-02
5.628483835297326543e-02
5.463709620138009621e-02
5.777560774547358530e-02
5.251139352408547983e-02
5.746370086756845408e-02
6.428636972482006107e-02
5.859235392262538561e-02
5.683272864980002531e-02
5.598139274244506858e-02
5.379491743010779425e-02
5.539680145060022626e-02
5.756211506513257692e-02
5.667219773555795537e-02
5.652300983046491811e-02
5.853730760514735953e-02
5.753327925689518535e-02
5.503542592128118222e-02
6.015077164396643444e-02
5.673317175668974449e-02
5.736549297347665055e-02
5.654270886753996056e-02
5.585611823325355857e-02
5.614815402776002912e-02
5.664763881204028934e-02
5.976457880499462527e-02
6.323291318491101876e-02
5.451504220565159958e-02
5.467428673369189446e-02
5.753621676936745977e-02
5.692955304558078300e-02
5.653180440887808911e-02
5.555816448604067315e-02
6.259793332777917330e-02
5.435876196250319370e-02
5.626636061817407580e-02
5.737247128970920929e-02
