9.785873520498473976e-02
8.860758937274416935e-02
8.116002675766746666e-02
8.295558740695317679e-02
7.786071688557665016e-02
7.776589182515938892e-02
7.664949012299378250e-02
7.759209554642439166e-02
7.654460892081260681e-02
7.677258132025599480e-02
7.333887902398904257e-02
7.477266068259874610e-02
7.544072273497780257e-02
7.401267715419332371e-02
7.395007793481150893e-02
7.365821590647100847e-02
7.331551977743705484e-02
7.232005692397554253e-02
7.029501494641104964e-02
7.084454251453280171e-02
7.147606549163659784e-02
6.887175232792894231e-02
6.948024692634741095e-02
7.046743708973129960e-02
6.676540182282526825e-02
6.933319556216398227e-02
7.067773866777618541e-02
7.049370044842362404e-02
6.937009741862615320e-02
6.808458470428983833e-02
6.886165250713625896e-02
6.617472451180220205e-02
6.688001348326604034e-02
6.752520346393188488e-02
6.768295289948582372e-02
6.760749916235606061e-02
6.477280164447923871e-02
6.746917460113763254e-02
6.442843379142383642e-02
6.820178317526975897e-02
6.087876129895448962e-02
6.369629556623597477e-02
6.763067298258344795e-02
6.426206228012840138e-02
6.507843136787413996e-02
6.413186119558909881e-02
6.420982532824079381e-02
6.436508692180116509e-02
6.702900084977349293e-02
6.481632191377381669e-02
6.447815160887936103e-02
6.043707601105173521e-02
6.502999938093126375e-02
6.654588372136155394e-02
6.514408243820071776e-02
6.548674671600261676e-02
6.416757007439931326e-02
5.997083756762246198e-02
6.029978365016479963e-02
6.283139738564690047e-02
5.715218866243958196e-02
6.322810112809142125e-02
5.802516046290596280e-02
6.515754302963613909e-02
6.307670248982806538e-02
6.283044282657404556e-02
6.557893982777993069e-02
6.134396650207539492e-02
6.145594459958374223e-02
6.470953072421252450e-02
6.384339166494706896e-02
6.360816039765875007e-02
6.358075981649259634e-02
6.333884829655289650e-02
6.000834881948927807e-02
6.249046418815851212e-02
6.350199601923425807e-02
6.330146783341963901e-02
6.179617036444445127e-02
6.306648071234424724e-02
6.339108586932222511e-02
5.718517866916954240e-02
6.458744664366046495e-02
6.173460499073068347e-02
5.399501263163983961e-02
6.353793495024244453e-02
5.792041563739379340e-02
6.257093775396545265e-02
5.934405244576434341e-02
6.270431742692987587e-02
6.249796162980298525e-02
6.271467587600151883e-02
5.949293446416656361e-02
6.276549194008111676e-02
6.119779925793409486e-02
6.162035115994513035e-02
5.955452076159417629e-02
6.161819666934510026e-02
5.801300969906151433e-02
5.990879167802631855e-02
5.957254337457319054e-02
6.272731961992879246e-02
6.278584872682889395e-02
5.940175269109507217e-02
6.086517080354193754e-02
5.856298704942067279e-02
5.701151089742780009e-02
6.101817418821155886e-02
5.639762201656897678e-02
5.828507682308554927e-02
6.206359798088669638e-02
5.891231323281923699e-02
5.661262818612158160e-02
5.691223104173938341e-02
6.108232665186127258e-02
6.158804499233762331e-02
5.355590853529671597e-02
6.266793462758263322e-02
6.179777123034000536e-02
6.056717243045568744e-02
5.866183928834895617e-02
5.896954708732664308e-02
6.064999665444095744e-02
5.943723868889113499e-02
6.118481213537355079e-02
6.093083823410173211e-02
5.679299210508664125e-02
6.071814085977773195e-02
5.901911268010735789e-02
5.907763559371233264e-02
6.058562579564750333e-02
5.556597112057109350e-02
5.668422065985699587e-02
5.812944825738668164e-02
5.682470885415871753e-02
5.991646833717823029e-02
5.583636867813766141e-02
6.141966795548796376e-02
6.015072255395352563e-02
5.680291649575034546e-02
5.928418758946160660e-02
6.019460526295006275e-02
5.820214909811814719e-02
5.899847171579798016e-02
5.775435020526250435e-02
5.916933040134608746e-02
5.845998950923482484e-02
5.526534500531852384e-02
5.745813910228510929e-02
5.821110368706285815e-02
5.931493664781252451e-02
5.833706247309843745e-02
5.863266224041581431e-02
5.453722385379175530e-02
5.795260964271922721e-02
5.666432774936159406e-02
5.164003297686577121e-02
5.966815897263586660e-02
5.949255715434750152e-02
5.693208281882107535e-02
5.739788630356391225e-02
5.699444461303452419e-02
5.903986905080576414e-02
5.494396380769709515e-02
5.717864211959143572e-02
5.474962438456713876e-02
5.810843949827055460e-02
5.966913308948278150e-02
5.966228117855886665e-02
5.239855055697262287e-02
5.522655763973792487e-02
5.685607637278735499e-02
5.671607966845234466e-02
5.431090933270752569e-02
5.798181781234840876e-02
5.371752857851485458e-02
5.823076587791244096e-02
5.691051015940805369e-02
5.654215660567084994e-02
5.825011950607101446e-02
5.700544429322083884e-02
5.879884669557213644e-02
5.150546592970688814e-02
5.024647183405856615e-02
5.837042174922923293e-02
5.600788566904763705e-02
5.690611914421121048e-02
5.694139933524032526e-02
5.698790059735377861e-02
5.574180348776280880e-02
5.412407273737093044e-02
5.493186470121145387e-02
5.528008467517793456e-02
5.604377340835829668e-02
5.402822328420976705e-02
5.725881977317234112e-02
5.168203615273038454e-02
5.436754405188063549e-02
5.739492867141961913e-02
5.704539966148634844e-02
5.710124983452260355e-02
5.745918050718804015e-02
5.808539794137080464e-02
5.835082431634266986e-02
5.651370227957765169e-02
5.674655721522867818e-02
5.632853152540822500e-02
5.626462890456120081e-02
5.708646502656241489e-02
5.436305341621239934e-02
5.674534956924617152e-02
5.586574395808081156e-02
5.445463494397699555e-02
5.596414587150017744e-02
5.857570006822546138e-02
5.597064757409195290e-02
5.565813824844857011e-02
5.783543426853914732e-02
5.474405060522258282e-02
5.444999427224198746e-02
5.495085680546860085e-02
5.493378172007699900e-02
5.377385417620340891e-02
5.173498891914884296e-02
5.742849990104635649e-02
5.665475221661230021e-02
5.434540654532611648e-02
5.624313750304281434e-02
5.412851446308195730e-02
5.544080119580030441e-02
5.591705692932009975e-02
5.130501335176328864e-02
5.605821924594541622e-02
5.473260333140691353e-02
5.739786433987319192e-02
5.373929434766371721e-02
5.201452495530247550e-02
5.685651691940923208e-02
5.559560262287656374e-02
5.362092180488010201e-02
5.449756840243935585e-02
5.540718398988246640e-02
5.556721389293670793e-02
5.523132362092534470e-02
5.297116685348252779e-02
5.644022951213022166e-02
5.567190012273689342e-02
5.658458637384077006e-02
5.612165322527289113e-02
5.361120468005538264e-02
5.512603737103442120e-02
5.494060839215914732e-02
5.507290777750313560e-02
4.678916889242827615e-02
5.515328088464836048e-02
5.492165101071198874e-02
5.308204083703458448e-02
5.154382082012792105e-02
5.585585297085345069e-02
5.719175442742804871e-02
5.410356052840749330e-02
5.610287790186703483e-02
5.413779372659822259e-02
5.529993978949884759e-02
5.368291209451854507e-02
5.573108444611231393e-02
5.483785684530933374e-02
5.602587053241828846e-02
5.585263233321408755e-02
5.217168405652046481e-02
5.110466941259801665e-02
5.475905855807165074e-02
5.372151268335680074e-02
5.502489508750538216e-02
5.506564370977382050e-02
5.551355875407656265e-02
5.522339786402881423e-02
5.370384052706261152e-02
5.689071676072975092e-02
5.709909358993172507e-02
4.828328926426669193e-02
5.552195287309587279e-02
5.510182299961646074e-02
5.750026873623331064e-02
5.612821268538634167e-02
5.224652842928965979e-02
5.303978941713770323e-02
5.446284762583673139e-02
5.720533980056643347e-02
5.475463136099278927e-02
5.461720760601262298e-02
4.663505034210781164e-02
5.580341483776767725e-02
5.631412471023698740e-02
5.232764136356612278e-02
5.344082041022678309e-02
5.621197113456825184e-02
5.529420045204460482e-02
5.353534510359168191e-02
5.316191588838894977e-02
5.603144769556820531e-02
5.283008677264054709e-02
5.201887775522966856e-02
5.781191776817043437e-02
5.369205606790880547e-02
5.418433739493290491e-02
5.344470778169731207e-02
5.513227391056716581e-02
5.536440485157072267e-02
5.365555450941125737e-02
5.352215891083081378e-02
5.401904174747566151e-02
5.468454821966588220e-02
4.990574281352262026e-02
5.462985492000977522e-02
5.413809266562263217e-02
5.165815191964308328e-02
5.407675864795843945e-02
5.479332197767992907e-02
5.326297127952177995e-02
5.044580229247609682e-02
5.385656448391576423e-02
5.420539638337989324e-02
5.460980522135893550e-02
5.426290410881241116e-02
5.391608077722290920e-02
5.622247656186421527e-02
5.393552477471530437e-02
5.103801082198818756e-02
5.522670350037515302e-02
5.345121999271214286e-02
5.245189047418534478e-02
5.542053431272506853e-02
5.614472725428640981e-02
5.391099974513054172e-02
5.475195944309234342e-02
5.532483129451672144e-02
5.362428993297119889e-02
5.373863453666369305e-02
5.625937076595922265e-02
5.264697371361156536e-02
5.323561922026177201e-02
5.306180301122367243e-02
4.829261666163801869e-02
5.442520232560733862e-02
5.607910769370694909e-02
4.506485696571568833e-02
5.404587021718422479e-02
5.073481242482860698e-02
5.485795093700289449e-02
5.499730754333238131e-02
5.350075142147640156e-02
5.198529398379226479e-02
5.322943807890017504e-02
4.689516858197748800e-02
5.177551056258380274e-02
5.303877503611147126e-02
5.326478901940087662e-02
5.395711584327121668e-02
4.868739160398641991e-02
5.293938335962593278e-02
5.448716396155457026e-02
5.191207110571364330e-02
5.300281566257278310e-02
5.410320850399633064e-02
4.987105494365096092e-02
4.586066196983059479e-02
5.335382039969165796e-02
5.535587148430446552e-02
5.461906751928229803e-02
5.353190347862740034e-02
5.199459005768100606e-02
5.437680028068522797e-02
5.226123863831162730e-02
5.173404361121356626e-02
5.119065974528590884e-02
5.289343244706590924e-02
5.224308798400064541e-02
5.171008496545255462e-02
4.951250740947822637e-02
5.170254378269115852e-02
4.781040214002132277e-02
5.356703232973814011e-02
5.366799837599198209e-02
5.384337624224523611e-02
5.256460670692224973e-02
5.328785036690533022e-02
5.386796447758872980e-02
5.165004759716491228e-02
5.408292482607066770e-02
5.507174100105961118e-02
5.410756369431813512e-02
5.330450666757921563e-02
5.289364499039948125e-02
5.378938210196793079e-02
5.113280283597608500e-02
5.367815027323862009e-02
4.945763689465820789e-02
5.481157079339027405e-02
5.402486650273204127e-02
5.180443798502286368e-02
5.403663089188436713e-02
4.940207526087760787e-02
5.147055283499260558e-02
5.363718496325115687e-02
5.345008418274422440e-02
5.405084004936119152e-02
5.190787270354727673e-02
5.404253724652031965e-02
5.263706500021119589e-02
5.382283668344219757e-02
5.318901203572749814e-02
5.313757921879490309e-02
5.075571984052658359e-02
5.172630532955129617e-02
5.212580350538095070e-02
5.174044918579359664e-02
5.109313346135119921e-02
5.472071439338226789e-02
5.015716645866632323e-02
5.351923603254059997e-02
5.106692463159560880e-02
5.193428097603221966e-02
5.139521869520346370e-02
5.353039327698449340e-02
5.227310893436273170e-02
5.240739115203420229e-02
5.209164538731177879e-02
5.169975203461944779e-02
5.334715202140311724e-02
5.243063384356597828e-02
5.360820676820973740e-02
5.243416102603078166e-02
5.496975661565860205e-02
5.352387712337076942e-02
5.198286136922736916e-02
5.362216293190916194e-02
5.322990425241490298e-02
4.977316673224171234e-02
5.173522629775106907e-02
4.901051875203847608e-02
5.257358922002216411e-02
4.782458480137089657e-02
5.416386597789824009e-02
5.504978435734907832e-02
5.220919667432705885e-02
5.272837940913935317e-02
5.304311639629304131e-02
5.151761244051158289e-02
5.227879178710281849e-02
4.967975273417930132e-02
5.262865132341782576e-02
5.151680082393188947e-02
5.145712656279404634e-02
5.202602266023556576e-02
5.192781394968429970e-02
5.422630353520314223e-02
5.072728291464348449e-02
5.228672153316438198e-02
5.448045480685929226e-02
4.822838312635819441e-02
5.543737815072138919e-02
5.450017202335099425e-02
5.124799616945286546e-02
5.108456861538191590e-02
5.404534928190211224e-02
5.304622164306541099e-02
5.428809671041866236e-02
4.820498589736720019e-02
5.224826467844347067e-02
5.254093484642605172e-02
5.177143961191177368e-02
5.336201580551763052e-02
5.198313541089494977e-02
5.418526538026829237e-02
5.271036733562747822e-02
5.254017404901484972e-02
5.299569775039950775e-02
5.278492203603188382e-02
5.137899963495631828e-02
5.335824539264043265e-02
4.933204511180520196e-02
5.012160407689710689e-02
5.231193789901832786e-02
5.288448501378297667e-02
5.242766921098033356e-02
5.135854710824787339e-02
5.105687327062090330e-02
5.287488649288813597e-02
4.840352021468182636e-02
5.244110881661375595e-02
5.183810872646669315e-02
5.003191333574553284e-02
5.225324026929835386e-02
5.105417403392494002e-02
5.275517871292929178e-02
4.785240857551495419e-02
5.284855615658064915e-02
5.092843289797504419e-02
5.223225822361807213e-02
