8.556418480972448337e-02
7.705350304022431929e-02
7.214673723404606276e-02
7.160735248277584619e-02
6.993699905773004266e-02
7.010957521076004173e-02
6.709573371335864067e-02
6.821569049110015603e-02
6.618531212831536836e-02
6.518091637020309581e-02
6.616967730224132538e-02
6.669731372967362126e-02
6.016886951401829997e-02
6.476337524751822616e-02
6.338727126518885202e-02
5.913097253069281301e-02
6.238700241471330232e-02
6.348303235135972777e-02
6.238374232004086084e-02
5.773604960801700936e-02
6.112382613743345267e-02
6.213929592631757537e-02
5.994989803681771007e-02
6.255669876312215660e-02
6.121855271048844138e-02
6.076696395563582764e-02
6.221057789710660729e-02
6.054426836781203608e-02
5.981482869635025568e-02
5.722357571745912558e-02
6.182705708779394349e-02
5.993870863070090843e-02
5.560051139133671827e-02
6.054777506118019098e-02
5.884967621726294035e-02
5.902749793604016026e-02
5.950798646857340807e-02
5.952644290712972436e-02
6.076546828262507915e-02
6.101676096829275475e-02
5.984738254919648448e-02
6.024296721443533897e-02
5.764586244088908129e-02
5.894652654727299684e-02
6.030827981109420505e-02
6.019007267119983601e-02
6.054567798661689149e-02
5.803661770187318325e-02
5.804079544420043951e-02
5.729514979757368426e-02
5.804173739937444620e-02
5.880394487952192439e-02
5.601383276904622899e-02
5.562917621185382161e-02
5.951313303473095007e-02
5.666632611925403323e-02
5.887201723332206177e-02
5.578495593120654655e-02
5.843734235192338949e-02
5.659071315700809485e-02
5.685547899144391404e-02
5.741711792846520418e-02
5.356188348184029446e-02
5.718055980590482784e-02
5.585133658411602087e-02
5.650161059262851643e-02
5.607063585581879145e-02
5.672572945865492211e-02
5.684516746550798139e-02
5.828336545576651845e-02
5.590225045258800235e-02
5.872386413005491190e-02
5.806602236504355974e-02
5.517784644228716784e-02
5.811688350513577461e-02
5.503577427007257800e-02
5.737890140153467655e-02
5.296272872947156707e-02
5.693059849242369103e-02
5.434599796620508128e-02
5.366602241992950162e-02
5.548897054977715293e-02
5.775073130304615027e-02
5.618816997545460906e-02
5.626125074923038483e-02
5.693834833800792694e-02
5.715406519981722222e-02
5.301170366195340905e-02
5.304875370735923773e-02
5.514516855279604640e-02
5.419975044205784659e-02
5.512299118563532968e-02
5.704683278066416396e-02
5.511503834277391156e-02
5.654731933027505597e-02
5.276216993418832851e-02
5.611225639780362262e-02
5.481094205752014975e-02
5.312127505118648119e-02
5.591028124714891162e-02
5.675671974507470741e-02
5.525581496767699441e-02
5.452091582119465013e-02
4.562856680713593682e-02
5.757313937259216780e-02
5.351830439952512397e-02
5.636449189235766960e-02
5.536705469712614736e-02
5.408534230664372583e-02
5.473375253689785613e-02
5.502444552257657051e-02
5.512675275094806870e-02
5.516511385018627034e-02
5.381335611455142359e-02
5.597121363195280142e-02
5.602201097644865513e-02
5.266242876338462359e-02
5.122231123968958716e-02
5.462174424901604375e-02
5.457787935932477408e-02
5.429633686629434242e-02
5.427160173033674512e-02
5.422022870431343622e-02
5.170561346846322404e-02
5.310156540945172587e-02
5.521766001669069224e-02
5.413366672582924088e-02
5.448762970045208792e-02
5.401952092846234316e-02
5.373212331905961175e-02
5.016686599701643268e-02
5.463984692469239096e-02
5.211270980847378803e-02
5.387634040477375097e-02
5.565581163391471187e-02
5.556052035341660367e-02
5.349839030144114965e-02
5.272626906322936541e-02
5.365408412180840830e-02
5.285306631897886825e-02
5.549357039853930473e-02
5.470840088091790537e-02
5.382763192368050092e-02
5.259398565006753040e-02
5.422890830474594998e-02
4.874294735491276065e-02
5.573669946752488752e-02
5.274980904844899648e-02
5.097377230413258076e-02
4.767945705292125219e-02
5.358004611916840354e-02
5.449790842831134935e-02
4.895202742579082833e-02
5.205834512598812858e-02
5.319618559442460676e-02
5.385522617337604179e-02
5.045248439225057807e-02
4.659649060728649622e-02
5.236230840285618915e-02
5.435570414798954891e-02
5.316635725709299015e-02
5.426252990340193344e-02
5.499598256622751508e-02
5.574705072989066118e-02
4.796621482819318771e-02
5.358881771874924455e-02
5.349846289803584370e-02
5.098492096488674297e-02
5.391049237611392903e-02
5.333744014302889414e-02
5.194001647954185619e-02
5.225298878115912371e-02
5.413747220300137858e-02
5.254643230388562208e-02
5.265625241833428449e-02
5.049026721778015342e-02
5.210399641655385355e-02
4.793796531545619494e-02
5.283868541009724418e-02
5.375737245194613795e-02
5.368183020812769546e-02
5.302272608193258491e-02
5.273344873761137003e-02
5.344920659748216701e-02
5.060519076262911392e-02
5.217017674197753363e-02
5.339455966216822419e-02
4.976988097963233604e-02
5.005331189992526936e-02
5.187021675519645075e-02
5.164886116981506209e-02
5.391048509627580781e-02
5.262482234587272101e-02
5.200694842884937691e-02
4.769734822524090284e-02
5.180303459055721899e-02
5.168499584930638657e-02
5.149276861920952519e-02
5.188847109675407548e-02
4.980530876976748539e-02
5.061202718255420480e-02
5.148302993426720486e-02
5.072602556707958565e-02
5.092795236657063351e-02
4.995757071301341196e-02
4.853638213438292437e-02
5.171435559168457985e-02
5.026447313527266508e-02
5.304516235676904473e-02
5.231355275027453622e-02
5.039477410415808128e-02
4.643169172729055133e-02
5.287024811841547350e-02
5.379716899866859164e-02
5.172034430628021789e-02
4.974370699686308378e-02
5.132197053171694279e-02
5.243839334386090484e-02
5.256744030242165022e-02
5.038516411247352667e-02
5.174366040155291280e-02
5.088524958118796626e-02
5.195014073203007426e-02
5.140663121516506062e-02
4.798647522305448526e-02
4.944525302077332901e-02
5.118157387090226107e-02
5.220149213758607659e-02
5.106844298231105056e-02
4.530505530225734101e-02
5.218285609347125126e-02
5.196329561683039194e-02
5.018738809352119717e-02
5.253539807163178782e-02
4.896302474662661552e-02
5.124604110606014590e-02
5.091435244927803444e-02
5.223248551289240427e-02
5.107302924928566051e-02
4.851160932642718110e-02
5.126801892183720927e-02
5.200372477993368825e-02
4.993796151441832337e-02
4.724327963776886463e-02
5.176048022694886008e-02
4.983830349519848685e-02
5.142947824982305183e-02
5.200658479395012246e-02
5.081098365286985941e-02
5.087283841955165392e-02
5.061638543071846075e-02
5.085104997269809107e-02
4.966176349359253950e-02
5.044533717446029325e-02
4.821886016676823344e-02
5.174793444263438291e-02
5.016898995575805320e-02
4.890866985855003152e-02
5.095828704846402241e-02
5.065637907634178844e-02
5.186123633757233620e-02
5.218110545538365980e-02
4.852737259740631109e-02
4.966480517759919167e-02
5.312008623344202651e-02
4.902988678465287214e-02
5.185480647099514895e-02
4.595047488498191224e-02
5.024188850075006485e-02
5.138627782774467939e-02
5.061280384349326616e-02
5.180579197282592779e-02
4.930377436491350379e-02
5.207124808803200583e-02
5.097094173543155471e-02
5.103312532107035643e-02
5.095361556547383514e-02
5.085090352222323279e-02
4.878556450518468923e-02
5.082804472185671607e-02
5.012585050426423411e-02
5.047174217179417610e-02
5.011623888276517391e-02
4.917513971837858544e-02
5.220590929190317697e-02
5.100434577713409967e-02
4.808061042179664207e-02
4.943030290305614610e-02
4.808552007501323833e-02
5.009622941724956036e-02
5.021973888700206889e-02
4.692114004865288734e-02
5.166863589547574659e-02
5.062554323424895558e-02
5.079693615746994767e-02
4.964331299997866431e-02
5.026733609847724299e-02
4.799468346560994969e-02
5.182028460937241482e-02
4.673321428708732128e-02
4.988901447504758696e-02
4.479594117340942455e-02
5.033140814242263728e-02
4.756977016416688575e-02
4.980812417343258997e-02
4.917175706165532317e-02
5.135488646725813733e-02
5.062745961671074463e-02
4.859936341332892623e-02
4.891983843408524713e-02
4.809232458161811358e-02
5.144282104447484016e-02
5.060762938422461166e-02
5.100203262021144046e-02
4.797626237074534283e-02
4.882378949162860526e-02
4.856834627377490388e-02
5.055794374396403723e-02
5.041787984470526285e-02
5.071140808674196726e-02
5.053120252365867621e-02
5.125686156873901500e-02
4.835967232162753648e-02
5.061436042500038618e-02
5.052147597695390291e-02
5.059667147385577685e-02
4.993643366421262469e-02
4.951348714530467987e-02
5.096923842405279292e-02
4.941847555649777485e-02
4.702081761012474881e-02
5.037100540163616524e-02
5.067042073545356684e-02
4.957777441789706224e-02
4.885316609094540047e-02
5.051488070748746256e-02
5.010738493874668936e-02
4.805977670475840291e-02
4.786633818099896021e-02
4.366252295052011623e-02
5.051568554093440605e-02
4.691254833402733193e-02
4.793611716789503846e-02
5.076036540170510841e-02
4.951123188560207361e-02
5.027466900646686276e-02
5.059059215709567348e-02
5.023156201156477041e-02
4.905196254452069693e-02
4.853329703522225175e-02
5.069959747294584818e-02
4.986641427191595283e-02
4.844205495901406089e-02
4.884739182889461656e-02
4.891590625047683577e-02
4.098121238251527243e-02
5.098556407416860586e-02
4.723941356254120899e-02
4.767706681353350157e-02
5.074142310768366138e-02
4.804577130513886657e-02
4.952516537159681181e-02
5.131636041526992792e-02
5.066745197400450429e-02
4.988592218918105198e-02
4.906903828183809685e-02
4.883031927359601093e-02
4.741332782432437082e-02
5.015168978522221294e-02
4.809987569848696298e-02
4.887628536671399793e-02
4.515388496220111569e-02
4.635189512434104847e-02
4.806628407289584293e-02
4.630633080378174921e-02
4.831166233246524805e-02
4.972567950996260172e-02
4.890713444910943508e-02
5.136269582435488978e-02
4.504470746032893796e-02
4.957309273692468710e-02
5.036579268053174158e-02
4.997263353628416532e-02
4.928704166474441595e-02
4.644575024334093166e-02
4.671449245264133049e-02
4.885140003946920190e-02
4.806005877132216858e-02
5.069113564677536765e-02
4.831929158729811324e-02
4.686771982039014683e-02
4.625272859508792328e-02
4.751078827927510129e-02
4.834006545133888444e-02
4.850391500319043564e-02
4.949821930689116134e-02
4.933565924875438213e-02
5.039509238364795612e-02
4.817572901956736903e-02
4.967566933482885083e-02
4.941024311507741934e-02
4.937571867679556303e-02
4.945204867981374541e-02
4.555477487544219023e-02
4.913196852430701256e-02
4.886468158413966728e-02
4.900530329905450344e-02
4.910095422528684000e-02
5.019415008525053568e-02
4.833210428866247660e-02
5.073863514699041705e-02
4.865198717452585975e-02
4.837246634997427464e-02
4.868303795034686909e-02
4.778084351370732313e-02
4.899076909447709627e-02
4.691284202660123831e-02
4.776407635460297452e-02
5.017301122037073208e-02
4.205894311890005788e-02
4.748042820331951214e-02
5.091284482429424968e-02
4.976931901959081445e-02
4.735061079263687411e-02
4.837268291351695670e-02
4.911297345533967296e-02
4.122839279783268446e-02
4.985736741994818005e-02
4.654242652468383590e-02
4.719434183401365751e-02
4.906146774689356532e-02
4.960953961126506051e-02
4.356700529654820853e-02
4.638676126487552981e-02
4.987234636209905009e-02
4.608717743928233967e-02
4.510980048216879645e-02
4.669347067053119388e-02
4.948446949323018207e-02
4.304628018289804320e-02
4.914593870441118922e-02
4.625307202028731274e-02
4.778163324420650615e-02
4.883861322887241702e-02
4.953821177283922877e-02
4.513193373568356176e-02
4.835915748650829182e-02
4.847639128565787991e-02
4.789579249918460985e-02
4.816553232570489063e-02
4.802374305824438916e-02
4.892657923822601312e-02
4.824338468412558284e-02
4.872252090523640500e-02
4.765735742015143189e-02
4.884542723496754918e-02
4.985031153385837549e-02
4.727471978403628011e-02
4.655697789664069858e-02
4.921618384929994650e-02
4.728552127877871242e-02
4.881131576063732491e-02
4.730794422018031603e-02
5.100420485250652114e-02
4.684004619096716199e-02
4.442011973199744973e-02
4.880199783171216416e-02
4.783857233511904644e-02
4.719221157332261635e-02
4.587733945809304575e-02
4.703857631733020239e-02
4.223007775532702790e-02
4.945904356427490572e-02
4.763938568842907700e-02
4.575719924954076839e-02
4.752998333424329758e-02
4.594286756279567646e-02
4.748600341069201397e-02
4.402874034518997060e-02
4.922995705467959199e-02
4.875151600378255234e-02
4.828253442731996609e-02
4.717869232408702235e-02
4.868730717959503240e-02
4.610637306856612411e-02
4.826233865072329654e-02
4.741694262872139798e-02
4.507463645810882297e-02
4.832893946828941550e-02
4.123923952380816049e-02
4.860816520328323231e-02
4.947374823192755150e-02
4.896532846614718576e-02
4.665547744370997230e-02
4.569447593142588609e-02
4.600617992691695413e-02
4.763277983292937140e-02
4.823166440861920840e-02
4.617119791607061929e-02
4.639646758635838919e-02
