2.637083957195281769e+00
6.046753143767515937e-01
2.221647921949624904e-01
1.438369501133759942e-01
1.133784083152810790e-01
9.666814095030228093e-02
8.256293431545297379e-02
9.898490663617849628e-02
9.179515285417437498e-02
7.521119717508555069e-02
7.139973685145378779e-02
7.068228243539730060e-02
7.824450138956308420e-02
6.686438029011090856e-02
7.232593652481833502e-02
7.395789160082737179e-02
6.949700666591525355e-02
6.865203998982906397e-02
6.937322957441210969e-02
7.702174730598926322e-02
6.902128357440233397e-02
6.739248879253864621e-02
6.962414573257168227e-02
6.313757421448826235e-02
6.757973160594701878e-02
6.777425244450568931e-02
6.551288160185018972e-02
7.211388312280178625e-02
6.716567334408561629e-02
7.475889623165130060e-02
6.399880545213817995e-02
6.997712092474102363e-02
7.414297485103209240e-02
6.573744360978404921e-02
7.066372310742735641e-02
6.830459294219812239e-02
6.390223945180574516e-02
6.770438048988580704e-02
6.195419735585649956e-02
6.423503891875347038e-02
6.364678598319491176e-02
6.521084716543555648e-02
6.402288443719347799e-02
6.793517256776492041e-02
6.281330681095520507e-02
6.413309224570791500e-02
6.310038161774476906e-02
6.456771207352479669e-02
6.200435547158122257e-02
6.749448481326301985e-02
6.189397022748986676e-02
6.285158000886439944e-02
7.326745335633555456e-02
6.473432047603031037e-02
6.183760174239675417e-02
6.224506006886561943e-02
6.327277086675167639e-02
6.839506693805257054e-02
6.212781481444835940e-02
6.390057043482859356e-02
5.852959097673495620e-02
6.180369439845283946e-02
6.695610437852640706e-02
6.573744259153803393e-02
7.007566132272283199e-02
6.114801337942481207e-02
6.402460524191458391e-02
6.414394960428278225e-02
6.301074550176660738e-02
6.617487942799925305e-02
5.861989168450236487e-02
6.321026250720024331e-02
6.363227468604842896e-02
6.350928155705332090e-02
6.164266326154271836e-02
6.860947631920377709e-02
6.092709867283702119e-02
6.561873584364850964e-02
6.248237375169992530e-02
6.531108965476353778e-02
6.273353892068067594e-02
6.461979937429229714e-02
6.240041180203358129e-02
6.009196301301320681e-02
6.102990742151936238e-02
6.403344385946790895e-02
6.104613496611515505e-02
6.768205860940118557e-02
6.268200268968940336e-02
6.221232548976937671e-02
6.255731246744593299e-02
6.286091939856608413e-02
6.163626461600264089e-02
6.001019801323612818e-02
6.073873105148474422e-02
6.583947398389379535e-02
5.933189148083329451e-02
6.598737203205624902e-02
6.194679217102627006e-02
6.078325899317860853e-02
6.127165943384170477e-02
6.531506825238465874e-02
6.563326677307486368e-02
7.316739415749907993e-02
6.099552877247333554e-02
6.266659768919149998e-02
6.079662710428238026e-02
6.026810223857561460e-02
6.588097269336382067e-02
6.215236404289802008e-02
5.812691067655881283e-02
6.197042517984906879e-02
6.215975257257620734e-02
6.006279522242645441e-02
5.829230236510436064e-02
5.985221684910357193e-02
6.032300508891542956e-02
6.477806023011604963e-02
6.027512796533604500e-02
6.167161609356602153e-02
6.013244161382317460e-02
6.430483529344201143e-02
6.441731542969743318e-02
6.580125909298657760e-02
6.454782033339143132e-02
5.756456357116500333e-02
6.247121809050440455e-02
5.954267390693227663e-02
6.334932065258423728e-02
6.070871918151776042e-02
6.492790196711818729e-02
5.827110345164934757e-02
6.450330193464955120e-02
6.433732460563380828e-02
5.913581803751488675e-02
5.737058190008004210e-02
5.981789246822397099e-02
6.564889284782111922e-02
6.079271682538091998e-02
6.000141934181252995e-02
5.839150760322809469e-02
6.166056698809067177e-02
6.447388241688410682e-02
6.376489120225112273e-02
6.113119026646018223e-02
6.519706690373519575e-02
5.795600288237134912e-02
6.231454095492760387e-02
6.256617738554874630e-02
7.176860298650959702e-02
6.680099682261546323e-02
5.731117945785323825e-02
6.446600398669639909e-02
6.072509120839337388e-02
6.119245463671783847e-02
5.951748462393879890e-02
6.232125709143777892e-02
7.243729814266165745e-02
5.724426613499720984e-02
5.791735851516326139e-02
6.162236462657650488e-02
6.127987904474139352e-02
6.179695624237259433e-02
6.637985954061149940e-02
6.635197171320518505e-02
5.991985896602272654e-02
5.822635875393947225e-02
6.176566151281197986e-02
6.167342850317557995e-02
6.401993192732334526e-02
6.309273338566223632e-02
6.566519655908147068e-02
5.999829954778154728e-02
6.250238955020905041e-02
5.855171856159965132e-02
5.875352596243222508e-02
5.905569113790989227e-02
6.653017417838176517e-02
5.772348462914426992e-02
5.954012641683220641e-02
5.674574846401810729e-02
5.884793179109692324e-02
6.150458586091796243e-02
5.661511001487572886e-02
5.975888375192880964e-02
5.804143258060018296e-02
6.258274049187699528e-02
6.080946539528667844e-02
6.420891624254485008e-02
6.174708606054385429e-02
5.978040965584417027e-02
6.040296021848916980e-02
6.281658269464969468e-02
5.922613286413252326e-02
6.112386057774225889e-02
5.910228518148263194e-02
6.580506309866905601e-02
6.230211442646881037e-02
6.216280841579040206e-02
6.221682329041262199e-02
6.167258626781404324e-02
5.739976055299242375e-02
5.807039315812289465e-02
5.991000374779105464e-02
6.105809895942608534e-02
6.556301759555935305e-02
5.671813712455332085e-02
5.951087543119986528e-02
5.984123955170313203e-02
6.097138981024424059e-02
5.699574520500997471e-02
6.837818150098125269e-02
5.957876527061065075e-02
5.779242753672102911e-02
5.651342115054527881e-02
6.274092991525928587e-02
6.010379769218465035e-02
5.709693349897861786e-02
5.872248215600848337e-02
5.773290414673586807e-02
5.824776589870452742e-02
5.804754344125588605e-02
5.806602661187450221e-02
6.068591431404153635e-02
6.173721805214881647e-02
5.768580636009573714e-02
5.765892827883362798e-02
5.854218165390193129e-02
5.783586748565236468e-02
6.686176920930544942e-02
5.888711307197809497e-02
5.395557725181181902e-02
6.372167609011133993e-02
6.113887097065647674e-02
5.817278799911339976e-02
6.168507839863499043e-02
6.182917779932419616e-02
5.814747877418995070e-02
6.514000125229359173e-02
6.217421983058253609e-02
6.603385893628001269e-02
5.891835740456978499e-02
5.989435436824957354e-02
6.205037695666153902e-02
5.676718739171823097e-02
5.873620365435878315e-02
5.795529943580429028e-02
5.982199306910236658e-02
6.224589674423137986e-02
5.921416961277524427e-02
5.747307210539778083e-02
5.747727124641339308e-02
6.106942662348349704e-02
5.983365378653009853e-02
6.273269722859065034e-02
5.860687082012494553e-02
5.532809358711043846e-02
5.695759213219086375e-02
5.717283173153797637e-02
5.982598817596832680e-02
5.866871422777573258e-02
6.539772649606069577e-02
6.012889244904121022e-02
5.720669328545530813e-02
5.676597237586974987e-02
6.333095392833153203e-02
5.652056725695728950e-02
6.161854997277260021e-02
6.143574954010546513e-02
6.102774798249204630e-02
6.142670564974347935e-02
5.795749795933564236e-02
6.017335943877696880e-02
5.766589323058724653e-02
5.792607747018337083e-02
5.936362059166033767e-02
6.214262135326862474e-02
5.783840802187720925e-02
5.640285339206457110e-02
5.939149258658289743e-02
5.860329351077477045e-02
5.656471996257702445e-02
5.720715577403704538e-02
6.863746130838990767e-02
5.717983253921071762e-02
5.615084848677118906e-02
6.110168034521241964e-02
5.818145747606952994e-02
5.846026244883736206e-02
5.903935391455888970e-02
5.931919428209463802e-02
6.417199701691667091e-02
5.794443843265374705e-02
5.744691641380389457e-02
5.915950473397970505e-02
5.650796678538123896e-02
5.813677512730161534e-02
6.138702028741439137e-02
5.903197474777698711e-02
6.377071150888999340e-02
5.680039530619979127e-02
5.922211715330680248e-02
5.678983276709913958e-02
6.131341358025868549e-02
6.062405276733140447e-02
6.156606549397111022e-02
5.874035167818267983e-02
5.707885320608814539e-02
5.703073346987366787e-02
5.758008352480828429e-02
6.108057145029306689e-02
5.837693013250827567e-02
5.783866109016040646e-02
6.003576199213663672e-02
5.811188091213504575e-02
5.536776564394434164e-02
6.138481589034199687e-02
5.747366512194276161e-02
5.913999157026410269e-02
6.166637474671006480e-02
5.640081801141301476e-02
5.742344633986552760e-02
6.168761227900783350e-02
5.823970545083284600e-02
5.684752065067490145e-02
5.721440151023367976e-02
5.617493460575739839e-02
5.796755232848226774e-02
5.794539845238129427e-02
5.870023688301444220e-02
6.086678484454750848e-02
6.252851615970334009e-02
5.747492012878258755e-02
5.732944214716553799e-02
6.255114026988546627e-02
5.778211978574594038e-02
5.778763186807434060e-02
6.478460324928164704e-02
5.797048199611405661e-02
6.747191446522871061e-02
5.820442769055565041e-02
6.277948969975113980e-02
6.076999854606886936e-02
5.571512075141072523e-02
6.003811553741494889e-02
5.720931565389036910e-02
5.452060845680534867e-02
5.821625601500272917e-02
5.650065697108706125e-02
5.972546221688389972e-02
5.677168305963278122e-02
5.681830126792192237e-02
5.952996360138058940e-02
5.961307290941476877e-02
6.050641452272732812e-02
6.927451031282544358e-02
5.649021581746637571e-02
5.976306429132818843e-02
5.661989856821795369e-02
5.713802397251128984e-02
5.897941371425986096e-02
6.256562604258457394e-02
5.629625951871276152e-02
5.828191379085183310e-02
5.970018383115530125e-02
5.706506180887421092e-02
5.721881982559959279e-02
5.850093284000953270e-02
5.728555707881848036e-02
5.944916683249175382e-02
6.275551603486140273e-02
6.169937015200654962e-02
6.476783447588484177e-02
5.744632520402471326e-02
5.969855517769852987e-02
6.090064862122138156e-02
5.625092028329770066e-02
5.759532572080691692e-02
5.580397946760058681e-02
6.268135193735360766e-02
6.041589751529197194e-02
5.890318902209400881e-02
5.575003900875647594e-02
5.955345910663405878e-02
6.414679565156498897e-02
6.681524441267053249e-02
5.691298857331275607e-02
6.278664325984815997e-02
5.478137603340049733e-02
5.796140326187014524e-02
6.572357040519515026e-02
5.708530203439295125e-02
5.959082995851834597e-02
5.606350442084173658e-02
5.988665863250692417e-02
5.703764834751685192e-02
6.037646222859621020e-02
5.596834128722548429e-02
5.850210484427710578e-02
5.797250544652342991e-02
5.707291063542167114e-02
5.895151715415219290e-02
5.675543553506334771e-02
6.405689640591541445e-02
5.606206020029882303e-02
5.706596098840236581e-02
6.034300867157677689e-02
5.884764117499192287e-02
5.803111316015323318e-02
5.723572940255204633e-02
5.806600933894515149e-02
5.789039767657717245e-02
5.982849724280337594e-02
5.769139348839719822e-02
5.510786277552445767e-02
5.819194962580998692e-02
6.190280931070447218e-02
5.833844683443506485e-02
5.953662116701403939e-02
6.432015412176649016e-02
5.709716257949670054e-02
5.754707982142766298e-02
5.730457679678996330e-02
5.936190459877252468e-02
5.918706088016430222e-02
5.656996528928478346e-02
7.129723038834830107e-02
5.700757121356825330e-02
5.519610192005833249e-02
5.995758697390556058e-02
5.834664545332392260e-02
5.518209119637806914e-02
6.074826683228214813e-02
6.374915010916690217e-02
5.897732201342781311e-02
5.570845558618505583e-02
6.164169646799564500e-02
5.605278465896845058e-02
5.705591116721431266e-02
6.131667845572034287e-02
5.904514781509836302e-02
6.445679353550076707e-02
5.731422462811072704e-02
5.873744359860817721e-02
5.919042089954018593e-02
6.135985833282271706e-02
6.034700741370518928e-02
5.591848602518439265e-02
5.760665329794088796e-02
5.632680833029250073e-02
5.580154535050193404e-02
5.693952272335688070e-02
5.879196551938851989e-02
5.683223866547147674e-02
5.714230923602978129e-02
5.740386520822842592e-02
5.703405290221174456e-02
6.263250476059814553e-02
6.539676552638411244e-02
5.520224646975596672e-02
5.911353755742311533e-02
5.533042995569606437e-02
5.870898161083459854e-02
5.622549908235668914e-02
5.797672831142942212e-02
6.502727884178360895e-02
5.700029785434405222e-02
5.617097789421677395e-02
5.910753957306345147e-02
5.889215517789125193e-02
5.916930639495452532e-02
6.983255367726087792e-02
6.140365399420261161e-02
6.024459521286189279e-02
7.403355175629258711e-02
5.842558305089672749e-02
5.877033140199879740e-02
5.645898772093156659e-02
5.497753663609425412e-02
5.840819869811336024e-02
5.575649671877423719e-02
5.735304887096086962e-02
5.659646048521001921e-02
5.908869458362460414e-02
6.428243002543847229e-02
5.726169085750976856e-02
5.700134631246328576e-02
6.422443556288878752e-02
5.687551378582914735e-02
6.626846247663099876e-02
5.463538974523544228e-02
5.536056329185763680e-02
5.862153964117169241e-02
6.424028924976786514e-02
5.893993263132870503e-02
5.775841315587361413e-02
5.569805892805258091e-02
5.751712999617059757e-02
5.832843193784355978e-02
5.716195449233055226e-02
