2.241933522820472646e+00
5.308447387566168629e-01
1.560365990797678570e-01
1.076111907263596901e-01
8.529210124785700786e-02
7.509772362808386781e-02
7.981540825838844000e-02
8.143601900587479903e-02
7.733236785357197607e-02
7.116412300616502262e-02
7.112477442870537847e-02
7.306708073243499413e-02
6.975464652602871019e-02
7.103542191286882357e-02
6.873429784551263189e-02
6.698064221069216506e-02
7.088878155996401753e-02
7.424036166320244212e-02
6.949765995765726234e-02
7.260725333665808690e-02
6.650730864455302316e-02
6.712195505077640789e-02
6.662902435908714394e-02
7.341373038167754717e-02
7.178487612865865064e-02
6.513879171883066310e-02
7.134728313734134408e-02
6.946012178435921613e-02
7.002019881581267313e-02
6.401337775091330007e-02
6.559016273046533452e-02
6.920182387034098936e-02
7.154518605520328312e-02
6.460632384444275900e-02
7.341053913036982292e-02
6.406862843160827936e-02
7.160419847195347021e-02
6.393830295652151718e-02
7.129245453203718330e-02
7.372366577386856024e-02
6.522645335334043004e-02
7.153630965078870696e-02
6.347163564835985039e-02
6.622447974358995626e-02
6.641135883207122115e-02
6.389353698740403431e-02
6.564533881222207878e-02
6.354973829661805795e-02
6.316072575127085198e-02
6.190210892508427043e-02
6.410085020897289543e-02
7.427984188621242212e-02
6.323498568808039177e-02
6.833304937618474295e-02
6.329910303155580897e-02
6.232969613124927227e-02
6.350656015798449017e-02
6.139861732100446862e-02
6.281719710056980766e-02
6.609810919811327790e-02
6.748032830655574521e-02
6.382195722311735653e-02
6.367754117275277459e-02
7.444748222827911321e-02
6.253212835639715417e-02
6.461726081247130826e-02
6.081175359586874635e-02
6.346302533832688664e-02
6.295171544576684541e-02
6.346705285832285326e-02
6.629528492378691795e-02
6.365869939948121115e-02
6.464558256169160300e-02
6.834180143351356596e-02
6.180769513050714953e-02
7.194623061145345722e-02
7.030620370681087139e-02
6.399378279224038346e-02
6.596112936735153143e-02
6.385758106286326674e-02
6.410786018396417985e-02
6.440529235949118969e-02
7.387063700084885165e-02
6.196532972157001162e-02
6.163305990397929812e-02
6.069353995223840392e-02
7.064291461991767385e-02
6.308985304708282504e-02
6.180212752272685323e-02
6.387243782480557519e-02
7.358017165834705720e-02
6.124125095084309578e-02
6.351567466432848919e-02
6.213736819724242216e-02
6.670254074037075542e-02
6.779964401076236935e-02
6.683829834063848008e-02
6.460727957387765730e-02
7.203024250144759999e-02
5.940029753372073201e-02
6.139162900547186219e-02
6.063196475307146976e-02
6.187255658830205507e-02
5.906695445378621484e-02
5.719264076712230610e-02
5.930515951787432294e-02
5.997326358531911844e-02
6.753799285429219756e-02
6.530522613475719940e-02
6.721056829517085829e-02
5.977359302962819559e-02
6.425601010521253542e-02
6.363080027823646290e-02
6.072001107037067191e-02
6.405499183572828381e-02
6.527165459158519589e-02
6.342883912225563692e-02
5.997282741591334482e-02
5.959658206750949316e-02
6.558003739764292628e-02
6.222824674720565247e-02
5.824574986472726146e-02
5.966909088815251783e-02
6.763268879304329406e-02
6.059946148345867617e-02
6.088887248809139036e-02
6.319445261110862022e-02
6.397604464242855060e-02
6.450636447717746080e-02
6.071776254723469657e-02
6.148461540540059445e-02
7.126571729779243580e-02
6.420555328329403955e-02
6.575364999162654212e-02
5.902583602815866803e-02
6.053700540835658950e-02
6.341348409652709794e-02
6.167225331068038746e-02
6.784852090291679239e-02
6.554573767508069249e-02
7.547218089923263262e-02
7.477745024487375547e-02
7.192005068995058203e-02
6.326412227004767075e-02
6.477068333265681432e-02
6.813085200265049657e-02
6.076822118833660746e-02
5.812124893690148730e-02
5.927782988796631569e-02
6.053774972756703621e-02
6.510616810681919830e-02
7.110728723307450927e-02
7.306728474174936649e-02
5.886592078333099942e-02
6.068646762520074622e-02
6.142200883477925977e-02
5.868303190295894728e-02
6.031220419953266937e-02
6.431308194994926619e-02
5.842731032520532414e-02
6.380463914945722070e-02
5.791934551671147624e-02
6.225110102444886967e-02
6.696952175969879406e-02
5.821351904111603942e-02
6.082273940866192441e-02
6.205539715165893366e-02
6.169594403977195218e-02
6.087281739339232139e-02
5.825531542922059852e-02
5.956615801900624896e-02
6.025309871882199991e-02
6.443867550541956812e-02
5.867879312485456411e-02
5.718902705858151109e-02
5.974843032037218532e-02
5.858140215898553771e-02
7.031555566315850214e-02
7.730795871466397684e-02
6.434680250783761379e-02
6.903741703679164288e-02
5.867659912134210592e-02
6.222585016861557905e-02
6.024756251523891853e-02
6.454301705583929960e-02
5.815651128068566322e-02
6.087581993391116136e-02
5.923334901841978417e-02
6.058748640120029116e-02
6.118271590210497268e-02
6.442663848400115301e-02
5.716330462445815691e-02
6.142343352859219036e-02
5.967629488247136460e-02
5.924991058496137386e-02
6.264713417738676515e-02
6.318295073695480435e-02
6.232593848059574809e-02
6.243285565947492843e-02
5.845596732571720772e-02
6.060994252562523082e-02
6.149120725070436611e-02
5.839963736012578066e-02
6.604413825397689730e-02
6.067562154183785139e-02
7.031530891234676062e-02
5.853723932678500663e-02
5.927859049911299999e-02
5.951359593619903049e-02
6.741305621340870635e-02
7.265744334707657792e-02
6.082409564405679564e-02
6.044125248367587799e-02
6.431346700837214936e-02
6.007711145405968123e-02
6.237621185680230357e-02
6.684948737112184070e-02
6.194064786657690891e-02
6.300790842001637027e-02
6.382694292192657437e-02
6.876173277695973862e-02
6.317415658384561983e-02
6.026935417825977220e-02
6.114541343102852800e-02
5.826345932980378506e-02
5.872226109107335501e-02
5.983764177809158813e-02
6.244477372926970221e-02
6.036806216773887152e-02
6.559000442425409749e-02
6.119453992694616484e-02
5.688196370378136718e-02
6.072092372303207475e-02
6.098609502737720872e-02
6.678859643017252823e-02
5.915596192081769289e-02
6.082661979210873121e-02
6.033012875666220881e-02
6.481385787948966415e-02
6.209416971852382144e-02
5.840064064910014535e-02
5.978201027649144433e-02
5.966269201909502051e-02
5.731689156343539732e-02
6.616153138379256282e-02
6.153505604093273407e-02
5.859190781911214480e-02
5.772336672370632221e-02
7.095069012915095064e-02
5.741439972693721666e-02
5.890348653619487812e-02
5.919670045686264981e-02
6.162189885973930192e-02
5.723623457675178910e-02
5.968432397892077523e-02
5.868716877574722129e-02
6.006101453055938399e-02
5.865500858053564887e-02
5.905708318265776025e-02
6.359747044742107558e-02
5.805635699381431203e-02
5.733248094096779490e-02
6.035513195519646296e-02
6.052290293077627892e-02
5.729677819336453926e-02
5.835317857563495497e-02
6.570403791343172595e-02
6.739626135677098673e-02
5.460412997441987243e-02
5.714990111067891343e-02
5.974425877134004886e-02
5.996037416160106964e-02
5.671913744881749292e-02
6.028291348988810971e-02
5.688370567436019237e-02
5.841740876125792875e-02
6.267169268180926289e-02
6.395254891986648649e-02
5.832400981647272581e-02
5.696748590096831211e-02
6.175587898120284136e-02
5.776240156963467764e-02
6.217929909005761452e-02
6.310146449133753610e-02
5.674457492927709873e-02
7.708519730716943685e-02
5.863135532165567043e-02
5.760445658738414659e-02
5.627012961854537670e-02
5.928684761747717719e-02
6.241863754888375693e-02
6.354308346907297511e-02
5.718371860682964353e-02
6.534933515824377370e-02
5.864142947830260078e-02
5.809979831799864936e-02
5.663527265191078269e-02
5.619369479827582975e-02
5.589799951141079248e-02
5.892059025354683122e-02
6.267222372194131141e-02
5.897284708296259004e-02
5.853483960342904108e-02
5.757809472580750765e-02
5.571350771933793883e-02
6.798386561994751442e-02
6.142353302488724048e-02
5.969517620901266391e-02
6.703287738064925283e-02
6.920931112021207199e-02
6.406993440662821226e-02
5.797832630885144112e-02
5.827173008893926642e-02
6.277841985846559225e-02
5.863695449506243357e-02
6.329881704722840896e-02
5.907982185482978793e-02
6.182874713403483519e-02
7.825760079547762482e-02
6.088191123058398629e-02
5.841847509145736694e-02
5.843842256193359369e-02
5.700257151077191276e-02
5.642151929438114083e-02
5.911796416155994105e-02
6.048341144186755031e-02
7.193428293801844287e-02
5.611722512481113340e-02
5.834846874698996350e-02
6.274938404560088945e-02
5.969520958140492328e-02
5.762911220391591510e-02
6.241696188536782763e-02
6.448832181282342091e-02
5.722712098931272834e-02
5.642509225755929642e-02
5.847484280044833865e-02
5.673106258735060442e-02
5.862786973516146555e-02
5.642946016043424301e-02
5.800543813655773678e-02
5.738661650568246952e-02
5.795588109642266922e-02
5.991633204743265773e-02
6.437825505311289831e-02
5.980781447763244135e-02
6.317853962381680955e-02
6.026813181738058939e-02
6.374125047586857995e-02
5.855672530829906380e-02
7.056346433858076694e-02
5.571188253660996903e-02
5.643845321610570231e-02
5.940400687356790083e-02
6.043161323294043291e-02
5.845187970747550005e-02
5.602520270583530304e-02
5.715654543600976606e-02
5.831659939760962946e-02
5.515554640131692388e-02
5.682533920432130542e-02
5.715169231717785042e-02
5.816071119780341636e-02
5.928124476224184286e-02
6.265957438076535935e-02
5.870770449750125491e-02
6.177913437287013004e-02
5.941061952461799273e-02
6.215955320435265913e-02
5.914638164763649092e-02
5.821116631540159542e-02
6.201884336459140279e-02
6.018590244154135155e-02
5.590666484398146285e-02
5.669008601456880514e-02
6.132169387303292724e-02
6.065888950290779236e-02
5.909284279992182976e-02
5.544442847991983003e-02
5.728318084652225112e-02
5.775370691592494887e-02
5.669815094520648524e-02
5.622782311091820140e-02
5.886901945496599009e-02
5.528366525967915585e-02
5.588154521460334673e-02
6.111190967882672992e-02
5.679112548629442619e-02
5.811537323209146899e-02
5.872107430050770710e-02
6.284250187998016712e-02
5.575156965603431103e-02
6.237154413945972947e-02
6.192446497889856488e-02
5.983515673006574442e-02
5.986327292397618238e-02
5.735850176463524325e-02
5.717236074308554294e-02
6.092140819256504358e-02
5.675390329832832176e-02
6.045094696183999500e-02
5.837849552432695932e-02
5.760873067503174266e-02
5.821390631298224011e-02
5.877488521238168062e-02
6.472544331724444655e-02
6.463151816899577462e-02
6.276189597944419052e-02
6.269354070847232840e-02
5.655211102217436170e-02
6.552608914673328788e-02
6.365652997046708506e-02
6.174556218398113971e-02
6.179757856453458459e-02
5.887196181962887215e-02
5.843590180079142465e-02
5.485547114784519035e-02
5.508806486303607919e-02
5.726568379749854415e-02
5.879459009505808020e-02
6.421900953166187476e-02
5.612817058960596628e-02
5.766872831930716647e-02
5.615567771097024208e-02
5.968271327205001975e-02
5.799881429101030189e-02
5.998275524005294151e-02
6.066916530641416894e-02
6.860449728245536505e-02
5.905703769375880707e-02
5.850860306061804461e-02
6.336116996283332192e-02
5.943151352927088932e-02
5.455197621136903541e-02
5.490888213738798901e-02
5.862325158280631138e-02
5.734671298104027787e-02
7.090259635510544334e-02
5.689114574342966218e-02
5.516343537718057521e-02
5.545492573951681797e-02
6.646039525667826742e-02
5.831076473618546779e-02
5.756304142375787136e-02
5.767064755782484731e-02
5.748801581561565482e-02
5.569711092238625177e-02
5.474603551750381603e-02
5.775351831689477106e-02
7.270447324340542639e-02
5.668853655457496699e-02
6.128518000245094383e-02
5.720946941524743951e-02
5.725031666768094080e-02
5.837226963912447303e-02
5.858879189317425101e-02
5.601651584108670312e-02
6.217807689681649486e-02
5.836110481681922729e-02
5.593687145039439451e-02
6.074733082825938685e-02
5.982859406620263942e-02
5.436597642488777415e-02
5.736188812181353819e-02
7.148190807240704936e-02
5.716809285183747924e-02
5.549247061833739031e-02
5.934211018805702481e-02
5.551926966135700692e-02
5.767435609052578432e-02
6.108014712731043433e-02
6.108511052404840685e-02
5.802819650309781058e-02
5.831726667160789385e-02
5.612160681746899971e-02
5.778799793372551424e-02
5.445291030531128340e-02
5.475682721783717288e-02
5.676728462800383762e-02
5.564731609697143311e-02
5.681928840155402866e-02
5.648300683125853650e-02
5.540508686875303401e-02
5.712396119410793199e-02
5.516502171444396391e-02
5.680495650197069091e-02
5.664646057412028174e-02
5.502107157371938229e-02
5.836440260832508747e-02
5.435558671752611926e-02
6.132938824283579865e-02
5.652410935610532872e-02
6.005999963730573876e-02
6.261969697972138982e-02
5.693197311212619405e-02
6.253601916134357563e-02
5.695751031860709496e-02
5.956665721721947360e-02
6.124252021933595386e-02
5.676112005487084222e-02
