9.995920989248487099e-02
8.613312111960516604e-02
7.699566259980201999e-02
7.830538886288801459e-02
7.028250735667017357e-02
7.293632804519600832e-02
7.186002511945036031e-02
6.775520526700549995e-02
6.814727923936314546e-02
7.182566105491584862e-02
7.283070993920166825e-02
6.908258779181374043e-02
6.649070183436076031e-02
6.851071628431479321e-02
6.883039706283144987e-02
7.009588786297374363e-02
6.871538365052806685e-02
6.353517323732375821e-02
6.750716583596336196e-02
6.675329671965704592e-02
6.999646979901526234e-02
6.448769014742639083e-02
6.556093614134524128e-02
6.389931713541348313e-02
6.188615984800788922e-02
6.588556311196751281e-02
6.572598889470100680e-02
6.446626447141171057e-02
6.585966936416096096e-02
6.798457296358215163e-02
6.620120902856191369e-02
6.316135488450527746e-02
6.296596649206347152e-02
6.468446991509861632e-02
5.731564484950568694e-02
6.618847598632177087e-02
6.293329797271225712e-02
6.523286294605996904e-02
6.264446284621953687e-02
5.973698858999543920e-02
6.350069002558787756e-02
5.939742258439461436e-02
6.146592444015874096e-02
6.515045820011032551e-02
6.302198486195670357e-02
6.073599521898560838e-02
6.403354489141040162e-02
6.460806851585705612e-02
6.385310553014278412e-02
6.369155285259088528e-02
6.292186818189091091e-02
5.490304328915145832e-02
6.334117924173672531e-02
5.974679376102155770e-02
6.289403246094783795e-02
6.156237560013930188e-02
6.192098572436306042e-02
6.140400382379691130e-02
6.023052512771553263e-02
6.152204705609215507e-02
5.917101020200384726e-02
5.964933782815932950e-02
6.242623134619659786e-02
5.787502848025825181e-02
6.126643077780802998e-02
5.924667297965950652e-02
6.175229298985666915e-02
6.194862228714757835e-02
6.036004806972212339e-02
5.870569083425733470e-02
5.955299244572719031e-02
6.101949641274081321e-02
6.013231269187397504e-02
5.048015868912140297e-02
6.088634884605804987e-02
5.668829660862684250e-02
5.882271708299716129e-02
5.822800441334644722e-02
5.824622491167651128e-02
6.181704677227470301e-02
5.897581326878732766e-02
5.871536729650365244e-02
5.412687715142965039e-02
6.045113439775175179e-02
5.849705535090631708e-02
5.996730449712938532e-02
5.401372181044684223e-02
6.055898583597606882e-02
6.060449116759829974e-02
5.635362751781940183e-02
5.469221336146195406e-02
5.659232779095570154e-02
5.810997682727045421e-02
5.927226100530889191e-02
5.674099858022398080e-02
5.437302730149692898e-02
5.914044121487273264e-02
5.852604307648208437e-02
5.513435757408539223e-02
5.417084627681308107e-02
5.979298891292678109e-02
5.879580492360724636e-02
5.958281055920654212e-02
5.973979104310274402e-02
5.230290651735332308e-02
5.886519348455800105e-02
5.888905285133255729e-02
5.296144942856496896e-02
5.615891087800264220e-02
5.553600270715024906e-02
5.986204108016358189e-02
5.683911927044391771e-02
5.718507197582059498e-02
5.685485775272051262e-02
5.387364139573441735e-02
5.646792712310950285e-02
5.930310601575507212e-02
5.704217426892783938e-02
5.933294588079054965e-02
5.052901301532983919e-02
5.830693675412072091e-02
5.842124378929535594e-02
5.920552191221051946e-02
5.476162588844697005e-02
5.784881971776485721e-02
5.744917127821180802e-02
5.536122800161440843e-02
5.729076810595062214e-02
5.550864951478110682e-02
5.529749571449226603e-02
5.629773924334181834e-02
5.380605097032255257e-02
5.571171595818466549e-02
5.438373713857597852e-02
5.651138006812995995e-02
5.912802606407138728e-02
5.780479042894310499e-02
5.645449941770897678e-02
5.150922613425387014e-02
5.606469211892949056e-02
4.944500807258817715e-02
5.230952592359648656e-02
5.442857046922047748e-02
4.996964741084310851e-02
5.485221979518731250e-02
4.813980087637901445e-02
5.624315618640846753e-02
5.629472295857138042e-02
5.701161101460457126e-02
5.782868804203139534e-02
5.573537848475906831e-02
5.157402888354328113e-02
4.570498137424389845e-02
5.657496295041507944e-02
5.423171961059172763e-02
5.620214663859871007e-02
5.702968581269184795e-02
5.604045904344982787e-02
5.563642386760976610e-02
5.534496646788385210e-02
5.521006462060742970e-02
5.469769255982504658e-02
5.268626736683978268e-02
4.936403915699985601e-02
5.323603151159154306e-02
5.415959221621354652e-02
5.508376523438426875e-02
5.585948781420787407e-02
5.493931484719117436e-02
5.680542180521620799e-02
5.766794824351866716e-02
5.542581648462348298e-02
5.629193033609125596e-02
5.818754906455676085e-02
5.688262641843822021e-02
5.588851757347583493e-02
5.210693625526295614e-02
4.718809051232205481e-02
4.985539536509248776e-02
5.448919985857274967e-02
4.997812815838389988e-02
5.667532007727357768e-02
5.159644203053580236e-02
5.795425480852524347e-02
5.384258507854408626e-02
5.522230991886721563e-02
5.494564090751939689e-02
5.578423254191875597e-02
5.372750011997090569e-02
5.397710021999146957e-02
5.005715731531381468e-02
5.547009571972820463e-02
5.478039394236273313e-02
5.026945997443463959e-02
5.580166379610697336e-02
5.398977674129936538e-02
4.976518746051523251e-02
5.517369235555331236e-02
5.391836625834305757e-02
5.573190574844678197e-02
5.338570485926336789e-02
5.466821833203236447e-02
5.716253216895791911e-02
5.136323010341988654e-02
5.404500901285144709e-02
5.087134020609988122e-02
5.313140120771196045e-02
5.584732857015398122e-02
5.481114716579516682e-02
5.412063989788293977e-02
4.976248116128974275e-02
5.561704623202482628e-02
5.622976333316829362e-02
5.395009482486380625e-02
5.327329600436819801e-02
5.219807906283272653e-02
4.389729296995533575e-02
5.243337187502119384e-02
5.196690793252653484e-02
5.649870654775036860e-02
5.048629308326376547e-02
5.571862403303384781e-02
5.561489533219072384e-02
5.431924278123511501e-02
5.372466945813762079e-02
5.375096355047490754e-02
5.400269960777626804e-02
4.506185536997185659e-02
5.399743372367488137e-02
5.209899408121903414e-02
5.088809385067886992e-02
5.366426979502041811e-02
5.417739090820153369e-02
5.103461533370945435e-02
4.803746648960643267e-02
5.486300755292176923e-02
5.333331645362907047e-02
5.367750616537200065e-02
4.831900462094280285e-02
5.270572588261630831e-02
5.321373523523410115e-02
5.228171735588046931e-02
5.383918527513742447e-02
5.368991401046514789e-02
5.086932602441972956e-02
5.042379757182465644e-02
5.435047652572393140e-02
5.569541957229375700e-02
4.620296746078464412e-02
5.527456702871454824e-02
5.295646521780225657e-02
5.254747873793045448e-02
5.023571685370471773e-02
5.298129928608735079e-02
5.526476142307122641e-02
5.295862019475963689e-02
5.383362919092178622e-02
5.478139149232043315e-02
5.130635769002967611e-02
4.789483383711841402e-02
5.528102953814797993e-02
5.472884120212660741e-02
5.150919020589855152e-02
5.234803530491060480e-02
5.364994563990169163e-02
5.382285236070553230e-02
5.149088361197047548e-02
5.056646379331748015e-02
5.428640370567639623e-02
5.389689536144336157e-02
5.314927219102780209e-02
5.364547992746035443e-02
5.535507891327142577e-02
5.209614835265610061e-02
5.483033141742150313e-02
5.117232735372252012e-02
4.993651546537876407e-02
5.318742023987902551e-02
5.201588244073920841e-02
5.325504303392436523e-02
5.194141999300982970e-02
5.438471105363634067e-02
5.111520532518624982e-02
5.233541923678583507e-02
5.313505399972200116e-02
4.223147779703140259e-02
5.375572850720750084e-02
5.348568080614010678e-02
5.378128422631157923e-02
5.030577559438016710e-02
5.092613932987054282e-02
5.120352672206030659e-02
5.562435876992014028e-02
4.904792091498772627e-02
4.987533831348021918e-02
5.271501040293110479e-02
5.519555500812000498e-02
5.261454884376790681e-02
5.324573885235521498e-02
4.650766112738185382e-02
5.334127270099189855e-02
5.096131153404712816e-02
5.171847831871774492e-02
5.238225315180089492e-02
5.354776928822199689e-02
4.916064288053247772e-02
5.030653377374013496e-02
5.171711519360542436e-02
5.007464384867085089e-02
4.905857644561264358e-02
5.278640937887960072e-02
5.370915879805882726e-02
5.122687332332134108e-02
5.041958964947197003e-02
5.275504199994934806e-02
5.047209504991769652e-02
5.135055983232127141e-02
5.106104463338852206e-02
4.348068758845329007e-02
5.373735160877306932e-02
5.244829662972026740e-02
5.186829759428898678e-02
5.326153950558768640e-02
5.170171360174814768e-02
5.001713213407331382e-02
5.149478094859255561e-02
4.479792438861396331e-02
5.382920470502641774e-02
5.307800925026337491e-02
4.884029906243085584e-02
4.802321417050229441e-02
5.329562843673758821e-02
5.077584938456614766e-02
4.822007374217112535e-02
5.448179807927873430e-02
5.233758950812949368e-02
5.057797040790319720e-02
5.353760181201829005e-02
5.141482096579339661e-02
5.210995498216814542e-02
5.258731537808974260e-02
5.352627496338552976e-02
5.288511036584774699e-02
5.320975908802615117e-02
4.862444622235165964e-02
5.097201528648535179e-02
4.850174194822708812e-02
5.124779738899734594e-02
4.901274486134449965e-02
4.995571422494120284e-02
4.783113408419820828e-02
5.270315810210175062e-02
5.166862598723835631e-02
4.867000428752766422e-02
5.113381600628296580e-02
4.904291031675206414e-02
5.130610598458184429e-02
5.127022591316037631e-02
5.182244543813997045e-02
5.375543358839220132e-02
5.136174940400653477e-02
5.230647828429937224e-02
5.394236443357335042e-02
4.907182991090747876e-02
4.826078888856702442e-02
5.285630383425288931e-02
5.136486608535051346e-02
4.542520594679647084e-02
4.821480763041310902e-02
5.265516086171070920e-02
5.150665485610564365e-02
5.118528664526011962e-02
4.845859828508562728e-02
5.268802740093734421e-02
5.235875083340538888e-02
5.039263208293252860e-02
5.093481799380646796e-02
5.215354946752389503e-02
5.192211560077137494e-02
5.194435647378365523e-02
4.985254715300268397e-02
5.429126419540908355e-02
5.250054951757192334e-02
4.889903714259465767e-02
5.188462593489222979e-02
5.129145278284947401e-02
4.838012601766321363e-02
5.180523515575462257e-02
5.002389436380730997e-02
4.792983763747744874e-02
4.857959116084708401e-02
5.280611125959290553e-02
4.910404241333405501e-02
5.192398211608330316e-02
5.187050909217860717e-02
5.182153106563620881e-02
5.175445164657301034e-02
5.356917027384042879e-02
4.963295383171902747e-02
5.294649683766895071e-02
5.066650938242674151e-02
5.283691996915473171e-02
5.215387843135330104e-02
4.858829716427458950e-02
5.063332629700501714e-02
4.988562667535410833e-02
4.590004852248563000e-02
5.109272831016116456e-02
4.456736532350381169e-02
5.341788118498192600e-02
4.876294316103060855e-02
5.153137201236353965e-02
4.669662869224945612e-02
4.380218349397182326e-02
5.065592514971892224e-02
4.825593891243139949e-02
5.211142551981740728e-02
5.318937293357318963e-02
5.222671979831324668e-02
4.940724457717603907e-02
4.833996140708526207e-02
5.210559933135906763e-02
5.223102033552196044e-02
5.102824367996719457e-02
5.129952941917710618e-02
5.201994141356812429e-02
5.113782884760035424e-02
4.945813210474120369e-02
4.080384510258833891e-02
5.245799662338362923e-02
5.049060011903445250e-02
4.260852005746629256e-02
5.107932413617769646e-02
5.184040154433912362e-02
5.084911773188246359e-02
4.843025774591498689e-02
5.175593205624156451e-02
4.671433979852331747e-02
5.162904831684297924e-02
5.161072003344694542e-02
5.261250980612304506e-02
5.036685079750087557e-02
5.281383711844682416e-02
5.055950683438115850e-02
5.051930062472820282e-02
5.169806737038824124e-02
5.153363578849368826e-02
5.096414585908253664e-02
4.943749846683608007e-02
4.526495240214797877e-02
5.204774269627199940e-02
3.859238866716623029e-02
5.225376124597257838e-02
4.832357938090960092e-02
5.084833339270618258e-02
5.159762594848871231e-02
5.181893120623297377e-02
4.909908272739913621e-02
4.566794726997613907e-02
5.191977073748906685e-02
4.756316141121917640e-02
4.690780552724996971e-02
5.178606628129879541e-02
5.107639661679665155e-02
3.951014187186956128e-02
4.994509646462069741e-02
5.273687562180889854e-02
5.028538801189925966e-02
5.111895781010389328e-02
5.024165028913153697e-02
4.811922460794448853e-02
4.751161281019448956e-02
5.103368194152911597e-02
4.920820867021878653e-02
5.252898681081003690e-02
4.952552289598517732e-02
5.096946849177281386e-02
4.941463656723499298e-02
5.069195247358745937e-02
5.255833284722433857e-02
5.100171770900487761e-02
4.921008253263102483e-02
4.993993048038747329e-02
5.042226345588763509e-02
4.966872620085874962e-02
5.088498292283879371e-02
5.009576837635702773e-02
4.913581630422009239e-02
4.931152514699432832e-02
4.902028996083471202e-02
4.610283385134405360e-02
5.256676789787080584e-02
4.734406922426488695e-02
4.753371056997113958e-02
5.187649219814274154e-02
4.828663435247209507e-02
5.177225828584697265e-02
4.795660312390989666e-02
4.793199104153447743e-02
4.878562630878554435e-02
