7.682728594435113412e-02
2.134340622329286216e-02
1.313156252061682162e-02
1.149506151809224011e-02
1.144602798324610531e-02
1.130731533547597346e-02
1.074729324318468571e-02
1.009494159370660782e-02
1.034321858813720164e-02
1.014547997952571987e-02
9.555127870823656305e-03
9.426172556621688001e-03
8.497257417600070223e-03
8.907992692132080809e-03
8.526116709357925080e-03
8.699081705084868096e-03
8.535988329510604128e-03
7.898848204474364504e-03
7.684153853915631771e-03
7.514128644418503929e-03
7.895846634970180369e-03
7.590612346705581832e-03
7.603395713626274165e-03
7.538505746716899283e-03
6.928132015413471755e-03
6.949576017047677350e-03
6.927738897502422333e-03
6.602459287803087544e-03
6.827188622472541921e-03
6.732914862888199695e-03
6.556543837567525498e-03
6.061467325447925623e-03
6.163850443304649297e-03
6.027732343812074352e-03
6.064943985880485479e-03
5.889379668847790662e-03
6.016147156645145107e-03
5.609150260819920596e-03
5.940760818443128165e-03
5.806479503267577592e-03
5.876267578319779340e-03
5.651781202426978644e-03
5.702868253657860168e-03
5.088696405956787475e-03
5.598625550711793311e-03
5.465781432576477528e-03
5.380481049152356990e-03
4.955829836295119230e-03
5.392302243438150573e-03
5.051467368113142856e-03
4.697240040903645150e-03
4.906636995396443900e-03
4.781892889046243135e-03
4.817744916571038358e-03
4.824564492862139058e-03
4.771255006614539933e-03
4.707239185726004235e-03
4.793061342622552227e-03
4.483843371937317260e-03
4.464174837007054385e-03
4.651979044345872991e-03
4.661729210056364536e-03
4.414005354712051757e-03
4.564953036606311798e-03
4.068862513772079047e-03
4.206756246276199818e-03
4.160471975670329038e-03
4.120181356224098500e-03
4.120678607640522115e-03
4.483780241571366787e-03
3.874226913986993873e-03
3.970684284078223117e-03
3.818004616602723150e-03
4.014159744006714527e-03
3.895350158148045989e-03
4.002544205702308726e-03
3.985289708777729582e-03
3.791087573128087366e-03
3.861726452929100696e-03
3.852893556800803844e-03
3.841151200634028168e-03
3.676264313980937004e-03
3.693598014901259240e-03
3.684371942654252052e-03
3.650397012409354897e-03
3.574901393481663171e-03
3.689161526770996010e-03
3.765335198425288649e-03
3.586782292196793401e-03
3.616933211950318968e-03
3.644665345616106538e-03
3.362829256470182236e-03
3.608900854097945535e-03
3.357866729077483865e-03
3.406228314686034469e-03
3.282564933345253917e-03
3.415125738164143717e-03
3.429397383505212223e-03
3.238107460284871900e-03
3.299393998791596595e-03
3.364395275379398163e-03
3.291840432211756706e-03
3.292580384628048841e-03
3.180184908809938725e-03
3.324177033001823271e-03
3.188852644858083431e-03
3.045270294283649627e-03
3.202986570873430673e-03
3.149194925624345092e-03
3.193864840016301127e-03
3.034307746150131675e-03
3.225592397419469511e-03
3.115906912301267834e-03
3.024887002538889647e-03
2.911873028746673163e-03
3.093083355841891920e-03
3.047826275828161534e-03
2.890717969941241586e-03
3.095665539149194956e-03
3.019547322764992714e-03
2.983176465412335551e-03
2.884911730818982573e-03
2.898872829973697662e-03
2.969887224026024342e-03
2.824461004430694425e-03
3.017096863394336855e-03
2.810167872147368347e-03
2.912206675059029158e-03
2.878704640482153149e-03
2.877664078758763230e-03
2.795526375328855669e-03
2.711316445908908395e-03
2.785358178828443738e-03
2.778999923196222039e-03
2.758914837613701820e-03
2.776985397628907708e-03
2.731602406129240990e-03
2.776059513312897388e-03
2.772280380928090517e-03
2.512771062486405822e-03
2.562875210839722900e-03
2.687488108806844207e-03
2.651476800175649965e-03
2.667330163863620464e-03
2.630181319545954466e-03
2.424066246021538973e-03
2.543951077054121789e-03
2.479301050438412722e-03
2.664442365390381519e-03
2.405572973657399416e-03
2.494629896578511898e-03
2.625196232526962308e-03
2.528588245955428783e-03
2.435128537139722403e-03
2.561527695174196061e-03
2.498876070603728294e-03
2.536841427042548208e-03
2.368603816388973292e-03
2.479215809476694767e-03
2.383994237918938847e-03
2.387312548567673866e-03
2.355978724413684312e-03
2.363317646086215973e-03
2.460618653068585241e-03
2.448024660614984190e-03
2.399556064379534427e-03
2.389444928017577831e-03
2.507054912192480719e-03
2.223309312414910050e-03
2.306672578145350667e-03
2.481477992010435764e-03
2.453589412782873364e-03
2.115171427638935005e-03
2.423402994671570217e-03
2.358162684166537678e-03
2.196711629429565823e-03
2.173559557247374801e-03
2.315542203307683917e-03
2.150793327018618584e-03
2.227338272080357524e-03
2.353034389670938253e-03
2.243093639013490383e-03
2.097204685144658538e-03
2.280382880209280098e-03
2.249874673517687166e-03
2.236467520041124975e-03
2.323677646927535534e-03
2.123930233730269516e-03
2.259978750121912662e-03
2.225290376892579639e-03
2.227488381322473288e-03
2.166514301539531652e-03
2.184568338894418184e-03
2.308223496324249800e-03
2.027227905013465580e-03
2.092781518253364857e-03
2.106615009584597055e-03
2.088519503428999929e-03
2.211556229407766160e-03
2.238825662061572075e-03
2.224548819607922133e-03
2.210091084374913271e-03
1.991359442139842804e-03
2.055041001377893532e-03
2.251737659597503102e-03
2.134040679915675219e-03
1.985134960185470140e-03
2.030964720428788360e-03
2.084175706841051579e-03
1.978417571600792849e-03
2.083211505253400059e-03
2.061642070267615760e-03
2.064808995263384735e-03
1.970116639443273993e-03
2.021222782786935568e-03
2.017757996717201626e-03
2.007187294241573067e-03
2.033127355389297009e-03
1.933281580152522178e-03
1.936321762124342547e-03
2.126844391958521759e-03
1.999406447534316476e-03
1.860793788052563218e-03
1.923424225034458266e-03
2.077307676829929801e-03
1.991984870983287692e-03
1.937482131844652520e-03
1.944776258564421016e-03
2.088364612843309192e-03
1.917175416435514240e-03
2.068932326177933510e-03
1.976576650382152502e-03
2.006667736817949708e-03
1.993150899319776591e-03
1.936396139041919855e-03
2.001801821669297373e-03
2.002775985082345164e-03
1.894542510854080319e-03
1.953942443443728531e-03
1.915274649426074996e-03
1.990426747527505608e-03
2.001601421008152807e-03
1.996146930780793877e-03
1.938440471089311916e-03
1.845525020533906593e-03
1.787130251094432845e-03
1.885311969090253115e-03
1.904387434478849173e-03
1.837053581506812054e-03
1.840260836096214428e-03
1.845726028217800933e-03
1.810603193007409573e-03
1.876820523258564697e-03
1.895450063914592715e-03
1.721866033871525007e-03
1.867565962519230618e-03
1.783818626011322590e-03
1.928797237009608227e-03
1.893454343579443469e-03
1.815163384890183806e-03
1.776297447837091011e-03
1.819302826853735075e-03
1.907413363889125810e-03
1.886762641203988938e-03
1.803924034382881894e-03
1.813112816307693720e-03
1.879937127731474414e-03
1.696695640150989743e-03
1.738336182565295178e-03
1.775910948968625587e-03
1.912076899316161871e-03
1.886142160011721478e-03
1.821349441472973080e-03
1.866445785188781395e-03
1.779625279596075416e-03
1.779589964176661295e-03
1.786146774455638899e-03
1.846192541831572203e-03
1.871127177894647570e-03
1.760205532523936552e-03
1.676723460799881297e-03
1.843870505191651807e-03
1.763868133171594662e-03
1.636048101188082842e-03
1.697802009792732372e-03
1.726860608739246277e-03
1.719733870621504559e-03
1.604276135497327300e-03
1.727113699806588068e-03
1.647123077418655157e-03
1.684895916176693811e-03
1.648062066773750859e-03
1.714702932596472726e-03
1.743236731272190809e-03
1.761323872155376750e-03
1.568620870654870419e-03
1.764566296645040961e-03
1.712903155878718348e-03
1.702335376259205566e-03
1.686303485517523211e-03
1.687698560999706388e-03
1.704263022734916729e-03
1.742161918498043565e-03
1.690596042733107356e-03
1.655091273797942028e-03
1.506823015266231221e-03
1.730055435993043409e-03
1.664989099871101155e-03
1.561407236814764963e-03
1.467225316446274519e-03
1.564366876014641446e-03
1.669400641860972496e-03
1.614977784421560989e-03
1.535582659666293341e-03
1.535987768355490937e-03
1.590673911518284160e-03
1.658399793086573482e-03
1.589595926426617132e-03
1.653005581049780699e-03
1.627208328240417915e-03
1.552662358985149342e-03
1.635224284005484504e-03
1.539069730954776855e-03
1.692744287928300275e-03
1.645719233368124219e-03
1.710983596110184340e-03
1.652805417376969604e-03
1.568410720210522413e-03
1.602425360553232656e-03
1.587957996110032650e-03
1.594959916214325505e-03
1.549213975002723112e-03
1.530395309341006952e-03
1.593516819411888719e-03
1.609746961288952309e-03
1.436563291853027715e-03
1.524739482972238807e-03
1.564025824856279121e-03
1.499635990642543288e-03
1.564000978500449139e-03
1.547885879907490983e-03
1.471771064513762144e-03
1.591988315340131521e-03
1.425103413306974846e-03
1.592064525799027604e-03
1.523187587736174464e-03
1.595309756729485764e-03
1.577610835998452228e-03
1.554801619412111416e-03
1.539611561124079901e-03
1.579903269885107875e-03
1.448179216822609305e-03
1.488397583930886310e-03
1.610409842604505195e-03
1.578405441250652075e-03
1.543117441802418751e-03
1.545319067580359354e-03
1.546594617788546759e-03
1.482813357142731547e-03
1.501974637254274410e-03
1.471942365502140445e-03
1.515833968629262370e-03
1.509485949229981156e-03
1.481743354815989733e-03
1.468050530612734781e-03
1.608002452745235485e-03
1.555155505359704943e-03
1.498288857484502421e-03
1.543019270424597937e-03
1.463448084125827404e-03
1.509082474512979388e-03
1.551591142612908630e-03
1.486396217452628241e-03
1.411561783502942842e-03
1.531477564380371052e-03
1.532137568574398756e-03
1.463947268868131266e-03
1.484873051854914945e-03
1.503966885918219237e-03
1.447008182627282065e-03
1.442033543883423658e-03
1.362336171691172796e-03
1.538404442336676345e-03
1.382625607740400062e-03
1.470777867195595650e-03
1.427280009790722875e-03
1.467717507953888697e-03
1.498345027877283917e-03
1.473159782887835650e-03
1.475948495291439519e-03
1.415117136535367888e-03
1.416954078844615298e-03
1.471394157436277123e-03
1.460457827696310653e-03
1.408441474528185052e-03
1.507364433824217838e-03
1.422081134348575620e-03
1.473144490903775545e-03
1.334440524390499445e-03
1.472760324499436694e-03
1.359610955530245451e-03
1.438127489693994971e-03
1.402839594188013154e-03
1.423451517309461383e-03
1.492928950548438058e-03
1.491940709196829277e-03
1.432318419184801803e-03
1.415831552419279365e-03
1.377765729557722807e-03
1.463284865686936007e-03
1.455666306095995980e-03
1.498027746233024675e-03
1.302888571184926706e-03
1.379014608184141741e-03
1.416695046438170300e-03
1.415984513836779672e-03
1.337303114788872824e-03
1.360963955188968259e-03
1.492362585850059986e-03
1.350232973761324434e-03
1.395678605019514112e-03
1.465112157997542101e-03
1.389356953690626699e-03
1.366113645157643634e-03
1.438113594693797006e-03
1.352962247827755584e-03
1.368331531661429483e-03
1.396826468408107758e-03
1.389911003311031538e-03
1.274894565410379915e-03
1.304831784052242188e-03
1.386138111619012727e-03
1.435847499773704487e-03
1.401819766864978748e-03
1.289711978253243194e-03
1.393396187008225399e-03
1.380473641412598715e-03
1.361657050438225269e-03
1.288572671390803828e-03
1.290532477599169465e-03
1.348096145583050623e-03
1.421118520998529118e-03
1.357023745575653686e-03
1.303482019076389895e-03
1.390155633479090705e-03
1.404622827456998005e-03
1.286873402672686654e-03
1.254537122024755331e-03
1.343401934718713164e-03
1.312861892594290600e-03
1.362554695723312273e-03
1.335196043198396115e-03
1.412463378593591676e-03
1.372327150810243859e-03
1.350834791082888842e-03
1.350209582597017288e-03
1.211662481572212948e-03
1.350931669419099240e-03
1.363946391003472433e-03
1.368416843303878454e-03
1.280878957394244446e-03
1.173153369953589811e-03
1.223163463042250794e-03
1.339688256848603487e-03
1.336777653445356566e-03
1.349273279109703674e-03
1.382120361085981131e-03
1.266592232111309318e-03
1.210464755006666632e-03
1.284572998494175897e-03
1.374774412917239294e-03
1.248709815886936110e-03
1.331196719547733665e-03
1.343734026054984850e-03
1.299216295592486858e-03
1.294734305702149868e-03
1.331270381342619658e-03
1.247902113911030517e-03
1.267083371723336802e-03
1.364955408332337288e-03
1.364566460584423465e-03
1.255326176760718226e-03
1.187304812317181973e-03
1.279690481689093337e-03
1.223948181307475420e-03
1.339366110706967936e-03
1.356323386841852812e-03
1.325341656671038789e-03
1.266833777273339854e-03
1.327306373111371545e-03
1.289532761022980662e-03
1.311873040062242228e-03
1.292244323329733982e-03
1.286388649272599298e-03
1.209636464149558025e-03
1.294252816088763700e-03
1.248581908709768800e-03
1.332339252777663694e-03
1.285648821587009058e-03
1.314719602565414232e-03
1.215578248125634116e-03
1.332038477162963671e-03
1.292789770689393731e-03
1.284151807859806047e-03
1.260917484095054044e-03
1.286050063624445943e-03
1.321589944252212195e-03
1.284538098843768239e-03
1.321969765870432707e-03
1.305512585011976137e-03
1.259259492923904804e-03
1.301517248586086259e-03
1.249372593260237056e-03
1.158171728353149217e-03
1.267003431816452223e-03
1.296125763993976341e-03
1.261875104059332090e-03
1.311195635935291648e-03
1.275850530614011961e-03
1.162199424080816732e-03
1.256428592439208774e-03
1.319757774971159472e-03
1.191484155632289424e-03
1.286361175256648141e-03
1.250590255949646235e-03
1.255448155071852432e-03
1.296839111351541203e-03
1.236789306858554482e-03
1.269543701450207311e-03
1.315223410659070464e-03
1.223467090832335577e-03
1.213283976539969444e-03
1.262804909077073785e-03
1.334140596944572701e-03
1.226889160794339103e-03
1.175043651268684345e-03
1.261171726842544001e-03
1.206096581881865859e-03
1.224120679710592480e-03
1.196661423559167462e-03
1.280137021759791003e-03
1.290141854302159470e-03
1.221742339631808625e-03
1.197933373207758518e-03
1.206284143596089405e-03
1.237925969430112320e-03
1.157736551249399781e-03
1.188685593660920858e-03
1.235474516371531115e-03
1.186329068981909233e-03
1.255939602352944837e-03
1.247575573090995999e-03
1.201070924123217015e-03
1.143513825289639010e-03
1.171683925869209395e-03
1.192669592066002713e-03
1.192415324372372550e-03
1.166425770082111808e-03
1.267192648291321768e-03
1.232648534434182272e-03
1.278606426369930955e-03
1.168434732660119085e-03
1.176749547344765586e-03
1.232145108848012012e-03
1.231218829551445617e-03
1.177532282391829119e-03
1.107994487808485178e-03
1.256553605864090548e-03
1.205097601216818543e-03
1.162757473399064463e-03
1.167280503848035483e-03
1.187106502974139824e-03
1.185504569938140287e-03
1.141010159959218425e-03
1.237684806775567756e-03
1.202509680297225714e-03
1.158670355964984151e-03
1.227970916910895187e-03
1.118612783362290782e-03
1.203733109702755360e-03
1.260861346963793039e-03
1.141087098013875709e-03
1.168573291839233559e-03
1.236195318467382936e-03
1.235208257899752778e-03
1.215861569757440168e-03
1.213055661147726403e-03
1.144459558418020606e-03
1.179091116812612267e-03
1.195080624061769766e-03
1.054035794887957797e-03
1.166495328236903401e-03
1.251547855125474109e-03
1.204368067971829919e-03
1.142629779808755370e-03
1.137976247784016357e-03
1.231340587505006271e-03
1.132850235860262660e-03
1.038075256344330160e-03
1.119049594438235613e-03
1.193344401794352609e-03
1.200805397404889913e-03
1.139418691829112993e-03
1.022418728098273277e-03
1.110827446349763352e-03
1.100789780528949871e-03
1.154979661805555224e-03
1.159592506675315724e-03
1.198171538167766255e-03
1.159138428712529765e-03
1.171116180817729753e-03
1.191986296492229553e-03
1.123831985751166940e-03
1.149370068950312509e-03
1.159655229587640019e-03
1.184706688426168933e-03
1.134287116916052026e-03
1.161911732716751919e-03
1.137046958319842815e-03
1.099586977423833980e-03
1.114002453895019664e-03
1.064343544255409984e-03
1.143027263294373302e-03
1.073850514200915245e-03
1.105490614593561145e-03
1.117839981036792846e-03
1.159564271802082658e-03
1.123963813630065841e-03
1.157841898800273089e-03
1.069485554970534815e-03
1.061663983689088969e-03
1.140967194390084000e-03
1.106900582921558100e-03
1.124698560618396254e-03
1.188072093230272980e-03
1.177461181734023319e-03
1.204688243368374481e-03
1.195454009575769305e-03
1.139169454940461594e-03
1.140984091242509260e-03
1.133158225067225919e-03
1.116879529685580212e-03
1.076783045261566190e-03
1.113991793577692431e-03
1.156774944060348946e-03
1.081757363863289356e-03
1.094975591903286352e-03
1.162237146802778693e-03
1.079404023974867835e-03
1.090847583587414545e-03
1.110614851183657197e-03
1.102063160422923340e-03
1.094760996888258535e-03
1.115875996349911543e-03
1.169458418319533916e-03
1.102432583658290730e-03
1.084787883363398089e-03
1.096530713506841141e-03
1.088382934020566120e-03
1.111579173344320578e-03
1.055728581767263188e-03
1.028609499501596542e-03
1.097282232616894919e-03
1.170149929488875943e-03
1.106032465551314578e-03
1.090345172477620020e-03
1.077443328020828142e-03
1.059694352859099058e-03
1.037056738693666307e-03
1.147159479192591232e-03
1.180183221419741062e-03
1.134932444464149251e-03
1.098873679958549962e-03
1.020027058465140237e-03
1.096401837587888690e-03
1.036815478333405179e-03
1.119564216683751863e-03
1.084741928415106907e-03
1.101055020366662222e-03
1.151939334314582572e-03
1.116947557810427918e-03
1.091218541010416073e-03
1.162399184457691683e-03
1.078236569550686556e-03
1.062689074647746009e-03
1.120512544210734143e-03
1.075463835150003433e-03
1.081087002863309306e-03
1.001609426956357731e-03
1.113720433620203881e-03
1.108134389921490697e-03
1.059876266351368872e-03
1.119004915900794492e-03
1.137974821696323977e-03
9.731861812594745685e-04
1.044867173602272419e-03
1.108566660799884277e-03
1.112699500351612119e-03
1.087134242490200029e-03
1.069120027490758377e-03
1.065533375367522240e-03
1.033784838260284585e-03
1.106807276041113812e-03
1.049984745415193663e-03
1.122997757712645159e-03
1.096261819059561344e-03
1.084938499843701720e-03
1.076219295750238973e-03
1.096443643161494879e-03
1.063619561526658311e-03
9.946189217901388584e-04
1.045818814808236732e-03
1.058458999198462220e-03
1.119899214245378971e-03
1.041110812885952816e-03
1.043187446027462034e-03
1.141461202808256598e-03
1.066674391040578485e-03
1.051119221041777211e-03
1.027283689057055267e-03
1.072629126221207605e-03
1.091298576544172090e-03
1.055639831715130287e-03
1.038021578486742749e-03
1.029083050005803182e-03
1.117359859303438145e-03
1.068328636132978874e-03
1.006499018071086186e-03
1.023608160072139424e-03
1.054997298134756909e-03
1.047442525824797974e-03
9.930428973997809747e-04
1.081978748386193661e-03
1.067139050324580592e-03
1.065030822896265465e-03
1.129119952176032291e-03
1.093662535173020285e-03
1.049328200419300276e-03
1.096716928129483608e-03
1.060422509908676147e-03
1.047416640046451835e-03
1.070559592335484922e-03
1.087603645698566584e-03
9.528253181737714270e-04
1.075969090119802433e-03
1.089696601931271778e-03
1.065581271957073955e-03
1.064442530540483369e-03
9.771542182923959215e-04
1.017998978828213138e-03
1.056030521535181481e-03
1.063595459397350101e-03
1.076353343835632654e-03
1.060992574951212259e-03
1.024148530892229599e-03
1.084125717170536518e-03
1.021119327301026362e-03
1.055294926378077787e-03
9.987301351169922212e-04
1.020409385091625154e-03
1.030563809243696108e-03
1.091507072227873880e-03
1.040180829087538348e-03
1.057961556528295727e-03
1.052370685751416761e-03
1.091971107858366293e-03
1.049936701227644755e-03
9.729581444324659914e-04
1.032237023797019345e-03
1.049747823604515714e-03
1.024504651598233135e-03
1.045128648651630658e-03
1.077127929810168519e-03
1.027292517911908851e-03
1.076835423841008025e-03
9.818374299876658599e-04
1.121219937756125478e-03
1.014747939604733733e-03
1.004679797915741801e-03
9.571036353008821607e-04
1.049075969993802085e-03
9.826191671891137958e-04
9.882759269593016822e-04
9.649589607891227673e-04
1.013983257247933227e-03
9.822442370932549238e-04
1.030849114093663468e-03
1.027951715514063835e-03
1.013118833985312802e-03
9.836958675545506934e-04
1.063428619610411749e-03
1.057027909804933745e-03
1.048853936871247663e-03
8.345154409263548642e-04
9.424568041660157233e-04
1.051685124236558227e-03
9.819731785682961345e-04
9.782437243432337819e-04
9.727410236207235982e-04
1.025495034160225612e-03
9.897018816055996697e-04
1.012667090565498324e-03
1.019792069980342535e-03
9.616848027300355225e-04
9.203271952823602418e-04
9.426763239649257799e-04
1.028162190258236899e-03
1.008850800904578489e-03
1.027625540570755152e-03
1.010964395910767541e-03
1.049817069932552352e-03
9.643439656688965102e-04
1.012462908485239075e-03
1.040808652760460973e-03
9.775993717734568576e-04
9.277436828207490235e-04
9.316079106481213500e-04
1.008084989734925330e-03
9.813089958957529804e-04
1.045941695338115096e-03
9.030724530540672331e-04
9.733331971801817417e-04
9.981879141248231353e-04
1.034492728649638593e-03
1.009659515278014692e-03
1.004732263806675224e-03
1.068626551256914286e-03
9.895778722628684361e-04
9.393086906389466664e-04
1.046623126187893899e-03
1.003705449485486076e-03
9.901944285957142711e-04
1.027871725714898628e-03
1.021730917273089290e-03
9.773201288356045662e-04
1.049976272042840719e-03
1.003090275584586936e-03
9.334328954407412936e-04
1.027054149225088133e-03
9.734349857483591507e-04
1.014274553329284640e-03
1.034669864956023469e-03
9.577726325785208871e-04
9.372563300920384735e-04
9.564693983910339684e-04
9.366210724692791700e-04
1.003193471530851571e-03
9.840625924490658920e-04
9.985205023050574939e-04
9.918181749526411295e-04
9.381393132831103345e-04
9.877364791464060545e-04
9.666068924291591714e-04
1.030759765334161296e-03
9.431667276658117771e-04
1.012770313536748290e-03
9.559129040488707632e-04
9.305674986015739650e-04
1.032563223686468450e-03
1.025944411854392809e-03
9.231522355029093832e-04
9.550985913457614570e-04
9.486245398875325918e-04
9.455490237866927316e-04
1.010188277827442664e-03
9.588982460887304684e-04
9.831434810101719220e-04
1.017075501814750657e-03
9.797851214118833123e-04
9.916730570174486954e-04
9.600996750772797326e-04
1.023711237524236890e-03
1.008548626227171200e-03
9.616678435122594237e-04
9.765207900532654663e-04
9.310143816817019512e-04
9.827177418628707528e-04
9.996262919490358969e-04
9.706291769232068588e-04
9.748546394153631469e-04
9.051424837837528060e-04
1.035517306133572606e-03
9.235096346986081074e-04
9.644631895103625199e-04
9.172403016626569242e-04
9.563742080769900610e-04
9.557264274917542934e-04
9.743054064788988968e-04
9.881508158287033439e-04
9.992600368734980403e-04
9.276079009785982580e-04
9.388641067614246537e-04
8.928077648826209098e-04
8.952021162258461118e-04
9.722122319674651693e-04
9.942418671146566449e-04
9.084009860608992367e-04
9.047204761632851502e-04
9.615391900297254324e-04
1.006747433815949637e-03
8.964841711401407053e-04
9.935045506738657533e-04
9.889259651702428638e-04
1.000012406231170223e-03
9.897346649917640547e-04
9.530824172543361783e-04
8.935251722245343784e-04
9.490163564415914207e-04
9.310972298927870780e-04
9.929235197237826129e-04
8.941284218703263263e-04
8.968793782904478521e-04
1.004432469406830444e-03
8.152718073688447475e-04
9.747244143259844919e-04
1.005060575802677351e-03
9.386298417146983356e-04
9.658507894658084581e-04
9.256615677648889632e-04
9.386168094351887703e-04
9.322724862223756700e-04
9.372232910079349210e-04
9.432618369048993657e-04
9.818190176572119416e-04
9.403685752269146233e-04
9.073644032469019294e-04
8.876696104250315954e-04
9.740881172807089230e-04
9.970084917897889792e-04
9.600081081901277969e-04
9.325558369580123951e-04
9.867812020404795586e-04
9.541637326557454854e-04
8.820840698068163534e-04
9.795530578620465119e-04
9.323923981615475556e-04
8.989042294810392717e-04
9.797923017426260570e-04
9.323724038300237795e-04
9.630027884018740793e-04
9.309345332439988852e-04
9.390867573009538264e-04
9.611451241653412580e-04
9.384389746368729333e-04
9.767100002915998520e-04
8.937606970513505130e-04
9.360052707571801930e-04
9.651950697713930537e-04
9.028258251159318546e-04
9.046581731776573519e-04
8.749738792955343058e-04
9.114331416120487065e-04
9.566784678359649321e-04
9.689888725655951360e-04
9.652661704291988541e-04
9.684047004806675771e-04
9.609898344414043040e-04
9.189109322116044551e-04
8.980325323396495720e-04
9.407444636703335503e-04
9.660528428087543319e-04
9.446064317931554457e-04
9.066609096147917966e-04
9.930307382351852199e-04
8.432750307422663639e-04
9.573367299578551580e-04
8.796256879577413201e-04
9.275965691943253945e-04
8.647044409631884834e-04
9.451813821215182543e-04
9.195530001306906343e-04
9.010301478805818418e-04
9.764341708172910670e-04
8.856622838980651637e-04
9.538716091940711806e-04
8.186992989586931854e-04
9.315738550087969373e-04
9.616839462458821744e-04
9.414494415977969766e-04
9.322321275249123573e-04
9.811842547995702941e-04
8.932181164189907522e-04
8.624070074542292217e-04
9.206131508108228445e-04
9.170029827925775577e-04
9.131984469214719921e-04
9.196581896893414468e-04
9.740996382398796468e-04
8.448219991156033417e-04
8.915491551826042324e-04
9.262477376198928426e-04
9.615167925533439587e-04
8.976444327605090281e-04
9.790633900723020016e-04
9.515594990391816567e-04
8.732895075809210539e-04
9.352298490869413684e-04
8.831626660789229730e-04
9.627976313432944208e-04
9.140897974638002724e-04
9.498346958675288419e-04
8.644828069788802792e-04
8.680890439011688898e-04
8.966282745989571880e-04
9.508377136496294667e-04
8.360691239691472789e-04
8.621574566599779586e-04
9.220612846547737718e-04
9.485071890854410073e-04
9.292803214131188779e-04
8.357338769461161634e-04
9.114684216910973191e-04
8.733501953039583951e-04
9.071295623601015280e-04
9.082575790151688070e-04
8.299570597176041077e-04
9.721591694480073839e-04
8.370749544285770128e-04
9.935291371740667503e-04
9.340589583319212864e-04
8.689285127080178996e-04
9.332940514598574112e-04
9.195070451823994517e-04
8.389947698950501890e-04
9.042001329362392426e-04
9.095360957352178902e-04
9.717882265769210845e-04
8.467271275419209530e-04
9.077304088610357782e-04
8.093978186869728178e-04
8.999273289061550428e-04
9.335565576163519551e-04
8.766801412483411641e-04
9.236384440945195765e-04
9.708922693140006801e-04
8.796635146219548970e-04
8.781758972742993762e-04
9.028992125032735258e-04
8.936587504909507176e-04
8.537149114999920130e-04
8.555474425000804276e-04
9.122890665561758736e-04
9.063692975489955018e-04
9.346738183272204539e-04
9.020466012381282836e-04
9.031375874266294032e-04
8.940264503637861083e-04
8.720309602462553242e-04
8.403759815597108742e-04
8.291301159520766875e-04
9.381498779735661288e-04
9.293071904851656030e-04
8.636436791026166817e-04
8.987354875508961468e-04
8.971805488857041667e-04
9.046233546022060127e-04
8.701028314784967164e-04
8.637633873149752617e-04
9.213080234725826243e-04
9.154845860653690239e-04
8.651100880732494206e-04
8.641570041488323738e-04
8.965863921080849310e-04
8.740937316490869592e-04
9.090399752104920536e-04
9.446570059351090719e-04
9.060493092485037833e-04
8.451048197457566857e-04
8.727560613936345647e-04
8.901489200070500374e-04
8.906511523361716797e-04
9.210357114040691783e-04
8.555188937212473890e-04
9.226134009492982556e-04
9.080915250316527873e-04
8.815664332360029221e-04
9.123915203547637532e-04
8.240333055644961805e-04
8.847050900970186661e-04
9.057867220170530290e-04
8.714811992831528187e-04
8.984841780537473769e-04
9.394471042989087492e-04
8.463803034309032173e-04
8.728244283702224493e-04
7.471730579189690561e-04
8.757068571867421269e-04
8.883236296242102981e-04
9.010892411294792225e-04
9.345575381303206086e-04
8.863783150445669889e-04
8.971680841308885077e-04
8.824240358080714941e-04
8.077072665660775443e-04
8.893025286462423592e-04
8.803339816430317969e-04
8.946044669885720680e-04
8.717870160970571250e-04
8.371461922901549200e-04
9.147698167778019239e-04
8.603724937919261665e-04
8.922786780333678792e-04
8.678678984454433988e-04
8.996537695306219915e-04
8.493187529633619646e-04
7.872384573732103775e-04
8.166206410221223165e-04
8.248986954900569459e-04
8.338592659648773461e-04
8.699971222085878253e-04
8.611674171074160198e-04
8.651714077651766329e-04
8.889780874596908689e-04
8.966495619720912715e-04
9.087099918230835726e-04
8.899754258371623964e-04
9.136107463356373101e-04
8.454126571970326095e-04
9.235090339123937101e-04
8.189429229657564690e-04
8.405623936726312707e-04
8.599952852819114923e-04
8.790744219108351330e-04
8.607592774621609976e-04
8.430911485837506861e-04
8.713284291193953892e-04
8.831718587316572666e-04
8.789036177664197227e-04
8.775012642477772375e-04
8.561746342041130732e-04
8.586044755897351364e-04
9.168548962666786453e-04
8.664996837199266623e-04
8.882768514532861500e-04
9.092947854826759170e-04
8.683547244540282348e-04
8.870002036149214576e-04
8.501336352700101942e-04
8.305817568075976511e-04
8.343957597389817238e-04
8.207249338738620281e-04
8.771162080977644394e-04
7.606100573736641933e-04
8.874316949264279743e-04
9.154738072538748384e-04
8.277520807626258205e-04
8.520884273041572044e-04
8.866268596778224776e-04
8.723595549651820590e-04
8.978246769402176142e-04
8.289861829585529109e-04
8.229878315302942325e-04
8.163106644393078228e-04
8.226319291030190130e-04
9.167676450618143747e-04
8.505994732591456910e-04
8.373974539738680790e-04
8.695337123104504486e-04
8.443910067269046237e-04
8.700044085604272028e-04
8.890662512775244922e-04
8.656570945666837305e-04
8.305804970275078346e-04
8.729031438373827199e-04
8.609173881788072377e-04
8.073805802268907428e-04
8.619404876039230088e-04
8.683572253046024968e-04
8.080269575917295357e-04
8.562347460870764395e-04
8.434846469234409541e-04
8.065480464470706125e-04
7.646008369712424665e-04
7.857790707410978884e-04
8.795414905762299895e-04
8.376404356178161889e-04
8.047501593994509051e-04
8.430087556397276730e-04
8.929151517804712057e-04
9.045887750939332703e-04
8.808761319544698666e-04
8.554525141205106308e-04
8.229576009658298632e-04
9.096323150775528690e-04
8.609759222183908890e-04
8.510952777994264295e-04
8.581993585851575802e-04
8.257070231983172507e-04
8.558635017834603786e-04
8.405427361140027642e-04
8.671332387686041384e-04
8.285262655200702339e-04
7.955244800541549921e-04
9.108643238765320917e-04
8.564871781605429193e-04
8.196775306714698672e-04
8.492897385232416182e-04
8.849419931980914613e-04
7.250317534531600019e-04
8.930987990294982125e-04
8.513103966834023595e-04
8.711330883670598269e-04
8.793779353644433231e-04
8.898660474057708313e-04
8.572762079503652840e-04
8.633925691745909662e-04
8.730793654519532253e-04
8.451656051745105912e-04
8.587652638587835044e-04
8.666744376699041198e-04
8.545114521569173406e-04
8.060231879686138769e-04
8.483625507713961214e-04
8.174014219548553228e-04
8.828675428438666076e-04
8.861922251526266336e-04
8.224575327143871049e-04
8.630654504356373479e-04
8.323982952528499821e-04
8.363472069114712268e-04
8.453421365369909266e-04
8.570463812377836178e-04
7.744675697592486073e-04
8.407725358015990993e-04
8.237413151489038398e-04
7.945046361003603409e-04
8.731831933671076228e-04
8.847550987931234031e-04
8.403737966935816020e-04
8.645415925587128471e-04
8.495569678156503299e-04
8.556982876533376784e-04
7.621595972783065578e-04
8.751039754965209225e-04
8.098462754527904848e-04
7.964324052279282739e-04
7.713173524410064886e-04
7.933212473290041089e-04
8.246138646167569617e-04
8.669638482388108969e-04
8.413562359887041906e-04
8.537686579594654232e-04
8.659597265899979333e-04
8.582481469992282600e-04
7.693776154025856783e-04
8.033639626644019415e-04
8.792745065875351429e-04
8.521343385967027019e-04
8.182385832437180737e-04
8.081326148905125647e-04
8.829421026998066167e-04
8.203508706563818068e-04
8.419615145872480413e-04
8.392150817339175204e-04
8.213706522448254018e-04
8.567764827083530635e-04
8.575928784141849349e-04
8.648990811447479585e-04
8.148055494530126452e-04
8.897749856779617458e-04
8.416112125684906175e-04
8.108386204444936653e-04
8.470758163769330452e-04
8.717279581885252525e-04
7.966373585596946269e-04
7.845477874590349584e-04
8.746385324879416088e-04
7.969522183494908004e-04
9.007850042377997567e-04
8.168881114605548591e-04
8.006336637273696452e-04
8.223695019426356624e-04
7.910331415977063388e-04
8.278195413627795120e-04
8.603471963267241051e-04
7.940013290083568166e-04
8.599090464745781561e-04
7.919025956653058529e-04
8.101584847151700785e-04
8.558131729452205091e-04
8.802046275897217184e-04
8.706961089046671987e-04
7.834163926807897896e-04
7.578163245593064288e-04
8.159029987707201769e-04
8.689943809128765394e-04
8.208751886351299673e-04
8.728414208495191475e-04
8.382156936152439187e-04
8.605789937843967606e-04
8.715748824345480273e-04
7.882456349242212982e-04
8.109400639243956278e-04
8.013130947282272190e-04
8.043456951522134999e-04
8.291375124827027321e-04
8.540443918069026610e-04
7.991942381652604411e-04
8.024607044977269312e-04
8.232512399055329352e-04
8.132775443040632466e-04
8.642701806300985426e-04
8.039523651989709209e-04
8.182724351562293977e-04
8.335920283570885658e-04
8.185831039944398016e-04
8.344383947717558215e-04
7.915308441235018163e-04
8.341418205028665453e-04
8.225247521685170740e-04
8.192572069154786677e-04
7.276287360582500696e-04
8.595137998262154669e-04
8.143281593220308423e-04
7.834712180608351161e-04
8.238722324936784049e-04
7.668119110998564223e-04
8.247991874148803563e-04
7.713722131614174317e-04
7.818599135914285113e-04
7.930492034314998249e-04
8.281563683080353597e-04
7.969955165338303517e-04
7.464182771010589986e-04
8.298552254148359964e-04
8.137715693529960900e-04
8.008930827989908666e-04
8.008966230720813940e-04
8.106402466572555513e-04
7.569945155410096049e-04
8.015057828743010759e-04
7.938489122482549022e-04
8.025765543737049769e-04
8.209959612161453436e-04
7.703307429827484102e-04
8.386064873775467277e-04
8.007771663999717305e-04
7.265514889565695454e-04
8.277628824414153029e-04
8.313663233171350499e-04
7.882101573548945398e-04
8.189507934730499983e-04
7.121853164530225853e-04
8.046338729660160085e-04
8.268783733780894806e-04
8.014173820681337644e-04
7.350088853854686022e-04
7.783366038763363292e-04
8.519526350677811364e-04
8.083875103953427812e-04
8.308277278307027360e-04
8.452641590598172685e-04
8.329987218270876268e-04
7.501682744727336625e-04
7.812403990621012836e-04
7.274385300531451036e-04
8.294987118071210771e-04
8.119241621378543586e-04
7.940487516212410470e-04
8.620806765975430608e-04
7.772695368787806104e-04
7.710757074944142630e-04
8.277778563621852924e-04
7.500419742427766323e-04
7.878678069183868557e-04
7.841906605920355390e-04
8.219927611727533131e-04
7.553275770208399366e-04
7.679502804031861215e-04
7.841184997232630849e-04
7.930454802200463801e-04
7.656465479937781026e-04
7.911521097412332892e-04
7.890686101745814085e-04
7.911051153704258413e-04
7.630361734689879031e-04
7.991806799379576375e-04
8.434247096634603282e-04
8.079623034323699018e-04
7.922993952109079431e-04
7.786548147643250614e-04
7.755855372774281362e-04
8.134214481937565664e-04
8.506781118090397855e-04
8.468027122684621075e-04
7.779570712175752590e-04
7.685709965049422523e-04
8.265205334672438712e-04
8.117153858100729794e-04
8.247162581288389107e-04
8.258536794788337489e-04
7.950078205405068784e-04
7.745707864939634134e-04
7.860447596093374104e-04
7.423289290662589282e-04
7.873128363696325948e-04
7.751541727754686405e-04
7.573822367703542113e-04
8.169779653793998817e-04
8.264955478287967653e-04
7.481532375095412135e-04
8.182714102856282522e-04
8.048459317901038388e-04
7.394929000708673527e-04
8.323142413116459181e-04
8.195960524192612241e-04
8.145406110478299469e-04
7.762110908515751362e-04
8.050397861682410906e-04
7.976709416003099819e-04
8.049678768397175530e-04
7.706673350185155869e-04
7.551817772244768948e-04
7.666683377465233207e-04
7.914178942363443584e-04
7.969101695510159801e-04
6.979384987581786900e-04
8.076842142535107941e-04
8.182168385246768594e-04
7.751633259301472833e-04
7.362941458788034707e-04
7.596496184955217699e-04
8.225743804359808564e-04
8.176967447590348511e-04
8.040973168265606831e-04
8.392576523224956533e-04
8.079616984884653618e-04
8.311230028214465449e-04
7.874775806807779530e-04
7.671786318366814782e-04
7.832432415203324696e-04
7.885994086141831418e-04
7.758449230875287582e-04
8.167373037265081336e-04
8.072739146882668138e-04
8.205013540906033655e-04
6.570889547999415924e-04
7.551033070610303809e-04
7.306844740274495622e-04
7.107487991951140375e-04
7.949847994106156021e-04
8.089537420476387809e-04
7.775201083859428763e-04
7.969408595402326058e-04
7.957035912633207827e-04
7.933242886792868376e-04
7.836551916885323068e-04
7.699884320442963769e-04
7.973291586884963126e-04
7.631600497656368474e-04
7.772371235270318776e-04
7.856472698871844271e-04
7.817753607274166485e-04
7.211093075706490139e-04
7.922726862099287301e-04
8.066150102032614141e-04
7.928529188835195442e-04
8.151886618829198936e-04
8.160672857359584044e-04
7.898235032501231502e-04
8.018807774143559127e-04
7.936824861514781048e-04
7.373528891808486720e-04
7.590005906032663971e-04
7.950929263772975276e-04
8.330411323445982476e-04
8.098146250371687869e-04
8.061795877957982212e-04
8.208684926752799014e-04
7.987980331693376969e-04
7.780115452728100876e-04
7.675488658216116219e-04
7.966401234235880166e-04
7.397074223263189197e-04
8.256912260549142957e-04
7.884841990224751443e-04
7.581615084615935017e-04
8.319742503642503549e-04
7.516195224265434603e-04
7.764368076875273516e-04
7.350152466512684156e-04
8.168634937776784967e-04
7.731592735841072341e-04
7.395399152301251888e-04
7.495554267994261523e-04
8.069020633619013042e-04
7.439110382360272864e-04
7.535906167634363840e-04
7.543449339989040424e-04
8.023809101099946359e-04
7.737392859001244972e-04
8.123265683285094043e-04
7.884646204599578311e-04
7.694212628328907103e-04
7.579758779944054028e-04
7.034163655979293198e-04
7.881689089117571712e-04
7.446993632973837466e-04
8.036959209545914461e-04
7.279839670185797671e-04
7.645999784082439929e-04
8.109399870071294517e-04
7.487190637870558361e-04
7.768710971244477490e-04
7.813567291512819738e-04
7.762182878130781264e-04
8.027922511765998989e-04
7.147791329771280289e-04
7.746665921461369465e-04
7.202861181992505123e-04
7.717007164111626535e-04
7.836140534241817137e-04
7.019110863828765959e-04
8.116503054874815801e-04
7.669922280391412587e-04
7.258624474551263065e-04
7.661888043263129135e-04
8.032554822940645009e-04
7.581674976141325375e-04
7.522419348658461501e-04
7.582794351037591696e-04
7.711693948034995059e-04
7.372168869811243554e-04
7.648316823178902268e-04
7.799149690462010712e-04
8.119701357957508038e-04
7.146638194431684157e-04
7.460286163092989852e-04
7.640206105341869206e-04
7.749498742798875640e-04
7.772349345032125711e-04
7.200565367903826028e-04
7.779553894319438199e-04
8.035618666326627135e-04
7.652520434930920601e-04
7.701054232061973950e-04
7.485752576030790806e-04
7.557162233362239986e-04
7.751438866502472023e-04
7.393647184861558289e-04
7.432483419376824428e-04
7.766362125819016625e-04
7.572346886653187484e-04
8.259236991372225075e-04
7.324198668356984854e-04
8.226146580584879587e-04
7.863355505313458652e-04
7.372270234295033673e-04
7.898446638137102127e-04
7.678575181801404427e-04
7.667330958481345703e-04
7.713140969696853687e-04
7.346125452646187683e-04
7.631196952258635690e-04
8.069428461437512566e-04
7.746339958560254048e-04
7.735242688795551658e-04
6.921182814819205930e-04
7.598349371359550217e-04
7.895119197200983763e-04
7.662978480636541178e-04
7.566876509892088562e-04
7.519290562153660516e-04
7.898611241086785128e-04
8.201829373969563106e-04
8.201145350800029179e-04
7.312871894100680947e-04
7.280601151121247937e-04
7.585162654452558230e-04
7.973732260454978417e-04
7.947424746816977859e-04
8.056235632726124665e-04
7.405800341595229893e-04
7.508865549295608332e-04
7.515921876932095359e-04
7.684552672019760678e-04
7.702250025301639368e-04
7.540536732579182456e-04
8.257094450527802110e-04
8.053227543963917354e-04
7.829556935965749235e-04
7.605524962335559339e-04
7.962912807540435721e-04
7.697410099873584896e-04
7.615837135485240082e-04
7.974042112307090690e-04
7.388846029893361787e-04
7.654584145971707245e-04
7.718504285938772172e-04
7.431834383169189095e-04
7.906694913149944683e-04
7.372948104083272428e-04
7.140959496609866619e-04
7.243778111712474753e-04
8.042659236317766100e-04
8.179993123381531974e-04
7.597007975813799361e-04
7.817359084063875288e-04
7.708982344151341180e-04
7.835354668454133729e-04
7.029885143440749119e-04
7.570879242848604918e-04
7.325416185527241966e-04
7.495373408476423095e-04
7.371173789059477658e-04
7.473005285386794070e-04
7.220546872953750948e-04
7.431571596368614962e-04
7.778467614636090785e-04
7.551337475888431072e-04
7.698258601262100796e-04
7.579649515849139164e-04
6.511407367984897634e-04
7.181584764371759435e-04
7.790774605902177482e-04
7.696389324597216388e-04
7.293905156464981646e-04
7.264802864353571464e-04
7.657612856876637409e-04
7.974777732410334805e-04
7.497714395867660642e-04
8.004285607187609742e-04
7.484476768045819541e-04
7.654107466805726290e-04
7.331242585288626342e-04
7.936461957537435750e-04
7.300688801998538166e-04
7.382027522128607700e-04
7.749844600246953577e-04
7.830995371997622042e-04
7.663803428710837294e-04
7.108555686759895822e-04
7.263375030431364109e-04
7.833342658289309214e-04
7.336201191979593774e-04
7.906530705180817107e-04
7.670109813001804808e-04
7.836639852030202746e-04
7.883580359962902209e-04
7.898259147103610248e-04
8.011953468667343259e-04
7.106690297535221646e-04
7.832565877054418991e-04
7.487131515517830849e-04
7.190552590015743305e-04
7.795867963328159591e-04
7.159013454968642066e-04
7.282185542862862349e-04
7.352086644719488164e-04
7.667425504353429745e-04
7.030000332244006186e-04
7.587285487846072386e-04
7.709471226137663792e-04
7.556100193011973431e-04
7.860555217900712420e-04
7.834858385779495905e-04
7.266824187744143218e-04
7.034579009216811131e-04
7.117433893394523124e-04
7.654646345015082886e-04
7.704557397768699387e-04
6.972492639241474480e-04
6.856966273127389341e-04
7.571117727950747679e-04
7.763286516170150777e-04
7.113499596016481519e-04
6.786022651275354237e-04
7.425630174111574888e-04
7.662122308309855670e-04
6.814669946574472646e-04
6.592558326831619809e-04
7.392668838812303930e-04
7.320536720466666678e-04
7.556168587013546755e-04
7.978783562845949461e-04
7.191208133008331060e-04
7.736191577610693117e-04
7.796019656650189688e-04
7.571878834694091608e-04
7.481700512081650286e-04
7.138765026216528555e-04
7.307347342638033242e-04
7.446617029407727332e-04
7.793708563050520807e-04
7.175384837734911968e-04
7.211872912843578318e-04
7.975051225262827417e-04
7.866098603699356318e-04
7.256648324463250846e-04
7.693486238297607372e-04
7.725919443016339471e-04
7.410941616399213672e-04
7.516189465864694854e-04
7.444486857691247393e-04
6.736982364340551952e-04
7.451648686713140081e-04
7.128416327759623528e-04
7.442671443901158115e-04
7.026605266478977343e-04
7.799341339185568303e-04
7.474792073480784893e-04
7.291408130965594580e-04
6.782754041653658817e-04
7.037268951535224915e-04
7.529053649964875718e-04
6.955925554003832131e-04
7.739916244255644470e-04
6.875142218112679929e-04
7.791058971114191026e-04
7.478094235661306242e-04
7.697598796637196471e-04
7.649724949650200815e-04
7.793004666122474531e-04
7.052862576009440035e-04
7.248933190047475309e-04
7.550550154909225911e-04
7.131619994262499004e-04
7.460837826199297239e-04
7.682726011678044130e-04
7.091997395036742091e-04
7.314168407382177920e-04
7.402520630941060572e-04
7.770782415588785340e-04
7.092071692958208532e-04
7.614008375510041048e-04
7.765374217082612971e-04
7.667377025687269112e-04
7.046323776843824247e-04
7.696824884208451579e-04
7.466314834476049612e-04
6.680107222304546098e-04
6.235237649109746884e-04
7.196869867454681923e-04
6.647793156194633981e-04
7.844413443568295976e-04
7.537146073965621381e-04
7.718375127296894789e-04
7.407937269558065394e-04
7.440718140320054432e-04
7.197684358938463787e-04
7.629471822708312799e-04
7.349283301404543976e-04
7.358925130185005456e-04
7.461696721812975793e-04
7.733353600737505416e-04
7.674446678720414639e-04
6.815022747364959856e-04
7.335586955637804409e-04
6.977754050499892970e-04
7.206030547552343081e-04
7.590667768714151522e-04
7.644802535651251674e-04
7.205761378697518637e-04
7.589946222391777495e-04
7.567180104420653721e-04
7.255062706203066567e-04
7.367862022614904503e-04
7.000681133441892653e-04
7.847508968552574515e-04
7.471996567411613851e-04
7.493737606897152206e-04
7.238157767070722967e-04
7.301424484467133880e-04
7.400256602392930915e-04
7.131793723341875533e-04
7.712965037041742732e-04
7.770570560491510490e-04
7.336206700918930382e-04
6.574208361728649209e-04
7.131633964101118236e-04
7.301356984368924429e-04
7.488293860140922279e-04
7.584114230537254741e-04
6.834695980484996368e-04
7.675966044189408422e-04
7.098871782155973106e-04
6.759028599065329502e-04
7.152270617163074403e-04
7.368572197654950232e-04
7.196527918235265473e-04
7.210254178582024961e-04
7.267902339143412918e-04
6.712265333460111548e-04
6.883491046859749416e-04
7.140315553572561215e-04
7.041410904743575314e-04
6.454521353589370847e-04
7.076278561726212502e-04
6.872274929524532696e-04
7.547370187239721417e-04
7.652822407960359384e-04
7.492698953553501894e-04
7.499738754371979097e-04
7.467215078317426900e-04
6.859771425037511448e-04
7.233966753119602799e-04
7.499327101478618770e-04
7.703773777133651832e-04
7.122443411000338584e-04
7.164738282361733527e-04
6.471446499095431706e-04
6.753333977290562531e-04
6.700119286376450588e-04
7.653487846255302429e-04
7.429827445386243253e-04
7.495052081399730583e-04
7.041394398714016746e-04
6.890973995073831817e-04
7.402122324232810000e-04
7.434359223615112514e-04
7.182083500083535910e-04
7.489218966968889902e-04
7.361762005270325402e-04
7.306781564173954338e-04
7.441532881265240521e-04
6.654389477002301077e-04
7.288839198216530294e-04
7.107936793805233380e-04
7.332385929268119126e-04
7.067851194213810176e-04
7.315285225299053649e-04
7.065473847822951884e-04
7.060646125215239068e-04
7.617042449835155537e-04
7.072345428501389166e-04
7.554026940072487662e-04
7.062743908526110262e-04
6.995942426978477100e-04
7.306418826504211496e-04
7.035762578847684721e-04
6.576602380456668525e-04
7.378812380401151986e-04
7.573856959684885284e-04
6.732613775446745366e-04
7.198104264846603940e-04
6.800832322499315808e-04
6.746422815402704090e-04
7.067759205321115642e-04
7.347225348764498164e-04
7.260470883920788765e-04
6.960604493672560523e-04
6.732724993655990432e-04
7.201096325713608791e-04
6.861918560129456977e-04
7.129217202808442325e-04
7.304785124558423092e-04
7.488190375235197335e-04
7.140950723883829256e-04
7.194562619718324016e-04
7.139835402735375623e-04
7.280465360963717103e-04
6.982084617318053176e-04
6.906684762465634207e-04
7.135415528734613587e-04
7.025880913715809584e-04
6.831111365629892419e-04
7.429034989659807822e-04
7.045089732855558395e-04
7.008884151998374988e-04
6.901354291975232572e-04
6.813152181816153983e-04
7.366414813856993248e-04
7.158544342798579862e-04
6.982471344859472653e-04
7.278664603031107048e-04
7.102634366934321066e-04
6.891849625390022993e-04
7.318452366494707009e-04
6.914926343597471714e-04
7.077921888724501799e-04
7.586562028986268500e-04
6.840981181345082065e-04
6.933154384439278771e-04
7.144345145206898451e-04
7.045625617528068632e-04
7.504142517323739072e-04
7.049453041482982426e-04
7.397834831083725761e-04
7.421110702645299225e-04
7.127750951830032081e-04
7.007240367654178669e-04
6.032290444376745085e-04
6.831774912175855776e-04
7.046581615993220736e-04
6.843365450289898375e-04
7.389436234786574175e-04
7.125092940571318935e-04
7.240581201455954840e-04
6.907185847272298476e-04
7.435786620979863018e-04
7.324082107516005635e-04
6.680678613650213550e-04
7.349256941649530460e-04
6.721050719664033125e-04
7.623908022651448846e-04
7.252941431943327188e-04
7.109411422529124478e-04
7.097837930944349239e-04
7.011835155675985674e-04
7.308063712636274486e-04
7.277380313358402988e-04
7.593513520467760772e-04
7.465946234463315080e-04
7.242951043216245980e-04
6.941648815492433696e-04
6.910741462239197632e-04
6.736994296911039213e-04
6.791786748051111032e-04
7.050739701039024452e-04
7.028087586929489304e-04
7.173051063935938091e-04
7.048137673077040175e-04
7.073468794780117660e-04
7.177611675745408605e-04
7.255661829341468602e-04
6.899312346441936880e-04
7.615119559756879141e-04
6.804331288939076275e-04
6.821389106335118413e-04
7.599828843792368104e-04
7.207265880424529314e-04
7.342303288169205189e-04
7.148917855894458681e-04
7.190410064400307080e-04
7.388629809221518427e-04
7.224016111909545203e-04
7.453309642317305873e-04
7.323410037705409140e-04
6.800223761404465507e-04
7.251495221031031748e-04
7.535442460461386303e-04
6.996910212494965265e-04
6.892851233715191483e-04
6.698181262306336691e-04
7.375273562502115965e-04
6.532982827463586261e-04
7.024738692312634727e-04
7.205415292576487730e-04
7.509062020939641455e-04
7.290015512678239872e-04
6.641210327091227840e-04
6.979698602143409461e-04
7.161201210692524910e-04
7.345179349483389785e-04
6.687738724784659953e-04
6.875247449248231193e-04
6.838421832071617246e-04
6.690404219885490080e-04
7.142921656070809434e-04
7.550134261171999187e-04
7.340429271737645934e-04
6.858219879047412803e-04
7.151949789009190341e-04
7.225925427129757791e-04
7.313429814530536532e-04
6.804197806299530724e-04
6.657641871632742495e-04
7.348804210778325796e-04
7.210477009981072685e-04
6.964933584510747721e-04
6.539618667115324000e-04
7.160752554357584189e-04
7.564975177436801404e-04
6.890374767993177841e-04
6.681045675317623476e-04
7.089154616031530113e-04
6.533311513651694725e-04
7.277920127048023800e-04
6.349708606389217833e-04
7.198782799865252515e-04
7.137247406977362176e-04
7.314085357523124288e-04
7.199801724969542762e-04
6.748520099790766835e-04
6.873006932437419891e-04
7.039315096335485578e-04
6.450883229263126850e-04
6.972154203270163010e-04
7.015365263214334846e-04
7.346068741753697395e-04
6.763746101309411982e-04
6.938237908928256105e-04
7.031246225648958613e-04
6.842625028054628899e-04
6.773348577553406358e-04
7.072506393472265075e-04
6.571229106547045321e-04
6.569783103519252678e-04
7.128919824026525021e-04
7.209873084710645289e-04
6.714270753686182956e-04
7.171427589907709886e-04
6.833501143514045337e-04
6.239734710626569777e-04
7.281015818339905878e-04
7.122355746105313301e-04
7.172258504267249634e-04
6.840418479571651290e-04
6.834596445384834339e-04
6.973522415916834404e-04
7.186660513980314136e-04
7.046345396832164000e-04
7.345799697629575064e-04
7.010867578044001390e-04
7.082834677670948962e-04
6.711542103273261716e-04
6.978471397555299858e-04
6.556221591641328474e-04
6.654418518467407296e-04
7.330441128163199494e-04
7.104280916142410775e-04
7.055258590428690980e-04
6.692749531274395794e-04
6.886948394821956754e-04
7.191643505523513625e-04
6.530567750035386155e-04
6.930825703810634822e-04
6.667257506965792915e-04
6.697689948071326683e-04
7.530872285964765409e-04
6.935141905809619287e-04
6.723458022211811682e-04
6.656268420296587805e-04
6.789271366350087137e-04
6.952114511347774794e-04
7.031142636800982813e-04
6.416112986958719035e-04
7.350587631143363923e-04
7.073954454556639860e-04
6.693380689414750407e-04
6.855335419199296097e-04
7.384178981218221397e-04
7.200798863777890801e-04
7.317383673840335747e-04
7.052201295404561619e-04
6.617300345429352661e-04
6.508190292931560804e-04
7.194518049280824870e-04
7.098511601465620855e-04
6.488917715614661574e-04
6.957828882150352001e-04
7.121398645852293442e-04
6.936486918545727064e-04
6.691910072861771653e-04
6.874087432931576301e-04
6.656067936481642336e-04
7.225361602780010174e-04
7.160379360097327093e-04
6.777861292773325374e-04
7.146533067238383750e-04
7.102076592023617765e-04
7.144399798042806596e-04
7.319520373130217195e-04
7.046891717306737234e-04
7.218983040989509960e-04
7.199613651859440664e-04
7.139642527493249248e-04
6.795018624481079369e-04
7.354910755696307490e-04
7.052620390563138584e-04
7.038087330459218095e-04
7.146840237380404403e-04
6.812751338916964074e-04
6.728718144586309791e-04
7.035984661862519770e-04
6.187475747927757711e-04
7.189795911212318400e-04
6.267723802011460066e-04
6.819553153556105881e-04
7.095897225164142638e-04
7.188501913333311677e-04
6.852054336507405708e-04
6.913949535893541961e-04
6.685198376154792696e-04
6.917984303852010896e-04
6.612785447422149391e-04
6.741990198081891606e-04
6.852100757116984199e-04
7.075878446422782927e-04
7.233389395488691717e-04
7.114970586761566610e-04
6.874669426386910290e-04
7.302386927351887892e-04
6.894849045368443797e-04
7.107572018867358565e-04
6.768760067643597722e-04
6.853762585836063693e-04
6.336693851543324799e-04
7.003575301496312022e-04
6.928374225805912544e-04
6.360043917084112763e-04
7.387521930338282515e-04
6.698538698921245723e-04
7.125696450072739651e-04
6.825245239139933516e-04
6.988475298775094361e-04
6.978553532722539445e-04
7.030017545080877086e-04
7.221450255851127962e-04
6.346243525123489290e-04
7.076140671935198098e-04
6.632155875974733760e-04
6.838094684228833387e-04
6.312267755025199791e-04
6.964103979823578526e-04
6.285551706761387377e-04
6.580054115537288398e-04
6.620693685753005356e-04
7.218002241903118035e-04
7.052178241013150285e-04
6.787322428343551964e-04
7.190849511451753587e-04
7.088442382934902241e-04
7.025452962677393486e-04
7.391021187816347550e-04
6.422284516572419931e-04
7.135090231063909074e-04
7.250088362655203412e-04
6.788564309577590963e-04
7.132936568398560951e-04
6.735177594237029552e-04
6.740719483267250270e-04
7.177205012080126265e-04
7.305687010687376927e-04
6.698231300106272101e-04
6.811729253968223929e-04
6.585046628190736840e-04
7.068952462369841724e-04
6.797280802857130766e-04
6.672578581076647709e-04
6.927490695878597707e-04
6.633993512618222097e-04
6.907426452796373894e-04
7.177207444328814745e-04
6.804724668784599374e-04
7.222827262012287974e-04
6.856357296263533444e-04
6.751501641701906919e-04
7.272511886964951088e-04
6.842489674454554915e-04
6.373737664294562479e-04
6.891556986374780536e-04
7.016826358657064647e-04
6.481444579549133778e-04
7.200487847772560259e-04
7.106274902720802287e-04
6.116849233096997808e-04
6.974635595854904125e-04
7.157758331491745254e-04
7.167036487122199675e-04
7.080078149946140856e-04
6.316950249518933505e-04
6.988074684548857421e-04
6.945985556480341414e-04
6.907869038903820128e-04
6.819522282707371572e-04
6.606418381644678503e-04
6.070981159739728640e-04
6.932956914949629833e-04
6.527035875478759408e-04
6.433618837036192417e-04
6.553804019599088291e-04
7.010744967763977856e-04
6.749413940789443641e-04
6.766673821922657281e-04
7.193469251173415045e-04
6.801652156614831825e-04
6.948160610461075236e-04
7.098422169552317997e-04
6.306167883199772974e-04
5.977156272690210869e-04
6.676188807302553584e-04
6.994946244438844532e-04
6.467029930458270768e-04
6.693672496891979505e-04
6.217251149272280545e-04
6.735104003122874359e-04
6.654954756543572615e-04
6.832759016625848799e-04
7.206444383232987663e-04
6.409022192071590950e-04
6.691585939344284325e-04
6.777180200775287291e-04
6.236084279537733267e-04
6.966339798444616408e-04
7.002869200992531320e-04
6.864378291148957997e-04
6.762090197298675776e-04
6.912609262924109032e-04
6.442701248618375133e-04
6.673597963526844978e-04
6.207299052870699028e-04
6.757665625108140320e-04
7.221655105240643024e-04
6.680054398852267126e-04
6.920743409344660849e-04
6.460424130117255062e-04
7.160711871360295275e-04
6.759860885462590317e-04
6.795085875117885680e-04
6.750737520633265376e-04
6.329978662376691033e-04
6.274820937375937034e-04
6.632703173506472637e-04
7.047471881378442049e-04
6.748719149202640722e-04
6.925209579224299262e-04
6.597433488682977101e-04
6.768422837402405948e-04
6.740793386208159118e-04
7.062745904217340807e-04
7.142441338926021387e-04
6.691034795949235559e-04
7.121330210273819775e-04
6.723525376790868849e-04
6.754765199730172753e-04
6.823415876299675177e-04
6.846461661293037990e-04
6.990675423626921316e-04
6.464126553120357185e-04
6.666939672348755211e-04
6.877392006572335958e-04
6.568139048925201963e-04
6.454991733854902177e-04
6.787806944755304982e-04
6.630744548082086057e-04
7.214355822985193869e-04
7.175842703353347988e-04
6.742243526137567302e-04
7.116197042965463539e-04
7.187848366031955550e-04
6.193457063220973681e-04
6.913067211696345736e-04
6.893883671312193940e-04
6.559474360463875145e-04
6.740158153531540563e-04
6.617313109537852197e-04
6.737548475419836850e-04
6.701321981381624937e-04
6.392717311557914684e-04
6.273402998756084968e-04
6.578191699061010410e-04
7.131041909035827587e-04
6.518592584013406565e-04
6.875624551737148692e-04
6.683055294810660938e-04
6.860746237050209572e-04
6.435554449646068006e-04
7.090411298642200618e-04
7.278956763911992311e-04
6.676444879433672498e-04
7.149623062494876594e-04
6.578266724578238269e-04
6.574304549888308714e-04
6.907893756371257096e-04
6.236082346211853237e-04
6.728329878699566792e-04
6.308726983011833569e-04
7.073128737309681982e-04
6.445244985765644172e-04
6.787936061820280939e-04
7.003346524600471924e-04
6.807400911514248322e-04
6.961988879733585576e-04
6.856693154467004151e-04
6.854518765716680149e-04
6.973995062123451759e-04
6.862030755395867685e-04
6.507065076480752965e-04
6.445542052720806738e-04
6.993996212258934975e-04
6.683487840096599599e-04
6.585587023956966787e-04
6.520217326137103895e-04
6.662313514555405448e-04
6.650670735065691928e-04
6.968873099789821366e-04
6.563687763575996826e-04
6.827869198917012284e-04
6.429125164036772391e-04
6.909994865834180643e-04
6.425370832273204257e-04
6.284362357941322783e-04
7.012295952465917538e-04
6.563019373321107765e-04
6.907566421432420611e-04
6.900772693500455092e-04
7.172782477157722781e-04
6.788545475241594771e-04
6.862735858054033657e-04
6.389494311796235651e-04
7.054979256021656851e-04
6.876145343994721770e-04
6.560182997158595184e-04
6.903926904280004292e-04
6.330258204668227960e-04
6.472623541152902702e-04
6.710828311042860150e-04
6.413536445636834572e-04
6.978393129039821416e-04
6.202661253545167655e-04
6.792359760895903776e-04
6.511474888871557256e-04
6.843340587303308039e-04
6.887357241274523348e-04
6.555880806575130294e-04
7.022573117865249515e-04
6.789023152253191541e-04
6.713057747609647722e-04
6.646252607294757296e-04
6.647710064758680006e-04
6.873757520224899054e-04
6.356864614645019174e-04
6.910537984887403637e-04
6.808350299252197146e-04
6.764263712934084991e-04
6.369469608346532653e-04
6.145462767952787489e-04
6.237964989850297570e-04
6.249203849750171970e-04
6.779542059770651916e-04
6.595469167223200202e-04
6.663309198172230651e-04
6.723928444054243355e-04
6.228921120055019855e-04
6.860353896627202630e-04
7.051600342882531494e-04
6.782460799773357054e-04
6.683338579023256898e-04
6.902115336353224903e-04
7.128450379241257906e-04
6.683264135582638174e-04
6.722269442564408849e-04
6.078427624223488182e-04
6.622352936704244087e-04
6.664149529699768494e-04
6.638835080333852032e-04
6.759964619829718401e-04
6.881366446447957684e-04
6.951475806999951601e-04
6.418061405253995587e-04
6.635908045739467810e-04
6.746470982242109985e-04
6.673258571286819121e-04
6.716778298141434789e-04
6.381633387978322049e-04
6.586919314161475371e-04
6.905341121767248581e-04
6.498333657093878458e-04
6.943773332750424743e-04
6.453877743167270352e-04
6.741664172815424591e-04
6.090476547667224337e-04
6.897400869222890208e-04
6.264325285363676757e-04
6.520666793221607804e-04
6.635404050549757867e-04
6.604285549006558200e-04
6.344464012987113734e-04
6.474620937037148336e-04
6.097920247287090490e-04
6.801575530386928846e-04
6.793353136994742612e-04
6.135820357095715790e-04
6.171818302911040574e-04
6.817657787386062354e-04
6.337264827119984487e-04
5.951617141753169507e-04
6.117080275933923931e-04
6.948171711493549138e-04
6.835244733208258082e-04
6.285072138000812004e-04
6.821263897498803944e-04
6.780907611495681862e-04
6.312780356633343557e-04
6.806529085484466692e-04
6.376596824598631998e-04
6.924283037993258973e-04
5.763514886244333526e-04
6.533146203894700478e-04
6.905657210154458880e-04
6.433989806932263831e-04
6.399149569915607572e-04
6.517471525252663354e-04
6.604454829357564449e-04
6.853294263627114505e-04
6.804421531601942321e-04
6.887130979781172415e-04
6.474210032528000683e-04
6.813613248855940243e-04
6.828351470176130533e-04
6.936142537077623219e-04
5.836803071101062754e-04
6.661296252527140836e-04
6.940165829811510831e-04
6.544527818082965156e-04
6.484689594279709072e-04
6.347503097328756382e-04
6.500374729512259364e-04
6.569519797007419924e-04
6.813753612472542385e-04
6.598990626766213039e-04
6.942199854945231606e-04
6.781401607440784574e-04
6.448426803607228011e-04
6.652014292610276868e-04
6.486901755644274145e-04
6.842055466092590620e-04
6.320086894057956725e-04
6.565258414151944975e-04
6.615838002679603905e-04
6.113160031548302243e-04
6.536062490860265880e-04
6.880895795932571958e-04
7.071019665870283176e-04
6.580898438447288414e-04
6.746188280106123160e-04
6.906813484550054739e-04
7.037723927559065432e-04
6.799488390762624531e-04
6.438746536982112387e-04
6.251461018109694123e-04
6.471606383066890031e-04
7.022508070804178715e-04
6.840117047041920214e-04
6.084733052245740225e-04
6.398721369415787249e-04
6.564085550572988778e-04
6.332338400950123002e-04
6.632844742853194475e-04
6.147910899017006159e-04
6.677760788339323541e-04
6.410875274533671528e-04
6.518564665124618272e-04
5.911134586702766628e-04
6.428004105276029180e-04
6.367766389822852998e-04
6.431477418768086294e-04
6.817478965136355897e-04
6.699630196505625178e-04
6.323467761311414451e-04
6.068699190758966664e-04
6.741526345389761785e-04
6.282511894823983312e-04
6.693238621145221204e-04
6.398610650129350633e-04
6.733790277004507571e-04
6.701519180621419479e-04
6.594779676691230009e-04
6.959642861537369699e-04
6.787699593197819977e-04
6.193206645548343658e-04
6.504825661457809419e-04
6.501216245981465648e-04
6.420127985100927562e-04
6.529433282724182675e-04
6.534907255887187263e-04
6.205782473054048806e-04
6.140072301994743556e-04
6.479679910366290072e-04
6.318710095781300594e-04
6.227940404122429699e-04
6.029517431410827497e-04
6.785354136289763064e-04
6.646972573694906374e-04
6.864309190340074510e-04
6.493588402268610140e-04
6.692579232289322475e-04
6.342421111185103655e-04
6.140040059108287096e-04
6.077829311834648252e-04
6.541320763062685728e-04
6.817937558350552251e-04
6.645211750375372558e-04
6.717378169664048413e-04
6.619402972449149559e-04
6.187104985916189095e-04
6.633785108403701712e-04
6.706444317907360583e-04
6.494230079364829520e-04
6.527228854663137724e-04
6.074076809454709291e-04
6.334160321525164703e-04
6.134934644381116698e-04
6.541316584584169844e-04
6.664080719929188490e-04
6.408876381881002714e-04
6.870656195262979339e-04
6.480844313045963645e-04
6.473231437017343184e-04
6.295119071312781046e-04
6.388672669085540632e-04
5.777135395744283130e-04
6.844344752607867122e-04
6.498285864446577817e-04
6.640005241414266438e-04
6.994147157196753482e-04
6.522517297915848703e-04
6.252361636143177748e-04
6.235491018742322922e-04
6.513862068199419240e-04
6.452131450974515816e-04
6.451533471200880795e-04
6.882629178497674674e-04
6.427319915798891713e-04
6.443854716573176175e-04
6.700605528229581923e-04
6.756097739396084477e-04
6.298977968981489539e-04
6.843792174809745690e-04
6.409029904586661984e-04
6.764445009009380271e-04
6.737533071178144952e-04
5.929101607762277126e-04
6.300009076117671272e-04
6.033301365927659730e-04
6.797406281943299631e-04
6.737604853697121143e-04
6.604868665038209031e-04
6.541818584082648158e-04
6.845312600489705801e-04
6.518129167878734679e-04
5.782567667275932818e-04
6.053675710323400041e-04
6.086175230198673149e-04
6.173422173430610825e-04
6.297786083970484524e-04
6.812569294457457205e-04
6.835476981775302817e-04
6.337323367396103949e-04
6.453435073906023433e-04
6.263543514900707463e-04
6.542164233646222214e-04
6.285998221885945271e-04
6.579086309232350062e-04
6.646490219281986356e-04
6.422813104498865814e-04
6.728346717344331354e-04
6.722332202895943453e-04
6.470283759491783767e-04
6.620449587769274046e-04
6.418895895226991912e-04
6.498248777851196737e-04
6.462659200354080270e-04
5.984446740642722319e-04
6.290329079742410043e-04
6.503185619034671048e-04
6.644916741476793219e-04
6.323984458244272331e-04
6.267674637326438357e-04
6.457999926559361429e-04
6.495993709125157068e-04
5.782703332702762624e-04
6.230203143786638975e-04
6.800592091167345643e-04
6.744161925910573075e-04
6.351313516331304242e-04
6.394631366544802119e-04
6.668351478375760108e-04
6.669753077273656060e-04
6.611128233739041547e-04
5.861561408632301549e-04
6.571680777207282572e-04
6.417247059289366007e-04
6.275356489433241277e-04
6.128715779466022183e-04
6.325289286905899644e-04
6.147827391812045504e-04
6.195955897315538665e-04
6.404821823317823201e-04
6.843019426534217983e-04
6.616613203992269179e-04
6.292505339453262478e-04
6.136868510761164883e-04
6.577517758289884399e-04
6.141584245986970872e-04
6.862034518105376889e-04
6.191794465329232425e-04
6.869735682682533194e-04
6.169483094708994031e-04
6.202250349036018918e-04
6.404180956971165925e-04
6.257134976164836814e-04
6.375773394081209232e-04
6.674455071333795786e-04
6.401959711053807666e-04
5.858183139935135841e-04
6.135043160091819972e-04
6.572311041444274396e-04
6.316977336869708439e-04
6.652577638825667291e-04
6.780188414268195629e-04
6.572960140017260243e-04
6.541739712702110410e-04
6.656806404602580527e-04
6.551654556200706223e-04
6.042486202204599977e-04
6.285252602538093925e-04
6.230435496295935651e-04
6.232807146651404709e-04
6.336875854425930241e-04
6.069333155340116094e-04
6.503415310622326275e-04
6.531894614454358816e-04
6.275752592565757423e-04
6.511405517812818289e-04
6.321923865471035242e-04
6.616419767461982756e-04
6.510047179680052013e-04
6.150171476682382435e-04
6.559139999028827618e-04
5.885770099536914756e-04
6.397859584207513193e-04
6.546288412729543834e-04
6.379797144161004950e-04
6.558949119477931787e-04
6.852686243031971911e-04
5.611114237191421180e-04
6.568471040476911525e-04
6.237091292859986424e-04
6.401760516122781495e-04
6.727729674561747173e-04
6.212800425211233287e-04
6.247929164341517547e-04
6.081221716678035646e-04
5.988442052122471123e-04
6.312142296727481098e-04
6.549078825628384948e-04
6.300185486907139421e-04
6.455736854279946159e-04
6.326907896436750889e-04
6.238427719966109465e-04
6.571548042951949695e-04
6.779359183773132772e-04
6.472453720302187661e-04
6.452299213768648714e-04
6.517236511821725229e-04
6.152218203559252233e-04
6.258753585695688059e-04
6.547121281203414868e-04
6.164381962402590374e-04
6.645375189171838374e-04
6.594220779204208781e-04
6.426994576551285773e-04
6.823710511006149263e-04
6.599558650382927796e-04
6.514432191449616482e-04
6.761094388951148461e-04
6.305724486342764636e-04
5.886652236638058354e-04
6.148585401076291134e-04
6.577775431131678433e-04
6.338060671363823870e-04
6.010180659359320998e-04
6.581509535733078052e-04
6.711525763551305602e-04
6.437854587732415269e-04
6.788477497009028127e-04
6.592643684208658724e-04
6.355135161097028116e-04
5.768295668531209230e-04
6.711105400297258427e-04
6.436489472564842175e-04
5.936278258949252576e-04
6.250071829916643710e-04
6.428264314308762550e-04
6.719407829223200679e-04
6.054595869500190020e-04
6.698014809184574345e-04
6.532017536561138173e-04
6.456310823393453290e-04
6.622430207374106715e-04
6.428800593961828212e-04
6.060606849912021686e-04
6.439830529935923606e-04
6.356153233874854832e-04
6.599344196729362011e-04
6.467950276731114457e-04
6.810993529922727873e-04
6.583545681288731485e-04
6.691132335358165959e-04
6.576889572897925973e-04
6.376362247725150725e-04
6.506995913306516796e-04
6.495928059199026963e-04
6.695842021144926548e-04
6.510256560951736956e-04
6.103248306317254901e-04
6.209143612068146467e-04
6.267688627953507761e-04
6.564231631013431410e-04
6.574103276112250229e-04
6.237982223475617557e-04
6.220989619448248674e-04
6.041603586969099184e-04
5.766595589063529302e-04
6.252238422998093823e-04
5.961681516574961334e-04
6.267645575072881966e-04
6.358836503100714823e-04
6.068148130517718583e-04
6.452958561047646016e-04
6.129358142581102639e-04
6.326272746913933018e-04
5.916267047203811616e-04
5.941647146495857099e-04
5.983260031955849002e-04
6.422552209447271367e-04
5.854076734976842999e-04
5.894343505912859370e-04
5.857176687901041647e-04
6.757549064267161102e-04
6.268794760606917352e-04
6.242754648805462579e-04
6.406121496443770071e-04
6.642534509800108880e-04
6.313135173903512568e-04
5.896754779054649929e-04
6.199926532904750844e-04
6.083616795617022375e-04
6.479084778610351295e-04
6.418612091303137332e-04
6.218905223899387578e-04
6.555234743115891148e-04
6.291227431834808728e-04
6.154128994759437829e-04
6.389816823814596604e-04
6.314631006846736739e-04
6.261337049571531624e-04
6.086411283052127431e-04
6.570611627207004288e-04
6.250433216337114573e-04
6.553292104009804516e-04
6.385448879362749667e-04
6.654409787318270276e-04
5.920432325053427746e-04
6.052612090050908536e-04
6.481142710461946935e-04
6.831823889764823774e-04
6.429733787496973206e-04
6.355918095713215680e-04
6.247001562899510930e-04
5.941752065804653624e-04
6.448688405466132621e-04
6.020125126399632166e-04
5.921263925431828569e-04
6.417872064048424363e-04
5.962714349152520299e-04
6.725552604101332635e-04
6.454296297826138526e-04
5.805177809504259755e-04
6.494118029617571095e-04
6.294499263666304559e-04
6.194616310364965727e-04
6.140097435231187204e-04
5.948634477265711496e-04
6.176694109204358598e-04
6.455876427935436368e-04
5.833631106984934946e-04
5.628927091103312760e-04
6.618554013714726637e-04
6.799173279432579875e-04
6.421048456104472280e-04
6.605686794500797987e-04
6.342112943197467188e-04
5.919128036891509225e-04
5.772755102952942252e-04
6.565937635189454625e-04
6.268579371473086267e-04
6.357973865565977236e-04
6.527112231456807991e-04
6.401198354849059512e-04
6.150111896983746817e-04
6.483707651828549048e-04
6.462713853189987331e-04
6.634760897473565480e-04
6.121159115407083561e-04
6.257383585242288918e-04
6.447597406804561615e-04
6.264799449127167463e-04
6.264777143119967719e-04
5.795849200304863244e-04
6.422377066753272344e-04
6.419772253138944507e-04
5.950635885320869475e-04
6.587662251799234012e-04
6.693192221324092885e-04
6.051685943800423672e-04
5.690149014948733906e-04
6.018757017695211629e-04
6.600411891538117458e-04
6.269455168096880983e-04
6.118744204286485910e-04
6.729405473119445900e-04
5.958904470649681231e-04
6.035913995999310543e-04
6.348082492227799436e-04
6.298292552985783289e-04
6.046612085940848659e-04
6.041567622950034947e-04
6.103875556228948026e-04
6.505727526798311998e-04
6.423251532916245251e-04
6.433692365784996012e-04
5.901501426706090569e-04
5.972515084847275545e-04
6.521210431986089419e-04
6.663110522952463101e-04
5.836315062229654928e-04
6.554423556995711466e-04
6.218932228096361826e-04
6.302459015777068943e-04
6.392882039238299797e-04
6.603405449173546573e-04
5.947628732038927465e-04
6.379846724615033339e-04
6.270939941584531595e-04
6.386009585444948813e-04
6.400962655399260312e-04
6.076321338436432937e-04
5.703555361833423376e-04
6.063068347949800282e-04
5.949624610366299748e-04
5.682330270896532396e-04
5.969116568199492236e-04
6.468262352947411328e-04
6.218277682949389885e-04
6.454947059475151091e-04
6.640588149561413387e-04
6.184945648003901909e-04
6.347862300961944074e-04
6.288525078811549405e-04
6.176730156377223521e-04
6.183416054617347926e-04
6.571919054424922536e-04
5.740024810490597417e-04
6.132933735248766085e-04
5.680026390889127185e-04
