4.802688024938106537e-02
1.875612586736679077e-01
1.441552974283695221e-01
1.087515056133270264e-01
7.673223316669464111e-02
5.285124108195304871e-02
4.115619743242859840e-02
2.539315819740295410e-02
2.267959620803594589e-02
1.940354797989130020e-02
1.660351641476154327e-02
1.547307358123362064e-02
1.352756191045045853e-02
1.248803408816456795e-02
1.151614426635205746e-02
1.070953113958239555e-02
1.026337966322898865e-02
1.046015182510018349e-02
1.031285850331187248e-02
1.053919736295938492e-02
1.027227751910686493e-02
9.452948113903403282e-03
9.480440290644764900e-03
7.558108889497816563e-03
9.045193670317530632e-03
7.673633284866809845e-03
8.212138898670673370e-03
8.485723403282463551e-03
7.840995094738900661e-03
8.222640026360750198e-03
8.135896641761064529e-03
8.234429406002163887e-03
7.004740764386951923e-03
7.436595391482114792e-03
7.355357403866946697e-03
7.542870938777923584e-03
7.166067371144890785e-03
7.778581930324435234e-03
7.283511222340166569e-03
6.488431710749864578e-03
5.943002877756953239e-03
7.152664009481668472e-03
6.908171810209751129e-03
6.821765331551432610e-03
6.502717500552535057e-03
5.694727064110338688e-03
6.126913009211421013e-03
5.992847378365695477e-03
5.981000955216586590e-03
6.075231241993606091e-03
5.163801019079983234e-03
5.532949639018625021e-03
6.306481838691979647e-03
6.371769239194691181e-03
5.549251742195338011e-03
5.517144687473773956e-03
5.938828224316239357e-03
5.244956002570688725e-03
5.478280247189104557e-03
5.331726395525038242e-03
5.393967381678521633e-03
5.148462019860744476e-03
5.570412613451480865e-03
5.493247415870428085e-03
5.649244121741503477e-03
5.649638478644192219e-03
5.052558030001819134e-03
5.423058522865176201e-03
5.533355870284140110e-03
5.239175166934728622e-03
4.973039904143661261e-03
4.178678733296692371e-03
4.776346846483647823e-03
5.044310644734650850e-03
5.109787802211940289e-03
5.106254538986831903e-03
5.034709116443991661e-03
4.923399770632386208e-03
4.276725929230451584e-03
5.005554412491619587e-03
4.758014809340238571e-03
4.794767592102289200e-03
4.426064493600279093e-03
4.475838737562298775e-03
4.701398371253162622e-03
4.584073089063167572e-03
4.272319201845675707e-03
4.765895369928330183e-03
4.397000884637236595e-03
4.131258348934352398e-03
3.743744106031954288e-03
4.062873136717826128e-03
4.084233019966632128e-03
4.099728190340101719e-03
3.844377934001386166e-03
4.162472730968147516e-03
3.962727205362170935e-03
3.620371338911354542e-03
4.383392224553972483e-03
4.122925514820963144e-03
3.865993756335228682e-03
4.215238848701119423e-03
3.736115235369652510e-03
3.797567798756062984e-03
4.158468742389231920e-03
4.170469997916370630e-03
4.076640587300062180e-03
3.890071006026118994e-03
3.898622235283255577e-03
3.731054894160479307e-03
4.054669057950377464e-03
3.624107979703694582e-03
3.654647967778146267e-03
3.715964150615036488e-03
3.635022265370935202e-03
3.684177761897444725e-03
3.682663023937493563e-03
3.442489774897694588e-03
3.584783407859504223e-03
3.673035127576440573e-03
3.572850837372243404e-03
3.529166569933295250e-03
3.499984100926667452e-03
3.379501926247030497e-03
3.501109487842768431e-03
3.531983704306185246e-03
3.420739260036498308e-03
3.636044333688914776e-03
3.542420279700309038e-03
3.445614653173834085e-03
3.363780910149216652e-03
3.631643427070230246e-03
3.367276513017714024e-03
3.387092088814824820e-03
3.384781186468899250e-03
3.434524987824261189e-03
3.017565119080245495e-03
3.177910868544131517e-03
2.744063502177596092e-03
2.707986044697463512e-03
3.267400374170392752e-03
2.771996892988681793e-03
3.239337587729096413e-03
3.193541720975190401e-03
3.362707211636006832e-03
3.331302083097398281e-03
2.896278514526784420e-03
3.346423327457159758e-03
3.023964352905750275e-03
3.337854053825139999e-03
3.220010315999388695e-03
3.073482163017615676e-03
3.159709973260760307e-03
2.794496365822851658e-03
3.150313335936516523e-03
2.847500436473637819e-03
3.073982137721031904e-03
2.859041269402951002e-03
3.049461782211437821e-03
3.000962547957897186e-03
2.808759803883731365e-03
2.715188486035913229e-03
2.788212324958294630e-03
2.479939139448106289e-03
2.957778284326195717e-03
2.795170119497925043e-03
2.801536582410335541e-03
2.999275864567607641e-03
2.942725026514381170e-03
2.801799797452986240e-03
2.878620551200583577e-03
2.787698351312428713e-03
2.712313493248075247e-03
2.685178536921739578e-03
2.596689388155937195e-03
2.816656080540269613e-03
2.651523042004555464e-03
2.824024588335305452e-03
2.550741133745759726e-03
2.692663896596059203e-03
2.463440934661775827e-03
2.301990549312904477e-03
2.752523898379877210e-03
2.650310227181762457e-03
2.461976313497871161e-03
2.511618367861956358e-03
2.772632753476500511e-03
2.597949700430035591e-03
2.663223538547754288e-03
2.440804324578493834e-03
2.840054803527891636e-03
2.805906755384057760e-03
2.723454905208200216e-03
2.478755661286413670e-03
2.641506434883922338e-03
2.621398773044347763e-03
2.216353517724201083e-03
2.640999417053535581e-03
2.482563199009746313e-03
2.517810615245252848e-03
2.668618806637823582e-03
2.194764965679496527e-03
2.689810877200216055e-03
2.627953712362796068e-03
2.576866245362907648e-03
2.362079103477299213e-03
2.657142060343176126e-03
2.531503298087045550e-03
2.512644394300878048e-03
2.669734472874552011e-03
2.408842410659417510e-03
2.411106979707255960e-03
2.328600443433970213e-03
2.536211221013218164e-03
2.285617607412859797e-03
2.295621437951922417e-03
2.377764467382803559e-03
2.493740990757942200e-03
2.593727404018864036e-03
2.621263382025063038e-03
2.306779060745611787e-03
2.543034963309764862e-03
2.390561508946120739e-03
2.090024878270924091e-03
2.541497495258226991e-03
2.564347931183874607e-03
2.551155805122107267e-03
2.331974828848615289e-03
2.464962366502732038e-03
2.241830748971551657e-03
2.480221039149910212e-03
2.572063676780089736e-03
2.387651620665565133e-03
2.004396868869662285e-03
2.489778591552749276e-03
2.262355177663266659e-03
2.304295980138704181e-03
2.023380453465506434e-03
2.447127160849049687e-03
2.082863997202366590e-03
2.351308387005701661e-03
2.080858976114541292e-03
2.336993580684065819e-03
2.267444564495235682e-03
2.136028779204934835e-03
1.935158943524584174e-03
2.307782531715929508e-03
2.346034452784806490e-03
2.059324760921299458e-03
2.427108294796198606e-03
2.399371529463678598e-03
2.340445353183895350e-03
2.161356067517772317e-03
2.278538857353851199e-03
2.253664337331429124e-03
2.356704644626006484e-03
2.314719051355496049e-03
2.136745781172066927e-03
2.112101472448557615e-03
2.051079121883958578e-03
2.240668341983109713e-03
2.314530400326475501e-03
2.025066060014069080e-03
2.176706417230889201e-03
1.722546003293246031e-03
2.279608743265271187e-03
2.236827684100717306e-03
1.979931490495800972e-03
2.018718078033998609e-03
2.152510685846209526e-03
2.331671945285052061e-03
1.869826461188495159e-03
2.131391316652297974e-03
2.150286978576332331e-03
2.236768137663602829e-03
2.045190747594460845e-03
2.126401668647304177e-03
2.111868641804903746e-03
2.176769979996606708e-03
1.892981148557737470e-03
2.188921382185071707e-03
2.060969767626374960e-03
2.249690238386392593e-03
2.287022944074124098e-03
2.097052143653854728e-03
2.022043598117306828e-03
2.220405440311878920e-03
1.977419480681419373e-03
2.135742746759206057e-03
2.009528077905997634e-03
2.104991814121603966e-03
2.090939669869840145e-03
2.160711301257833838e-03
1.939856854733079672e-03
2.227231510914862156e-03
1.938660367159172893e-03
2.079427358694374561e-03
1.770837436197325587e-03
2.204305870691314340e-03
1.866634294856339693e-03
2.133358619175851345e-03
2.089396613882854581e-03
1.941270369570702314e-03
1.775893906597048044e-03
2.049066999461501837e-03
1.815902505768463016e-03
2.104453684296458960e-03
2.106526168063282967e-03
2.239370369352400303e-03
2.065722132101655006e-03
2.071757713565602899e-03
1.877173548564314842e-03
1.829632383305579424e-03
2.027652808465063572e-03
1.953624101588502526e-03
1.914733264129608870e-03
1.971658057300373912e-03
2.121817902661859989e-03
1.897362613817676902e-03
1.800412486772984266e-03
1.940602407557889819e-03
2.089163433993235230e-03
1.914949098136276007e-03
1.965763833140954375e-03
1.957957400009036064e-03
1.873001747298985720e-03
1.971916412003338337e-03
1.868331659352406859e-03
2.116457180818542838e-03
2.019649808062240481e-03
2.058464451692998409e-03
1.745752728311344981e-03
1.840185635956004262e-03
2.066610904876142740e-03
1.815143012208864093e-03
1.891803403850644827e-03
1.937506429385393858e-03
1.988852018257603049e-03
1.910578910610638559e-03
1.940702495630830526e-03
1.785858941730111837e-03
1.969430421013385057e-03
1.757295918650925159e-03
1.973575330339372158e-03
1.632270461414009333e-03
1.926585187902674079e-03
2.030584320891648531e-03
1.694009202765300870e-03
1.952342223376035690e-03
1.837727962993085384e-03
1.755486067850142717e-03
1.572486740769818425e-03
1.860292686615139246e-03
1.916025008540600538e-03
1.562830235343426466e-03
1.829961518524214625e-03
1.906904013594612479e-03
1.398180320393294096e-03
1.812571194022893906e-03
1.897166599519550800e-03
1.801039761630818248e-03
2.074011717922985554e-03
1.824411359848454595e-03
1.978187938220798969e-03
1.946637174114584923e-03
1.944560470292344689e-03
1.713298348477110267e-03
1.913200132548809052e-03
1.815369061660021544e-03
1.845296821556985378e-03
1.781315135303884745e-03
1.627111720154061913e-03
1.663144270423799753e-03
1.763550564646720886e-03
1.868820050731301308e-03
1.859367301221936941e-03
1.787512010196223855e-03
1.830159220844507217e-03
1.747374073602259159e-03
1.821878162445500493e-03
1.940959278726950288e-03
1.638828485738486052e-03
1.812525326386094093e-03
1.898507092846557498e-03
1.809706620406359434e-03
1.665766874793916941e-03
1.749820672557689250e-03
1.593610359122976661e-03
1.769700669683516026e-03
1.793937874026596546e-03
1.799934980226680636e-03
1.539167074952274561e-03
1.819520519347861409e-03
1.813548180507495999e-03
1.732317963615059853e-03
1.780321297701448202e-03
1.655788015341386199e-03
1.689575030468404293e-03
1.642286108108237386e-03
1.888708240585401654e-03
1.781507133273407817e-03
1.933852065121755004e-03
1.827882893849164248e-03
1.588566490681841969e-03
1.750401570461690426e-03
1.784325490007176995e-03
1.722093235002830625e-03
1.672495185630396008e-03
1.823182654334232211e-03
1.811981579521670938e-03
1.874243200290948153e-03
1.814549788832664490e-03
1.679565932136029005e-03
1.709576885332353413e-03
1.721059728879481554e-03
1.869881263701245189e-03
1.730182731989771128e-03
1.723224209854379296e-03
1.625384611543267965e-03
1.804358122171834111e-03
1.620032737264409661e-03
1.550602260977029800e-03
1.712737488560378551e-03
1.844582642661407590e-03
1.414345140801742673e-03
1.746577472658827901e-03
1.611197687452659011e-03
1.624410971999168396e-03
1.701667526504024863e-03
1.539257908007130027e-03
1.802731043426319957e-03
1.770720817148685455e-03
1.789987523807212710e-03
1.604805962415412068e-03
1.701597153441980481e-03
1.589944033185020089e-03
1.606990204891189933e-03
1.765926746884360909e-03
1.765134191373363137e-03
1.676306565059348941e-03
1.511790062068030238e-03
1.664614392211660743e-03
1.623553107492625713e-03
1.589258521562442183e-03
1.512696384452283382e-03
1.306927719269879162e-03
1.495993026765063405e-03
1.734488963847979903e-03
1.555049326270818710e-03
1.452454773243516684e-03
1.558740652399137616e-03
1.255765033420175314e-03
1.600189454620704055e-03
1.564635109389200807e-03
1.737987913656979799e-03
1.569068117532879114e-03
1.427382725523784757e-03
1.494439609814435244e-03
1.675410690950229764e-03
1.442015389329753816e-03
1.527190222986973822e-03
1.431174343451857567e-03
1.551486464450135827e-03
1.529627159470692277e-03
1.647016164497472346e-03
1.573267072672024369e-03
1.672264101216569543e-03
1.544499013107270002e-03
1.619613030925393105e-03
1.459900347981601954e-03
1.717738021397963166e-03
1.602210453711450100e-03
1.658536581089720130e-03
1.663341827224940062e-03
1.590925676282495260e-03
1.586849830346181989e-03
1.678456668742001057e-03
1.532242575194686651e-03
1.440538442693650723e-03
1.580175448907539248e-03
1.588268205523490906e-03
1.503303996287286282e-03
1.451646414352580905e-03
1.585748104844242334e-03
1.605080396984703839e-03
1.530720968730747700e-03
1.526945037767291069e-03
1.402783440425992012e-03
1.616279303561896086e-03
1.455807796446606517e-03
1.556454808451235294e-03
1.410008437233045697e-03
1.427556926500983536e-03
1.588317056302912533e-03
1.398574066115543246e-03
1.630831684451550245e-03
1.485818036599084735e-03
1.445108093321323395e-03
1.765652181347832084e-03
1.376751344650983810e-03
1.425413996912539005e-03
1.529872315586544573e-03
1.477437137509696186e-03
1.276226248592138290e-03
1.226401043822988868e-03
1.576699229190126061e-03
1.612929365364834666e-03
1.666845375439152122e-03
1.473045442253351212e-03
1.640911010326817632e-03
1.619398433831520379e-03
1.468808797653764486e-03
1.438215695088729262e-03
1.647048979066312313e-03
1.615694141946732998e-03
1.584064666531048715e-03
1.472444404498673975e-03
1.594348723301663995e-03
1.430380129022523761e-03
1.193745658383704722e-03
1.711592776700854301e-03
1.361474947771057487e-03
1.624079741304740310e-03
1.620525057660415769e-03
1.555558497784659266e-03
1.596897840499877930e-03
1.430725154932588339e-03
1.420330998371355236e-03
1.666367257712408900e-03
1.546140454593114555e-03
1.308789738686755300e-03
1.555133232614025474e-03
1.565149053931236267e-03
1.406475581461563706e-03
1.544402737636119127e-03
1.447558155632577837e-03
1.311842221184633672e-03
1.409157208399847150e-03
1.376227271975949407e-03
1.490774302510544658e-03
1.605530720553360879e-03
1.567010302096605301e-03
1.508929766714572906e-03
1.428839401341974735e-03
1.517392869573086500e-03
1.579313568072393537e-03
1.332738145720213652e-03
1.526686959550715983e-03
1.390900113619863987e-03
1.474403950851410627e-03
1.202640618430450559e-03
1.440777530660852790e-03
1.510536472778767347e-03
1.543662045150995255e-03
1.285001038922928274e-03
1.610950595932081342e-03
1.493017509346827865e-03
1.452626398531720042e-03
1.447007001843303442e-03
1.407221614499576390e-03
1.532424648758023977e-03
1.556931529194116592e-03
1.506205677287653089e-03
1.304594145040027797e-03
1.540917306556366384e-03
1.296161266509443521e-03
1.494028605520725250e-03
1.518682227469980717e-03
1.440220206859521568e-03
1.561609708005562425e-03
1.335866269073449075e-03
1.430665695806965232e-03
1.504911924712359905e-03
1.371367834508419037e-03
1.331402032519690692e-03
1.369471574435010552e-03
1.394035061821341515e-03
1.188748428830876946e-03
1.270439621293917298e-03
1.202407613163813949e-03
1.323642864008434117e-03
1.353367464616894722e-03
1.486748980823904276e-03
1.462770407670177519e-03
1.382739617838524282e-03
1.282075929339043796e-03
1.391658646753057837e-03
1.357677276246249676e-03
1.456048688851296902e-03
1.452260345104150474e-03
1.465597364585846663e-03
1.382269751047715545e-03
1.402393012540414929e-03
1.268267515115439892e-03
1.307932107010856271e-03
1.471792289521545172e-03
1.119794411351904273e-03
1.447714952519163489e-03
1.412312529282644391e-03
1.415168473613448441e-03
1.381276451866142452e-03
1.355202781269326806e-03
1.317881251452490687e-03
1.381339330691844225e-03
1.449489107471890748e-03
1.407244417350739241e-03
1.327672041952610016e-03
1.435891172150149941e-03
1.275778820854611695e-03
1.366051030345261097e-03
1.471765746828168631e-03
1.468373404350131750e-03
1.349126512650400400e-03
1.429224983439780772e-03
1.341417693765833974e-03
1.389584445860236883e-03
1.261257842998020351e-03
1.291885680984705687e-03
1.303683849982917309e-03
1.400677545461803675e-03
1.518758319434709847e-03
1.349501515505835414e-03
1.399282482452690601e-03
1.307308120885863900e-03
1.372806233121082187e-03
1.431577009498141706e-03
1.461089879740029573e-03
1.394782681018114090e-03
1.429576630471274257e-03
1.222969804075546563e-03
1.394172999425791204e-03
1.521031139418482780e-03
1.456982703530229628e-03
1.464620407205075026e-03
1.405104863806627691e-03
1.405110029736533761e-03
1.314628592808730900e-03
1.253935013664886355e-03
1.348368386970832944e-03
1.241471269167959690e-03
1.318795111728832126e-03
1.295055510126985610e-03
1.372493265080265701e-03
1.549917142256163061e-03
1.330408398644067347e-03
1.305913960095494986e-03
1.384404429700225592e-03
1.418130763340741396e-03
1.284698606468737125e-03
1.176859412225894630e-03
1.386223681038245559e-03
1.315664922003634274e-03
1.129383963416330516e-03
1.132719291490502656e-03
1.228077017003670335e-03
1.371763108181767166e-03
1.411751989508047700e-03
1.256273913895711303e-03
1.493256655521690845e-03
1.365712145343422890e-03
1.252146481419913471e-03
1.344869582680985332e-03
1.289480365812778473e-03
1.417208783095702529e-03
1.414092796039767563e-03
1.384466158924624324e-03
1.450828916858881712e-03
1.149851450463756919e-03
1.348473393591120839e-03
1.339504931820556521e-03
1.353104948066174984e-03
1.347680226899683475e-03
1.393813872709870338e-03
1.212819013744592667e-03
1.296195521717891097e-03
1.223114028107374907e-03
1.308197737671434879e-03
1.319811490247957408e-03
1.050528982887044549e-03
1.291648761252872646e-03
1.438515668269246817e-03
1.381790527375414968e-03
1.328185375314205885e-03
1.266997016500681639e-03
1.383538590744137764e-03
1.271015469683334231e-03
1.316950016189366579e-03
1.361453614663332701e-03
1.384882751153782010e-03
1.433377357898280025e-03
1.212375267641618848e-03
1.246139727300032973e-03
1.349982398096472025e-03
1.231367001309990883e-03
1.354074338451027870e-03
1.232526716194115579e-03
1.309431158006191254e-03
1.180965453386306763e-03
1.260875404113903642e-03
1.017310074530541897e-03
1.220688005560077727e-03
1.354008098132908344e-03
1.172339616459794343e-03
1.376961474306881428e-03
1.360995374852791429e-03
1.349455749732442200e-03
1.203006482683122158e-03
1.118550193496048450e-03
1.332667074166238308e-03
1.334107131697237492e-03
1.351826998870819807e-03
1.383432914735749364e-03
1.117644569603726268e-03
1.129290831158868968e-03
1.326523299212567508e-03
1.169738010503351688e-03
1.410577300703153014e-03
1.389245298923924565e-03
1.357139030005782843e-03
1.212830684380605817e-03
1.171602663816884160e-03
1.076220345566980541e-03
1.325649325735867023e-03
1.268220046767964959e-03
1.201615727040916681e-03
1.325846431427635252e-03
1.297748793149366975e-03
1.376350410282611847e-03
1.098714652471244335e-03
1.363103307085111737e-03
1.077188571798615158e-03
1.089609504560939968e-03
1.264471982722170651e-03
1.302264281548559666e-03
1.397801854182034731e-03
1.254457660252228379e-03
1.310367762926034629e-03
1.159317675046622753e-03
1.304598452406935394e-03
1.191903342260047793e-03
1.298426810535602272e-03
1.201053062686696649e-03
1.151821605162695050e-03
1.351236598566174507e-03
1.301160475122742355e-03
1.203422056278213859e-03
1.343269599601626396e-03
1.322118419921025634e-03
1.222221180796623230e-03
1.150036448962055147e-03
1.408151962095871568e-03
1.100230190786533058e-03
1.218062840052880347e-03
1.258692878764122725e-03
1.181002851808443666e-03
1.340258488198742270e-03
1.259682787349447608e-03
1.245208753971382976e-03
1.289205189095810056e-03
1.300018629990518093e-03
1.146590220741927624e-03
1.136261649662628770e-03
1.219437195686623454e-03
1.067537596100009978e-03
1.183866290375590324e-03
1.268417894607409835e-03
1.120847489801235497e-03
1.351108454400673509e-03
1.397123822243884206e-03
1.241295802174136043e-03
9.863168088486418128e-04
1.369461009744554758e-03
1.151052289060316980e-03
1.088116754544898868e-03
1.253692578757181764e-03
1.274524795007891953e-03
1.245943436515517533e-03
1.309638930251821876e-03
1.233877032063901424e-03
1.222799110109917819e-03
1.179988525109365582e-03
1.278155075851827860e-03
1.318441107287071645e-03
1.279617237742058933e-03
1.314375927904620767e-03
1.227676926646381617e-03
1.217109194840304554e-03
1.231539659784175456e-03
1.348329882603138685e-03
1.349211161141283810e-03
1.284244252019561827e-03
1.101062400266528130e-03
1.321837466093711555e-03
1.010867068544030190e-03
1.345830911304801702e-03
1.235538700711913407e-03
1.230331225087866187e-03
1.236051786690950394e-03
1.133092067902907729e-03
1.068088415195234120e-03
1.323847463936544955e-03
1.295383161050267518e-03
1.275613656616769731e-03
1.225051892106421292e-03
1.273073445190675557e-03
1.168032627901993692e-03
1.296776143135502934e-03
1.034653774695470929e-03
1.114648242946714163e-03
1.167905487818643451e-03
1.183180414955131710e-03
1.271978049771860242e-03
1.083373324945569038e-03
1.089788391254842281e-03
1.069120582542382181e-03
1.287483100895769894e-03
1.267302752239629626e-03
1.300171687034890056e-03
9.813537471927702427e-04
1.148355222539976239e-03
1.229945541126653552e-03
1.141126223956234753e-03
1.154494428192265332e-03
1.240281955688260496e-03
1.179856481030583382e-03
1.224082414410077035e-03
1.296572911087423563e-03
1.185333487228490412e-03
1.141319895396009088e-03
1.193289164802990854e-03
1.100031498936004937e-03
1.286689977860078216e-03
1.022786309476941824e-03
1.044069998897612095e-03
1.266396284336224198e-03
1.144384717918001115e-03
1.321928692050278187e-03
1.255167750059626997e-03
1.003616984235122800e-03
1.040591407218016684e-03
1.130257835029624403e-03
1.234516559634357691e-03
1.187250818475149572e-03
1.116558822104707360e-03
1.267633677343837917e-03
1.132288249209523201e-03
1.234220471815206110e-03
1.197480174596421421e-03
1.186116016469895840e-03
1.292602901230566204e-03
1.104443828808143735e-03
1.104250753996893764e-03
1.180346982437185943e-03
9.693600586615502834e-04
1.226014981511980295e-03
1.222227947437204421e-03
1.234789320733398199e-03
1.104887371184304357e-03
1.118419764679856598e-03
1.268056395929306746e-03
1.136720675276592374e-03
9.054385445779189467e-04
1.245600404217839241e-03
1.191247545648366213e-03
1.243796272319741547e-03
1.284679834498092532e-03
1.194996715639717877e-03
1.140648571890778840e-03
9.568266104906797409e-04
1.132533972850069404e-03
1.240584970219060779e-03
1.227186148753389716e-03
1.242111145984381437e-03
1.217831508256494999e-03
1.212457893416285515e-03
1.218597084516659379e-03
1.074311425327323377e-03
9.830062481341883540e-04
1.189558475743979216e-03
1.200529164634644985e-03
1.114033395424485207e-03
1.073670006007887423e-03
1.205907203257083893e-03
1.221677273861132562e-03
1.171028052340261638e-03
1.133271565777249634e-03
1.068188881617970765e-03
1.137248429586179554e-03
1.212643008329905570e-03
1.126994189689867198e-03
1.171756128314882517e-03
1.117925639846362174e-03
1.144300651503726840e-03
1.256474075489677489e-03
1.121796813094988465e-03
1.141830172855407000e-03
1.061448929249309003e-03
1.243800856173038483e-03
1.222468141349963844e-03
1.072925195330753922e-03
1.147384449723176658e-03
1.209231588291004300e-03
1.222352570039220154e-03
1.192215742776170373e-03
1.105340401409193873e-03
1.112996964366175234e-03
1.231305301189422607e-03
1.269894113647751510e-03
1.218102144775912166e-03
1.216427044710144401e-03
1.095577332307584584e-03
1.125426584621891379e-03
1.235840201843529940e-03
1.180830906378105283e-03
1.172380667412653565e-03
1.093153201509267092e-03
1.123381618526764214e-03
9.982335031963884830e-04
1.153685501776635647e-03
1.000868389382958412e-03
1.167225680546835065e-03
1.116281549911946058e-03
1.250245186383835971e-03
1.210829985211603343e-03
1.067565666744485497e-03
1.069745208951644599e-03
1.084871750208549201e-03
1.173096985439769924e-03
1.209876296343281865e-03
1.203480424010194838e-03
1.070466241799294949e-03
1.174957433249801397e-03
1.035083856550045311e-03
1.143654983025044203e-03
1.044014614308252931e-03
1.135436250478960574e-03
1.221870654262602329e-03
1.193239586427807808e-03
1.215719516039825976e-03
1.182566644274629653e-03
1.151646851212717593e-03
1.109683435061015189e-03
1.077323438948951662e-03
1.205237524118274450e-03
1.136542472522705793e-03
1.068470897735096514e-03
1.030831190291792154e-03
1.162626431323587894e-03
1.050633931299671531e-03
1.154837882495485246e-03
1.149688439909368753e-03
1.121474109822884202e-03
1.142594381235539913e-03
1.160122817964293063e-03
1.150378928286954761e-03
1.066782890120521188e-03
1.120777786127291620e-03
1.094195205951109529e-03
1.136702558142133057e-03
1.157502047135494649e-03
1.194275537272915244e-03
1.074048443115316331e-03
1.192842290038242936e-03
1.152014330727979541e-03
1.081549096852540970e-03
1.186437017167918384e-03
1.149757837993092835e-03
9.466194460401311517e-04
9.319038363173604012e-04
1.152404569438658655e-03
1.127086521591991186e-03
1.044838412781246006e-03
1.121183624491095543e-03
1.140768916229717433e-03
9.071541571756824851e-04
1.091278798412531614e-03
1.170071656815707684e-03
1.222486491315066814e-03
9.035648690769448876e-04
1.097340922569856048e-03
1.127738956711255014e-03
1.180854000267572701e-03
1.036688569001853466e-03
1.070364931365475059e-03
1.182096399134024978e-03
1.142422072007320821e-03
1.052284278557635844e-03
1.134393620304763317e-03
1.012769571389071643e-03
1.170178467873483896e-03
1.155478050350211561e-03
1.164200279163196683e-03
1.121174645959399641e-03
1.134381935116834939e-03
1.095480329240672290e-03
1.129088632296770811e-03
1.092784194042906165e-03
1.144346737419255078e-03
1.063294141204096377e-03
1.203516352688893676e-03
1.197610050439834595e-03
1.018762151943519711e-03
1.153513570898212492e-03
1.159155624918639660e-03
1.008902938337996602e-03
9.217062761308625340e-04
1.169482042314484715e-03
9.821933053899556398e-04
1.181584724690765142e-03
1.125714319641701877e-03
1.057235320331528783e-03
1.172741060145199299e-03
1.170700023067183793e-03
1.171483367215842009e-03
9.993803978431969881e-04
1.076741405995562673e-03
1.129585260059684515e-03
1.113026475650258362e-03
1.044724514940753579e-03
1.126859016949310899e-03
9.451727819396182895e-04
1.037822396028786898e-03
1.004330435534939170e-03
1.176313919131644070e-03
1.127353825722821057e-03
1.023541437461972237e-03
1.048888851073570549e-03
1.141483939136378467e-03
9.605107188690453768e-04
1.056721826898865402e-03
1.099526125472038984e-03
9.143268689513206482e-04
1.014693843899294734e-03
1.024463883368298411e-03
8.893807535059750080e-04
1.139123778557404876e-03
1.154430239694193006e-03
1.159934676252305508e-03
1.087837154045701027e-03
9.610631532268598676e-04
1.097135507734492421e-03
1.125809591030701995e-03
9.193717851303517818e-04
1.178554637590423226e-03
1.130510237999260426e-03
1.035237350151874125e-03
1.157124817837029696e-03
1.099938424886204302e-03
1.114342710934579372e-03
1.070390469976700842e-03
8.951319905463606119e-04
9.810995397856459022e-04
9.348789608338847756e-04
1.119308464694768190e-03
1.120157248806208372e-03
1.054542663041502237e-03
1.084565155906602740e-03
1.025943813147023320e-03
1.121306981076486409e-03
1.086541029508225620e-03
1.114420927478931844e-03
1.035384440911002457e-03
1.172156393295153975e-03
9.283921826863661408e-04
1.098393142456188798e-03
1.015677786199375987e-03
1.033096908940933645e-03
1.125842274632304907e-03
1.109039541915990412e-03
1.019153089146129787e-03
1.100044828490354121e-03
1.110755198169499636e-03
1.032045576721429825e-03
9.552313567837700248e-04
1.118360582040622830e-03
1.065165401087142527e-03
1.100699329981580377e-03
1.050886639859527349e-03
1.045081982738338411e-03
1.035036941175349057e-03
1.059366899426095188e-03
1.087243203073740005e-03
1.104700946598313749e-03
1.040376679156906903e-03
1.089881712687201798e-03
1.194773634779267013e-03
1.043401323840953410e-03
1.021992720779962838e-03
1.133050245698541403e-03
1.157390535809099674e-03
8.586702024331316352e-04
1.026326295686885715e-03
9.593533031875267625e-04
1.048811929649673402e-03
1.051822706358507276e-03
1.181340412585996091e-03
1.037160400301218033e-03
1.001603683107532561e-03
1.002032717224210501e-03
1.126062066759914160e-03
9.482190216658636928e-04
1.056112363585270941e-03
1.013085508020594716e-03
1.110181474359706044e-03
9.674080502009019256e-04
1.006371458061039448e-03
1.019380943034775555e-03
9.438548004254698753e-04
1.075396299711428583e-03
8.481095719616860151e-04
1.129854383179917932e-03
9.726018761284649372e-04
9.797076636459678411e-04
1.001464785076677799e-03
9.925170161295682192e-04
9.584194631315767765e-04
1.031041494570672512e-03
1.027181628160178661e-03
7.790746021782979369e-04
1.089153927750885487e-03
8.301761845359578729e-04
1.109587421524338424e-03
1.061120739905163646e-03
9.883946331683546305e-04
1.104218928958289325e-03
1.084893548977561295e-03
9.697440254967659712e-04
8.946352609200403094e-04
1.031010397127829492e-03
9.531114046694710851e-04
1.101189060136675835e-03
9.122301416937261820e-04
1.059674788848496974e-03
1.022556651150807738e-03
1.139397529186680913e-03
1.136609498644247651e-03
9.134557330980896950e-04
1.117128616897389293e-03
1.042340823914855719e-03
1.050174832926131785e-03
1.138314226409420371e-03
1.103034010156989098e-03
9.919261210598051548e-04
1.037884649122133851e-03
1.009938263450749218e-03
1.145640228060074151e-03
1.035480934660881758e-03
9.953984554158523679e-04
1.060463095200248063e-03
1.004331046715378761e-03
1.046713208779692650e-03
8.656318823341280222e-04
8.839517831802368164e-04
1.108215132262557745e-03
9.670861036283895373e-04
8.854503103066235781e-04
9.805066074477508664e-04
1.002818098641000688e-03
1.061756571289151907e-03
9.919079020619392395e-04
8.824966062093153596e-04
1.009235013043507934e-03
1.036818735883571208e-03
9.477380808675661683e-04
1.054348613251931965e-03
8.821736701065674424e-04
1.018054521409794688e-03
9.767265146365389228e-04
1.021110962028615177e-03
1.019493414787575603e-03
1.044325515977106988e-03
9.463141614105552435e-04
9.297157084802165627e-04
1.053164276527240872e-03
1.052968742442317307e-03
1.038621281622909009e-03
9.913979447446763515e-04
8.272347185993567109e-04
1.005847545457072556e-03
1.035963403410278261e-03
8.293353894259780645e-04
1.009327737847343087e-03
1.052049876307137311e-03
9.615059680072590709e-04
9.580837067915126681e-04
9.881986770778894424e-04
8.538379479432478547e-04
1.039698690874502063e-03
1.117527659516781569e-03
1.063742121914401650e-03
1.087515614926815033e-03
1.066899654688313603e-03
9.905129700200632215e-04
9.806464076973497868e-04
1.063276111381128430e-03
9.829308837652206421e-04
1.014057124848477542e-03
1.074205749318934977e-03
1.044508448103442788e-03
9.547714726068079472e-04
8.756722236284986138e-04
9.701527014840394258e-04
1.011577158351428807e-03
1.108253738493658602e-03
9.585404623067006469e-04
8.502866403432562947e-04
1.047509795171208680e-03
1.048416626872494817e-03
1.012161257676780224e-03
1.058669149642810225e-03
8.775136957410722971e-04
9.790441399672999978e-04
1.080957998055964708e-03
1.029050938086584210e-03
9.063725156011059880e-04
1.072551691322587430e-03
9.874936513369902968e-04
1.062643830664455891e-03
1.028064594720490277e-03
9.723387192934751511e-04
1.041977884597145021e-03
9.541988983983173966e-04
9.607181418687105179e-04
1.082138580386526883e-03
1.049976010108366609e-03
1.015493675367906690e-03
1.089233977836556733e-03
9.354979993076995015e-04
8.994571544462814927e-04
1.029020873829722404e-03
1.040937873767688870e-03
8.417298522545024753e-04
9.741344256326556206e-04
1.034180473652668297e-03
1.092250895453616977e-03
8.972455689217895269e-04
1.067817473085597157e-03
1.068413213943131268e-03
9.740438545122742653e-04
1.100553679862059653e-03
9.537795413052663207e-04
9.281574457418173552e-04
1.062024195562116802e-03
9.413768129888921976e-04
9.301045502070337534e-04
9.777714440133422613e-04
1.068893150659278035e-03
9.893273090710863471e-04
9.145363001152873039e-04
1.008276143693365157e-03
8.641372551210224628e-04
9.545085194986313581e-04
9.069000807357951999e-04
1.052102161338552833e-03
1.052959429216571152e-03
1.088586024707183242e-03
8.899359236238524318e-04
1.046282632160000503e-03
8.879884408088400960e-04
1.002357603283599019e-03
1.036454515997320414e-03
9.745883580762892962e-04
9.948659426299855113e-04
8.450201567029580474e-04
1.061166200088337064e-03
9.555431024637073278e-04
9.397015674039721489e-04
8.882954716682434082e-04
1.074879401130601764e-03
1.009056650218553841e-03
9.904854814521968365e-04
1.001352226012386382e-03
9.603521612007170916e-04
1.014437511912547052e-03
1.028271697578020394e-03
9.895534894894808531e-04
1.073141276719979942e-03
8.507877064403146505e-04
1.089977420633658767e-03
9.015226678457111120e-04
9.974790882552042603e-04
8.411982780671678483e-04
1.045142300426959991e-03
9.029309730976819992e-04
1.020195690216496587e-03
9.447067568544298410e-04
1.025884994305670261e-03
9.334245987702161074e-04
1.026269324938766658e-03
9.773980273166671395e-04
8.713562274351716042e-04
9.570948459440842271e-04
1.022477939841337502e-03
1.050167615176178515e-03
1.027247169986367226e-03
1.046292542014271021e-03
9.357898379676043987e-04
9.136717562796548009e-04
1.000909556751139462e-03
9.798882383620366454e-04
9.599086479283869267e-04
9.621883218642324209e-04
9.902173187583684921e-04
1.037265785271301866e-03
8.044823480304330587e-04
1.000894393655471504e-03
8.998851553769782186e-04
1.035795357893221080e-03
1.018324313918128610e-03
1.056280525517649949e-03
1.000247328192926943e-03
9.213974117301404476e-04
8.766477985773235559e-04
9.983414347516372800e-04
9.396717941854149103e-04
1.021742747980169952e-03
8.337999170180410147e-04
8.084252185653895140e-04
8.177864947356283665e-04
9.551101029501296580e-04
8.477093942929059267e-04
1.081299968063831329e-03
7.603735066368244588e-04
9.067704231711104512e-04
9.443365997867658734e-04
9.277876088162884116e-04
8.254417334683239460e-04
9.505040652584284544e-04
1.034717235597781837e-03
1.023876160616055131e-03
9.996667213272303343e-04
1.048304155119694769e-03
9.598160395398736000e-04
1.050166800268925726e-03
1.014908018987625837e-03
1.062531096977181733e-03
9.014416573336347938e-04
8.053375931922346354e-04
1.003092198516242206e-03
8.943244756665080786e-04
9.401612915098667145e-04
1.016316033201292157e-03
1.016922906273975968e-03
9.070412634173408151e-04
1.005409721983596683e-03
9.118636517086997628e-04
8.578727647545747459e-04
9.563737694406881928e-04
9.057556380867026746e-04
1.027883219649083912e-03
9.954796696547418833e-04
8.795192989055067301e-04
1.036720481351949275e-03
9.217752522090449929e-04
9.353044879389926791e-04
8.683123596711084247e-04
9.312705078627914190e-04
9.403805015608668327e-04
1.004151970846578479e-03
9.731018508318811655e-04
1.030363840982317924e-03
1.024271245114505291e-03
8.434959745500236750e-04
9.019343560794368386e-04
9.662016673246398568e-04
9.273828763980418444e-04
9.901893063215538859e-04
9.215417230734601617e-04
9.313093614764511585e-04
9.391152998432517052e-04
1.037624853779561818e-03
9.672447195043787360e-04
9.307715372415259480e-04
9.520658786641433835e-04
9.438914712518453598e-04
9.883967140922322869e-04
1.028976184898056090e-03
9.642632940085604787e-04
9.742697729961946607e-04
9.851360518950968981e-04
1.000723845208995044e-03
1.015731555526144803e-03
9.001292346511036158e-04
9.489885123912245035e-04
1.047775745973922312e-03
9.513520199107006192e-04
9.922034660121425986e-04
1.038096626871265471e-03
8.824859178275801241e-04
9.893129317788407207e-04
9.734654595376923680e-04
1.013031112961471081e-03
1.027681006235070527e-03
8.536251552868634462e-04
8.573917875764891505e-04
9.565091895638033748e-04
8.515963272657245398e-04
9.292185277445241809e-04
9.733883634908124804e-04
9.430985228391364217e-04
1.012718683341518044e-03
9.703509567771106958e-04
9.712319151731207967e-04
9.897504351101815701e-04
9.122017800109460950e-04
8.442565740551799536e-04
9.809526527533307672e-04
8.465351129416376352e-04
9.887436899589374661e-04
9.319909586338326335e-04
1.036955407471396029e-03
9.508614311926066875e-04
9.797866659937426448e-04
9.975867724278941751e-04
9.820787527132779360e-04
8.688050147611647844e-04
9.822742867982015014e-04
9.555428696330636740e-04
9.844113956205546856e-04
9.208031115122139454e-04
1.026020632707513869e-03
9.786765585886314511e-04
9.871148358797654510e-04
9.684886899776756763e-04
9.829129558056592941e-04
9.043989557540044188e-04
8.988447370938956738e-04
9.711496095405891538e-04
9.143226925516501069e-04
1.005360507406294346e-03
8.854361512931063771e-04
9.399756090715527534e-04
8.860475645633414388e-04
1.000500138616189361e-03
1.034046814311295748e-03
1.011316358926706016e-03
8.216559654101729393e-04
9.136499720625579357e-04
9.072569373529404402e-04
1.020126292132772505e-03
9.592038986738771200e-04
9.626499668229371309e-04
8.502740092808380723e-04
8.107046160148456693e-04
7.572420872747898102e-04
9.970388491638004780e-04
9.436374239157885313e-04
9.366299054818227887e-04
9.792082128114998341e-04
9.822889696806669235e-04
8.408865687670186162e-04
9.976052970159798861e-04
1.006708800559863448e-03
9.404937882209196687e-04
1.042580421199090779e-03
9.040457953233271837e-04
9.729260200401768088e-04
9.524343404336832464e-04
9.183411020785570145e-04
1.002264543785713613e-03
8.543543808627873659e-04
9.744239941937848926e-04
9.305078419856727123e-04
7.988619472598657012e-04
9.733373590279370546e-04
9.005733008962124586e-04
8.971069473773241043e-04
9.641053329687565565e-04
8.481385593768209219e-04
9.939777373801916838e-04
8.729742548894137144e-04
8.548968617105856538e-04
9.008384076878428459e-04
9.077878203243017197e-04
7.656953239347785711e-04
9.698231006041169167e-04
9.531540708849206567e-04
9.868414199445396662e-04
8.758445183048024774e-04
9.344181307824328542e-04
9.772448829608038068e-04
9.455514227738603950e-04
9.188771800836548209e-04
7.531723094871267676e-04
1.009624771540984511e-03
8.886020077625289559e-04
1.015731511870399117e-03
9.785572328837588429e-04
9.966298239305615425e-04
9.399735572515055537e-04
9.363925055367872119e-04
8.997238910524174571e-04
8.772940927883610129e-04
9.300699603045359254e-04
8.900694228941574693e-04
9.423951851204037666e-04
9.353710047435015440e-04
8.236478024628013372e-04
9.927012870321050286e-04
9.682308300398290157e-04
1.020638315821997821e-03
9.734230407048016787e-04
1.034859407809562981e-03
9.623529331292957067e-04
8.066445880103856325e-04
7.947456615511327982e-04
9.808583563426509500e-04
9.927674545906484127e-04
8.745217637624591589e-04
8.481575059704482555e-04
9.546517394483089447e-04
9.677851485321298242e-04
9.889780776575207710e-04
9.722596732899546623e-04
1.009710147627629340e-03
9.416979155503213406e-04
9.019132412504404783e-04
8.324286027345806360e-04
9.268313442589715123e-04
9.035105176735669374e-04
9.271513772546313703e-04
9.853992814896628261e-04
8.394862670684233308e-04
1.017657516058534384e-03
9.716704807942733169e-04
9.737844375194981694e-04
9.821767016546800733e-04
8.717230084585025907e-04
1.048081438057124615e-03
8.471889304928481579e-04
9.216800390277057886e-04
9.504694899078458548e-04
7.942778174765408039e-04
9.918445866787806153e-04
8.880757377482950687e-04
8.912387420423328876e-04
8.834030013531446457e-04
9.839474514592438936e-04
8.196430280804634094e-04
9.273634641431272030e-04
9.059917792910709977e-04
9.726826829137280583e-04
8.825209224596619606e-04
7.596721989102661610e-04
9.330005996162071824e-04
1.034732893458567560e-03
9.180877095786854625e-04
9.829623159021139145e-04
9.258387435693293810e-04
9.203139343298971653e-04
9.738354856381192803e-04
9.507064532954245806e-04
9.852760995272547007e-04
9.376505768159404397e-04
9.456711704842746258e-04
8.748292602831497788e-04
9.409209742443636060e-04
9.650862193666398525e-04
9.592020796844735742e-04
8.792689914116635919e-04
9.308691078331321478e-04
9.887105843517929316e-04
8.380331491935066879e-04
9.428519988432526588e-04
9.982263291021808982e-04
9.216485486831516027e-04
9.519785962766036391e-04
9.430558711756020784e-04
9.559963800711557269e-04
9.749785967869684100e-04
9.560746257193386555e-04
8.831885788822546601e-04
9.384907898493111134e-04
9.734732302604243159e-04
8.902679692255333066e-04
8.667429210618138313e-04
9.716863278299570084e-04
7.771023228997364640e-04
9.495664126006886363e-04
8.246509387390688062e-04
8.443688057013787329e-04
9.993696585297584534e-04
8.627985371276736259e-04
8.362879525520838797e-04
8.929109317250549793e-04
8.458824886474758387e-04
9.371987689519301057e-04
8.464382699457928538e-04
9.694799373392015696e-04
9.679076320026069880e-04
9.455813415115699172e-04
8.065710644586943090e-04
8.441214013146236539e-04
8.888984448276460171e-04
9.504763875156641006e-04
9.423571173101663589e-04
9.099625458475202322e-04
9.427545155631378293e-04
9.541883337078616023e-04
8.802466618362814188e-04
8.921542321331799030e-04
9.938345465343445539e-04
8.568749763071537018e-04
9.710960293887183070e-04
9.545235952828079462e-04
9.802672284422442317e-04
8.877775544533506036e-04
9.690598963061347604e-04
9.739571833051741123e-04
8.046713192015886307e-04
8.760617929510772228e-04
9.621028148103505373e-04
8.397213096031919122e-04
9.219070925610139966e-04
9.027299820445477962e-04
9.808380564209073782e-04
8.562194270780310035e-04
8.440662350039929152e-04
8.404507825616747141e-04
8.490389009239152074e-04
9.189280826831236482e-04
9.735843777889385819e-04
9.636005124775692821e-04
8.649704686831682920e-04
8.527084282832220197e-04
9.481002489337697625e-04
9.462784801144152880e-04
8.888417069101706147e-04
8.929957693908363581e-04
8.274450083263218403e-04
9.588233806425705552e-04
9.589437977410852909e-04
8.974931988632306457e-04
9.470135992160066962e-04
8.246523066191002727e-04
8.486319857183843851e-04
9.838385740295052528e-04
8.486157748848199844e-04
8.908159506972879171e-04
9.781843546079471707e-04
9.069187944987788796e-04
8.476451039314270020e-04
7.952713931445032358e-04
9.967408986994996667e-04
8.343420195160433650e-04
9.257459605578333139e-04
8.490081236232072115e-04
9.258274949388578534e-04
8.769248379394412041e-04
9.284510742872953415e-04
9.148767276201397181e-04
8.299125474877655506e-04
8.719361067051067948e-04
8.890479366527870297e-04
7.553463365184143186e-04
8.141848884406499565e-04
8.773277659201994538e-04
9.778878011275082827e-04
8.909014650271274149e-04
9.010115027194842696e-04
9.168742690235376358e-04
9.254210162907838821e-04
9.702879324322566390e-04
9.018560522235929966e-04
8.793235901976004243e-04
7.577339420095086098e-04
8.997922850539907813e-04
9.207137336488813162e-04
8.353042503586038947e-04
9.646950929891318083e-04
9.687171841505914927e-04
9.110129904001951218e-04
8.802019874565303326e-04
8.070366020547226071e-04
9.775124781299382448e-04
9.400580165674909949e-04
8.957898098742589355e-04
9.489757649134844542e-04
8.926117297960445285e-04
9.126298682531341910e-04
8.934820943977683783e-04
7.983530740602873266e-04
9.347237064503133297e-04
8.473386260448023677e-04
8.266481600003316998e-04
9.127259691013023257e-04
8.445852581644430757e-04
9.113568667089566588e-04
8.310593693749979138e-04
9.558745077811181545e-04
8.881643734639510512e-04
9.656539041316136718e-04
9.805695735849440098e-04
8.345506503246724606e-04
9.181864879792556167e-04
7.756528066238388419e-04
8.071489864960312843e-04
8.830117585603147745e-04
8.202496392186731100e-04
8.975318633019924164e-04
8.583235903643071651e-04
9.038409771164879203e-04
9.463228343520313501e-04
9.077774302568286657e-04
8.339844207512214780e-04
6.906751805217936635e-04
8.824305550660938025e-04
8.672716794535517693e-04
9.289195877499878407e-04
9.399376140208914876e-04
8.569018245907500386e-04
7.920533389551565051e-04
9.692286985227838159e-04
9.092967375181615353e-04
8.186959894374012947e-04
8.978056721389293671e-04
9.629202540963888168e-04
9.253979951608926058e-04
9.214401943609118462e-04
8.527132449671626091e-04
8.536007662769407034e-04
9.650204738136380911e-04
9.583195060258731246e-04
9.095706627704203129e-04
9.468036732869222760e-04
8.739577751839533448e-04
9.495254780631512403e-04
9.179030457744374871e-04
9.575684525771066546e-04
8.613334066467359662e-04
8.956900855991989374e-04
8.135108073474839330e-04
8.786896360106766224e-04
7.852039852878078818e-04
9.291455644415691495e-04
9.121591865550726652e-04
9.057448623934760690e-04
8.255836437456309795e-04
8.443840124527923763e-04
9.056451381184160709e-04
8.704595238668844104e-04
8.231413376051932573e-04
8.405444677919149399e-04
7.975336920935660601e-04
8.369479473913088441e-04
9.159638138953596354e-04
8.489541651215404272e-04
9.854370146058499813e-04
9.512134565738961101e-04
8.858058135956525803e-04
9.406453755218535662e-04
8.266590739367529750e-04
8.651399839436635375e-04
8.451395406154915690e-04
8.131017384584993124e-04
9.254017786588519812e-04
8.985144813777878881e-04
7.914030429674312472e-04
7.618027011631056666e-04
8.727965323487296700e-04
7.662661664653569460e-04
9.101910400204360485e-04
8.956319215940311551e-04
9.612178255338221788e-04
7.899544725660234690e-04
9.589526162017136812e-04
8.960171107901260257e-04
8.151174406521022320e-04
8.450719615211710334e-04
8.919407991925254464e-04
8.202651952160522342e-04
8.966167661128565669e-04
9.408205369254574180e-04
9.202924120472744107e-04
9.057970892172306776e-04
9.450568031752482057e-04
8.335258171427994967e-04
8.168698841473087668e-04
8.122895378619432449e-04
9.131177212111651897e-04
8.191809465643018484e-04
9.458713320782408118e-04
7.725871837465092540e-04
8.593192615080624819e-04
8.260741160484030843e-04
6.902044260641559958e-04
8.613055397290736437e-04
9.368764731334522367e-04
8.251501421909779310e-04
9.007545741042122245e-04
9.632972651161253452e-04
8.884252456482499838e-04
8.301196794491261244e-04
9.132163540925830603e-04
9.163684298982843757e-04
8.766159735387191176e-04
8.565333264414221048e-04
9.248341229977086186e-04
8.287404489237815142e-04
8.806863770587369800e-04
9.154939907602965832e-04
8.516964735463261604e-04
8.501475385855883360e-04
9.357444650959223509e-04
8.822266681818291545e-04
9.111174149438738823e-04
9.099702874664217234e-04
7.312794550671242177e-04
8.284481446025893092e-04
8.527767786290496588e-04
9.470060176681727171e-04
8.633870165795087814e-04
8.493438363075256348e-04
8.706867665750905871e-04
8.586221520090475678e-04
8.670372044434770942e-04
8.673190895933657885e-04
9.589027031324803829e-04
9.207590919686481357e-04
8.617286512162536383e-04
8.333498990396037698e-04
8.938969695009291172e-04
7.652117928955703974e-04
8.687141380505636334e-04
9.083092154469341040e-04
7.639887626282870770e-04
7.935123285278677940e-04
8.985556632978841662e-04
7.661099516553804278e-04
8.905394788598641753e-04
8.417791977990418673e-04
7.516638725064694881e-04
8.633939723949879408e-04
9.026664629345759749e-04
8.742287318455055356e-04
9.338384988950565457e-04
8.334475860465317965e-04
7.511562143918126822e-04
9.084726916626095772e-04
8.571295766159892082e-04
7.531341980211436749e-04
8.331687131430953741e-04
7.940380310174077749e-04
8.081573469098657370e-04
8.581205474911257625e-04
8.165197505149990320e-04
9.370606567244976759e-04
9.105157805606722832e-04
8.982745639514178038e-04
8.875063649611547589e-04
8.745243103476241231e-04
7.767963834339752793e-04
7.382318581221625209e-04
7.291041692951694131e-04
7.777896244078874588e-04
8.679849561303853989e-04
7.824617205187678337e-04
8.740769844735041261e-04
8.264374337159097195e-04
7.133650360628962517e-04
8.715505682630464435e-04
9.008319757413119078e-04
7.907033432275056839e-04
7.813354750396683812e-04
8.430088055320084095e-04
9.016599942697212100e-04
8.111123606795445085e-04
8.204622281482443213e-04
8.915455109672620893e-04
8.107166504487395287e-04
9.051381348399445415e-04
9.081517782760784030e-04
8.071122938417829573e-04
7.300874349311925471e-04
8.025320421438664198e-04
8.812599407974630594e-04
9.115205612033605576e-04
9.306675638072192669e-04
8.535961533198133111e-04
8.680879982421174645e-04
7.634766225237399340e-04
7.921386786620132625e-04
8.131237118504941463e-04
7.308776985155418515e-04
8.547823526896536350e-04
9.224098030244931579e-04
9.118883754126727581e-04
7.708903576713055372e-04
9.400729904882609844e-04
9.240880026482045650e-04
8.542084979126229882e-04
8.087405294645577669e-04
8.035482169361785054e-04
7.527745474362745881e-04
8.699204045115038753e-04
8.856641943566501141e-04
7.955539767863228917e-04
8.353890007128939033e-04
7.622109842486679554e-04
8.086936722975224257e-04
7.861668855184689164e-04
8.186413033399730921e-04
8.810609579086303711e-04
8.996947581181302667e-04
8.375539764529094100e-04
8.037238585529848933e-04
8.408721187151968479e-04
7.973698957357555628e-04
8.264057687483727932e-04
8.617455459898337722e-04
7.994203915586695075e-04
9.112740517593920231e-04
9.264312539016827941e-04
8.037619118113070726e-04
7.723024973529390991e-04
8.245742792496457696e-04
8.606500050518661737e-04
9.333798370789736509e-04
8.975053715403191745e-04
8.365080429939553142e-04
8.725496154511347413e-04
8.037020161282271147e-04
9.404198935953900218e-04
8.375249162781983614e-04
9.057060669874772429e-04
9.094088454730808735e-04
8.818974893074482679e-04
8.783377998042851686e-04
8.232391701312735677e-04
8.707343367859721184e-04
7.225272856885567307e-04
8.735513401916250587e-04
7.540942169725894928e-04
8.738350006751716137e-04
8.536666573490947485e-04
7.713770319242030382e-04
8.743797225179150701e-04
9.476511768298223615e-04
8.603465394116938114e-04
7.180194443208165467e-04
9.595419105608016253e-04
7.665423036087304354e-04
8.203443139791488647e-04
9.132666746154427528e-04
8.501999036525376141e-04
8.988092013169080019e-04
8.886880095815286040e-04
6.509862723760306835e-04
8.967087924247607589e-04
7.415133877657353878e-04
9.294375777244567871e-04
8.773041190579533577e-04
8.912366611184552312e-04
8.723332430236041546e-04
9.122359188040718436e-04
7.879640324972569942e-04
9.294812043663114309e-04
8.596407569712027907e-04
8.211454260163009167e-04
8.956865349318832159e-04
9.288910659961402416e-04
7.779883017065003514e-04
8.944607834564521909e-04
8.850881858961656690e-04
9.241529041901230812e-04
8.259203605121001601e-04
9.299818193539977074e-04
9.261539962608367205e-04
7.754902180749922991e-04
8.790684951236471534e-04
8.721400226932018995e-04
8.373544696951285005e-04
7.694186424487270415e-04
8.408818102907389402e-04
8.491642802255228162e-04
8.705678192200139165e-04
8.823327807476744056e-04
8.908128656912595034e-04
8.393136959057301283e-04
7.571397582069039345e-04
7.240636768983677030e-04
8.535734814358875155e-04
7.985753472894430161e-04
8.299661712953820825e-04
7.755153274047188461e-04
9.078432558453641832e-04
8.408029389102011919e-04
7.701268186792731285e-04
7.908960542408749461e-04
8.482760022161528468e-04
8.738547767279669642e-04
7.688656769460067153e-04
6.247074925340712070e-04
8.844858675729483366e-04
8.407981804339215159e-04
8.987350302049890161e-04
6.695100601064041257e-04
7.983000978128984571e-04
8.973310032160952687e-04
7.456864259438589215e-04
9.149923862423747778e-04
8.467912266496568918e-04
8.078000828390941024e-04
8.426049025729298592e-04
8.676871220814064145e-04
8.041041000979021192e-04
7.683442090637981892e-04
9.018746059155091643e-04
8.290216937894001603e-04
8.788567502051591873e-04
8.972205687314271927e-04
8.398564241360872984e-04
8.766684768488630652e-04
7.811407704139128327e-04
8.884041453711688519e-04
8.302745773107744753e-04
9.237620397470891476e-04
8.168086496880277991e-04
8.803504169918596745e-04
8.180830918718129396e-04
7.449145196005702019e-04
7.040429918561130762e-04
9.064232144737616181e-04
8.400587612413801253e-04
8.161592704709619284e-04
8.673645788803696632e-04
8.661987085361033678e-04
8.823413227219134569e-04
7.975471526151522994e-04
8.662090258440002799e-04
7.367733487626537681e-04
7.906582031864672899e-04
8.552018261980265379e-04
8.549587510060518980e-04
8.657154394313693047e-04
5.940647170064039528e-04
8.064940338954329491e-04
8.486943988827988505e-04
8.140444842865690589e-04
7.639100804226472974e-04
8.878668595571070910e-04
8.784901874605566263e-04
8.811312873149290681e-04
8.297627646243199706e-04
7.043255609460175037e-04
8.745946543058380485e-04
9.281801321776583791e-04
7.120553491404280066e-04
8.394875621888786554e-04
9.042333113029599190e-04
7.079240895109251142e-04
7.405491269310005009e-04
8.716544980416074395e-04
7.641587144462391734e-04
8.772871515247970819e-04
8.709735047887079418e-04
8.398218051297590137e-04
8.055355137912556529e-04
8.798772032605484128e-04
8.087437308859080076e-04
8.730428526178002357e-04
8.079915714915841818e-04
8.562962320866063237e-04
8.822266536299139261e-04
7.689321937505155802e-04
8.804010431049391627e-04
8.268610690720379353e-04
7.519315258832648396e-04
8.591268415329977870e-04
8.326101960847154260e-04
9.171736019197851419e-04
8.425423875451087952e-04
7.935768662719056010e-04
8.289703837363049388e-04
8.536017412552610040e-04
8.840582304401323199e-04
7.273339870152994990e-04
8.663581102155148983e-04
8.290862460853531957e-04
8.913163765100762248e-04
7.847311935620382428e-04
7.444368384312838316e-04
8.276686421595513821e-04
9.036711999215185642e-04
6.899707223055884242e-04
7.266759494086727500e-04
7.818951708031818271e-04
9.132872219197452068e-04
8.450844179606065154e-04
8.807520061964169145e-04
8.603581518400460482e-04
7.860586047172546387e-04
8.345232781721279025e-04
8.922800043364986777e-04
7.775019039399921894e-04
6.508806691272184253e-04
7.380553142866119742e-04
8.015362109290435910e-04
8.311181591125205159e-04
7.911047287052497268e-04
8.715132280485704541e-04
8.289033794426359236e-04
8.164622995536774397e-04
7.953553576953709126e-04
8.592277881689369678e-04
8.895507926354184747e-04
8.657950093038380146e-04
7.915945025160908699e-04
7.689749036217108369e-04
7.577509386464953423e-04
7.654596702195703983e-04
7.983279720065183938e-04
8.355805839528329670e-04
8.939817344071343541e-04
8.557284600101411343e-04
7.557040662504732609e-04
7.046567479846999049e-04
7.903956502559594810e-04
8.492251508869230747e-04
8.260866743512451649e-04
8.074344659689813852e-04
8.394057076657190919e-04
8.129668131005018950e-04
8.151677902787923813e-04
8.484269201289862394e-04
8.369126735487952828e-04
8.644169865874573588e-04
7.628916500834748149e-04
8.373152668355032802e-04
7.073322703945450485e-04
8.412046590819954872e-04
8.230524545069783926e-04
8.857672364683821797e-04
7.616543007316067815e-04
7.577760552521795034e-04
8.160381694324314594e-04
8.591526857344433665e-04
7.867660460760816932e-04
7.242674910230562091e-04
8.167354390025138855e-04
8.740734483581036329e-04
8.091182826319709420e-04
8.410396403633058071e-04
8.010950041352771223e-04
7.863363862270489335e-04
8.538670663256198168e-04
7.583214464830234647e-04
7.812197873136028647e-04
8.362533117178827524e-04
7.892784051364287734e-04
8.593251404818147421e-04
8.735319861443713307e-04
8.995379757834598422e-04
6.261260568862780929e-04
7.796934078214690089e-04
8.724342624191194773e-04
7.917425682535395026e-04
7.781157619319856167e-04
7.578620425192639232e-04
8.238145965151488781e-04
8.176510455086827278e-04
8.658475999254733324e-04
9.074982372112572193e-04
7.496556791011244059e-04
8.398665813729166985e-04
8.007480937521904707e-04
8.298810862470418215e-04
8.671592950122430921e-04
8.098349353531375527e-04
8.498002716805785894e-04
7.875641167629510164e-04
8.024621783988550305e-04
8.962610154412686825e-04
8.171391382347792387e-04
7.352824759436771274e-04
8.468118758173659444e-04
7.829862879589200020e-04
8.111624483717605472e-04
7.987102726474404335e-04
8.094508521026000381e-04
8.124547894112765789e-04
7.683129661018028855e-04
7.824073327356018126e-04
8.897090156096965075e-04
8.323383663082495332e-04
8.329464035341516137e-04
8.268370002042502165e-04
7.381899340543895960e-04
6.780520488973706961e-04
6.178768962854519486e-04
7.738909407635219395e-04
8.468935702694579959e-04
8.778056362643837929e-04
8.632026292616501451e-04
8.672322001075372100e-04
7.263948864419944584e-04
7.995477790245786309e-04
8.659660816192626953e-04
7.485675596399232745e-04
6.564099458046257496e-04
8.565182215534150600e-04
8.079186809482052922e-04
7.502950757043436170e-04
8.680479950271546841e-04
8.680370810907334089e-04
8.261191542260348797e-04
7.940473878988996148e-04
8.352054137503728271e-04
7.871197813074104488e-04
8.609183132648468018e-04
7.926111647975631058e-04
7.833689160179346800e-04
8.382467058254405856e-04
7.576194038847461343e-04
8.407173882005736232e-04
8.943780849222093821e-04
7.988070137798786163e-04
8.119396516121923923e-04
7.264809974003583193e-04
7.211061674752272666e-04
7.933981250971555710e-04
6.686542037641629577e-04
7.910882559372112155e-04
7.374986889772117138e-04
7.519126083934679627e-04
7.737682753941044211e-04
8.067292874329723418e-04
7.845773216104134917e-04
8.000249072210863233e-04
7.715159881627187133e-04
8.461955876555293798e-04
8.107301109703257680e-04
7.990882877493277192e-04
7.372458203462883830e-04
8.005358395166695118e-04
7.243901345646008849e-04
8.723403589101508260e-04
7.312006928259506822e-04
7.654477958567440510e-04
8.335090096807107329e-04
7.723637390881776810e-04
7.543631363660097122e-04
8.007201686268672347e-04
6.795559602323919535e-04
6.068450384191237390e-04
8.570062927901744843e-04
8.389089780393987894e-04
8.625708287581801414e-04
7.218222308438271284e-04
8.277274464489892125e-04
7.975145053933374584e-04
7.215013320092111826e-04
8.281321497634053230e-04
7.938577327877283096e-04
8.236734647653065622e-04
8.235472341766580939e-04
7.346639176830649376e-04
8.601167355664074421e-04
8.036084036575630307e-04
8.981952414615079761e-04
7.466263778042048216e-04
8.831280574668198824e-04
8.244680211646482348e-04
8.912707126000896096e-04
7.374721899395808578e-04
7.745648908894509077e-04
8.552804938517510891e-04
7.469178526662290096e-04
8.395625918637961149e-04
8.808388374745845795e-04
6.780262920074164867e-04
7.228118411148898304e-04
7.396809378406032920e-04
8.191486995201557875e-04
7.549612346338108182e-04
7.376209541689604521e-04
8.760904893279075623e-04
7.982615716173313558e-04
7.317675772355869412e-04
7.540547958342358470e-04
8.702868653926998377e-04
8.182315068552270532e-04
8.179300348274409771e-04
8.793401648290455341e-04
7.759336876915767789e-04
8.726149972062557936e-04
8.682499028509482741e-04
8.059296742430888116e-04
7.890274646342732012e-04
7.357958093052729964e-04
6.937048310646787286e-04
8.115568489301949739e-04
7.251979477587155998e-04
7.521874213125556707e-04
7.931375439511612058e-04
8.115575328702107072e-04
8.692375995451584458e-04
8.695087017258629203e-04
5.906554724788293242e-04
7.272411603480577469e-04
7.383755728369578719e-04
7.398679153993725777e-04
6.354737561196088791e-04
6.978694655117578804e-04
8.528928883606567979e-04
7.114770851330831647e-04
8.456690266029909253e-04
8.373406526516191661e-04
8.030901808524504304e-04
8.556590109947137535e-04
7.916458198451437056e-04
7.056142712826840580e-04
6.749506283085793257e-04
8.086879097390919924e-04
8.025784482015296817e-04
7.825401407899335027e-04
7.636390364496037364e-04
8.829188882373273373e-04
8.275662548840045929e-04
8.574912208132445812e-04
7.684287702431902289e-04
8.220738818636164069e-04
7.999559456948190928e-04
8.089828843367286026e-04
8.037926745600998402e-04
8.675847784616053104e-04
8.405250846408307552e-04
7.749216747470200062e-04
8.438085351372137666e-04
8.452154943370260298e-04
7.857493037590757012e-04
7.401824695989489555e-04
8.081949490588158369e-04
7.429558609146624804e-04
7.443212452926672995e-04
8.596918632974848151e-04
8.358569612028077245e-04
8.069309988059103489e-04
7.494160599890165031e-04
7.940212817629799247e-04
7.992717874003574252e-04
7.479467894881963730e-04
7.570888410555198789e-04
7.160027744248509407e-04
8.133554511005058885e-04
7.659642142243683338e-04
8.707401138963177800e-04
7.418347959173843265e-04
7.945570541778579354e-04
8.480461838189512491e-04
7.519327846239320934e-04
8.717123855603858829e-04
8.253030391642823815e-04
8.509503677487373352e-04
7.663195428904145956e-04
7.040667260298505425e-04
8.381740190088748932e-04
8.233089174609631300e-04
8.255672946688719094e-04
7.073119413689710200e-04
6.136993033578619361e-04
7.820049213478341699e-04
6.936508289072662592e-04
7.877376629039645195e-04
7.745909824734553695e-04
8.312607533298432827e-04
8.576944528613239527e-04
7.471823628293350339e-04
8.230356907006353140e-04
7.757171406410634518e-04
7.486015383619815111e-04
7.600730314152315259e-04
7.863910141168162227e-04
8.097422251012176275e-04
7.018554679234512150e-04
8.022335387067869306e-04
8.450816822005435824e-04
7.406484219245612621e-04
8.209393126890063286e-04
8.410211303271353245e-04
8.120717684505507350e-04
7.625782745890319347e-04
8.793968445388600230e-04
8.590576908318325877e-04
8.483047276968136430e-04
8.312753925565630198e-04
6.592801655642688274e-04
8.350613934453576803e-04
8.242599578807130456e-04
6.132996859378181398e-04
8.266674849437549710e-04
7.533209281973540783e-04
6.617355393245816231e-04
7.735911785857751966e-04
8.031905454117804766e-04
8.269846002804115415e-04
8.165530452970415354e-04
7.518841157434508204e-04
8.383357489947229624e-04
7.291663787327706814e-04
7.735202379990369081e-04
8.393606694880872965e-04
8.200453012250363827e-04
6.495065899798646569e-04
8.518035174347460270e-04
7.870232220739126205e-04
7.590580935357138515e-04
8.514927758369594812e-04
7.767795614199712873e-04
6.862161899334751070e-04
6.926725473022088408e-04
8.369284332729876041e-04
8.106729655992239714e-04
7.731115911155939102e-04
7.214581564767286181e-04
8.109497284749522805e-04
7.281571161001920700e-04
7.738460262771695852e-04
8.245600911322981119e-04
8.926750888349488378e-04
7.976648630574345589e-04
8.032516852836124599e-04
8.109924383461475372e-04
8.016360516194254160e-04
7.446129093295894563e-04
7.667198442504741251e-04
7.292297814274206758e-04
8.145968895405530930e-04
7.564481929875910282e-04
7.425631847581826150e-04
6.711125606670975685e-04
7.749443757347762585e-04
8.284813084173947573e-04
8.672227268107235432e-04
7.471492717741057277e-04
8.612739911768585443e-04
6.987112501519732177e-04
7.317313065868802369e-04
7.279264536919072270e-04
8.156261174008250237e-04
7.528259739046916366e-04
7.497127080569043756e-04
7.207440212368965149e-04
7.428205572068691254e-04
7.919619383756071329e-04
7.366506542894057930e-04
7.013736176304519176e-04
7.280237769009545445e-04
7.765187183395028114e-04
7.978505818755365908e-04
7.588425578433088958e-04
7.068210179568268359e-04
8.382724045077338815e-04
8.740937919355928898e-04
7.157769869081676006e-04
7.521708030253648758e-04
8.161130535881966352e-04
7.894883310655131936e-04
6.425928731914609671e-04
8.749787521082907915e-04
8.258125453721731901e-04
8.318727486766874790e-04
8.064911962719634175e-04
8.221594762289896607e-04
7.573578332085162401e-04
8.145914180204272270e-04
6.997712043812498450e-04
8.471874170936644077e-04
7.621805125381797552e-04
7.947842968860641122e-04
8.274889405583962798e-04
8.603632595622912049e-04
8.216213755076751113e-04
8.033446065383031964e-04
7.924078381620347500e-04
7.629056344740092754e-04
8.027907970244996250e-04
7.853016577428206801e-04
8.200405718525871634e-04
6.985038635320961475e-04
8.091005729511380196e-04
8.093367650872096419e-04
7.459181942977011204e-04
8.532362408004701138e-04
8.214762201532721519e-04
8.270427351817488670e-04
7.865084116929210722e-04
8.152999653248116374e-04
8.184409671230241656e-04
8.426685963058844209e-04
8.540901180822402239e-04
6.491375825135037303e-04
6.878938438603654504e-04
7.890913911978714168e-04
7.145906420191749930e-04
7.607259030919522047e-04
6.968875677557662129e-04
8.239969756687059999e-04
7.978791691130027175e-04
8.449734596069902182e-04
8.246527286246418953e-04
8.166045299731194973e-04
8.412505849264562130e-04
7.884975639171898365e-04
8.298520551761612296e-04
8.192509121727198362e-04
8.259648457169532776e-04
8.207056671380996704e-04
8.321213972521945834e-04
7.610212924191728234e-04
8.110935596050694585e-04
6.990396068431437016e-04
8.098267426248639822e-04
6.916988786542788148e-04
7.225830049719661474e-04
7.155023486120626330e-04
8.278072637040168047e-04
8.417570206802338362e-04
7.603148842463269830e-04
6.984622159507125616e-04
7.417883025482296944e-04
8.298471511807292700e-04
7.919148774817585945e-04
7.403022173093631864e-04
8.236478024628013372e-04
7.724493552814237773e-04
6.813170184614136815e-04
7.738289132248610258e-04
7.430910845869220793e-04
7.324533362407237291e-04
7.467674440704286098e-04
6.807604368077591062e-04
7.366345089394599199e-04
7.409403769997879863e-04
8.185251790564507246e-04
7.430875702993944287e-04
7.705096068093553185e-04
7.515555480495095253e-04
7.439230685122311115e-04
7.839296013116836548e-04
6.646246183663606644e-04
7.607912411913275719e-04
8.021307294256985188e-04
7.430036930600181222e-04
7.204572757473215461e-04
8.100349950836971402e-04
8.218550647143274546e-04
7.850178953958675265e-04
6.827801917097531259e-04
8.392265881411731243e-04
7.989011210156604648e-04
8.447397121926769614e-04
8.572306105634197593e-04
8.315973245771601796e-04
6.966562359593808651e-04
7.696624525124207139e-04
7.060801872285082936e-04
7.729860371910035610e-04
7.756768172839656472e-04
7.249925984069705009e-04
7.560568774351850152e-04
7.338527502724900842e-04
8.173678506864234805e-04
7.822883853805251420e-04
8.000119705684483051e-04
6.428373744711279869e-04
8.056990627665072680e-04
7.365706842392683029e-04
8.221595198847353458e-04
7.996958738658577204e-04
7.609960302943363786e-04
8.470853790640830994e-04
7.508940470870584249e-04
6.739323143847286701e-04
6.979823374422267079e-04
7.903719670139253139e-04
7.327228668145835400e-04
7.831920374883338809e-04
7.217437814688310027e-04
8.301189809571951628e-04
7.497787009924650192e-04
6.910480660735629499e-04
6.574589351657778025e-04
7.228507747640833259e-04
7.523931708419695497e-04
7.935494650155305862e-04
7.965015684021636844e-04
7.862364145694300532e-04
7.469516713172197342e-04
7.062298682285472751e-04
7.008467655396088958e-04
7.509248680435121059e-04
8.243736956501379609e-04
7.110929145710542798e-04
7.574555493192747235e-04
7.165631395764648914e-04
7.196928199846297503e-04
8.389913127757608891e-04
8.655347919557243586e-04
7.304052705876529217e-04
7.566682033939287066e-04
8.450906170764937997e-04
7.346696802414953709e-04
7.204127032309770584e-04
8.017127693165093660e-04
7.493196026189252734e-04
7.247363973874598742e-04
8.036218496272340417e-04
7.603681369801051915e-04
8.270719263236969709e-04
6.794892324251122773e-04
8.175246621249243617e-04
7.993467006599530578e-04
7.719107088632881641e-04
7.750043441774323583e-04
8.321547793457284570e-04
8.141810249071568251e-04
8.313374855788424611e-04
7.265382882906123996e-04
8.377961930818855762e-04
8.249865495599806309e-04
6.536126165883615613e-04
7.436471933033317327e-04
7.511500443797558546e-04
7.437205349560827017e-04
7.876337040215730667e-04
8.355420286534354091e-04
7.573551411041989923e-04
8.320208435179665685e-04
7.565603082184679806e-04
7.735725230304524302e-04
8.116718527162447572e-04
7.781855383655056357e-04
7.829964379197917879e-04
8.139030978782102466e-04
7.575019990326836705e-04
7.680924318265169859e-04
8.063058194238692522e-04
7.603535050293430686e-04
8.152282389346510172e-04
7.196573278633877635e-04
7.769744115648791194e-04
7.502067746827378869e-04
7.596637005917727947e-04
7.501649015466682613e-04
8.276535663753747940e-04
8.489350439049303532e-04
8.105187152978032827e-04
8.299102191813290119e-04
8.345722599187865853e-04
7.914455345598980784e-04
8.087583264568820596e-04
8.129990019369870424e-04
7.497657788917422295e-04
7.259250560309737921e-04
7.935498288134112954e-04
7.670969062019139528e-04
6.649158167419955134e-04
7.539195648860186338e-04
7.903639489086344838e-04
5.956148525001481175e-04
7.542848179582506418e-04
7.336634880630299449e-04
8.057238010223954916e-04
7.168414958869107068e-04
6.997852324275299907e-04
7.587226282339543104e-04
8.008598379092290998e-04
8.148470733431167901e-04
7.978608191478997469e-04
8.066370210144668818e-04
7.789242226863279939e-04
7.900110940681770444e-04
6.810764461988583207e-04
7.694436353631317616e-04
7.963426032802090049e-04
6.539564928971230984e-04
7.433206919813528657e-04
7.372577601927332580e-04
7.870024419389665127e-04
7.448895048582926393e-04
7.859331672079861164e-04
7.837466982891783118e-04
8.033407793845981359e-04
7.599221717100590467e-04
7.513241871492937207e-04
7.777872815495356917e-04
7.211875636130571365e-04
7.241520943352952600e-04
8.124494997900910676e-04
7.301350124180316925e-04
8.289179968414828181e-04
7.568281580461189151e-04
7.923580124042928219e-04
6.741618417436257005e-04
8.183305471902713180e-04
8.092934585874900222e-04
7.673722720937803388e-04
7.696298707742244005e-04
8.524039585608989000e-04
7.020112971076741815e-04
7.260940474225208163e-04
7.014252478256821632e-04
7.835989235900342464e-04
7.554031180916354060e-04
7.264962550834752619e-04
8.145600440911948681e-04
7.519543505623005331e-04
7.004539365880191326e-04
6.756642324035055935e-04
8.044605201575905085e-04
7.340469164773821831e-04
7.241420244099572301e-04
8.072946657193824649e-04
8.189018262783065438e-04
7.717060943832620978e-04
7.404170173685997725e-04
7.463467482011765242e-04
8.445615530945360661e-04
8.227204598370008171e-04
8.307017851620912552e-04
6.969459500396624207e-04
7.468581607099622488e-04
7.488698465749621391e-04
8.120891943690367043e-04
6.559295725310221314e-04
8.150050416588783264e-04
7.481895008822903037e-04
8.254869098891504109e-04
7.517099293181672692e-04
7.128952565835788846e-04
6.595544109586626291e-04
7.540187652921304107e-04
6.801992130931466818e-04
8.385522960452362895e-04
8.123473526211455464e-04
6.930215167813003063e-04
7.894380032666958869e-04
8.383311942452564836e-04
7.568394357804208994e-04
7.666783494642004371e-04
7.094217289704829454e-04
7.551692106062546372e-04
6.771657135686837137e-04
7.071866202750243247e-04
8.271362021332606673e-04
7.297043630387634039e-04
7.259231933858245611e-04
7.268433910212479532e-04
7.502242224290966988e-04
7.246867462527006865e-04
7.181646360550075769e-04
8.150835492415353656e-04
8.070346229942515492e-04
7.292431691894307733e-04
7.874747607274912298e-04
7.476247265003621578e-04
7.910097046988084912e-04
7.996422064024955034e-04
7.925025711301714182e-04
6.081158644519746304e-04
8.044377173064276576e-04
7.715657120570540428e-04
6.580745830433443189e-04
6.622025393880903721e-04
7.112537132343277335e-04
7.418699387926608324e-04
8.132738003041595221e-04
7.646612793905660510e-04
7.971064187586307526e-04
6.897672137711197138e-04
7.464190857717767358e-04
7.432459533447399735e-04
8.010292222024872899e-04
6.879016582388430834e-04
5.910284889978356659e-04
8.233150438172742724e-04
7.586909268866293132e-04
7.842912091291509569e-04
8.235170680563896894e-04
7.235005905386060476e-04
8.103659783955663443e-04
6.649209244642406702e-04
7.802000618539750576e-04
8.147087937686592340e-04
8.016011415747925639e-04
7.627315208083018661e-04
7.370076054940000176e-04
7.991279126144945621e-04
7.174313359428197145e-04
8.362157241208478808e-04
7.433425635099411011e-04
7.600946119055151939e-04
7.162043766584247351e-04
7.124915427993983030e-04
7.875620358390733600e-04
7.353355540544725955e-04
8.218042494263499975e-04
7.714102248428389430e-04
7.489232230000197887e-04
8.293692662846297026e-04
8.084971632342785597e-04
7.819381862645968795e-04
6.989547691773623228e-04
8.063795394264161587e-04
8.052858829614706337e-04
7.437090389430522919e-04
7.424314317177049816e-04
7.832150295143947005e-04
7.317569325095973909e-04
7.085499819368124008e-04
7.733341190032660961e-04
7.551373419119045138e-04
6.846528995083644986e-04
7.839474346837960184e-04
7.914225279819220304e-04
7.344168116105720401e-04
7.936233014333993196e-04
7.404998614219948649e-04
8.121697901515290141e-04
5.686539370799437165e-04
7.505514440708793700e-04
6.473826360888779163e-04
7.411291444441303611e-04
8.152018708642572165e-04
8.138185221469029784e-04
5.913203349336981773e-04
7.144709234125912189e-04
7.975651242304593325e-04
7.569156587123870850e-04
7.842685590730980039e-04
7.203698914963752031e-04
7.674219086766242981e-04
7.539741563959978521e-04
7.018909818725660443e-04
7.184395944932475686e-04
6.878753629280254245e-04
7.837648445274680853e-04
