1.906585963368415904e+00
1.603229372799396479e+00
1.514202797412872226e+00
1.458080593049526197e+00
1.420886784493923249e+00
1.393373206555843291e+00
1.366570518016815283e+00
1.343490768074989239e+00
1.331199035644531348e+00
1.309412892460823041e+00
1.297851836681366056e+00
1.283522273898124677e+00
1.274608276784420013e+00
1.264382066130638194e+00
1.248846835196018246e+00
1.242780729830265107e+00
1.234191161394119218e+00
1.224290917515754806e+00
1.214356305003166270e+00
1.204892902523279297e+00
1.203312641084194112e+00
1.194215982854366365e+00
1.184371138215065011e+00
1.179499868005514207e+00
1.171908312290906862e+00
1.168196083605289370e+00
1.164694561809301421e+00
1.156232795715331996e+00
1.156745823919773208e+00
1.147206607162952530e+00
1.139943084269761986e+00
1.139788772165775343e+00
1.138782889395952180e+00
1.132328946292400440e+00
1.127389021962881044e+00
1.122982145249843633e+00
1.120522848218679535e+00
1.115661723017692619e+00
1.118240471929311752e+00
1.110149745941162003e+00
1.110036137849092386e+00
1.108650729954242742e+00
1.105024812817573476e+00
1.101002191603183800e+00
1.100806235969066682e+00
1.097657645940780746e+00
1.091858089566230872e+00
1.092288540601730418e+00
1.092460524439811786e+00
1.087598547190427700e+00
1.084259790927171618e+00
1.078955437541007978e+00
1.083120697438716862e+00
1.082394477277994094e+00
1.077432657927274606e+00
1.075245199352502734e+00
1.071364424824714723e+00
1.069108055084943665e+00
1.068983200043439830e+00
1.071230855286121386e+00
1.066206200718879726e+00
1.064607996046543104e+00
1.065158962011337307e+00
1.065224162340164149e+00
1.058677012622356362e+00
1.057817602604627538e+00
1.059887047708034435e+00
1.058601984530687323e+00
1.060070087313651932e+00
1.052967262715101215e+00
1.056689822077751195e+00
1.049171712994575456e+00
1.054046555310487854e+00
1.049477515071630451e+00
1.048668715208768809e+00
1.050758739560842425e+00
1.045404818207025466e+00
1.046846233308315277e+00
1.045103178620338413e+00
1.044085999578237445e+00
1.042587672919034869e+00
1.043115259408950779e+00
1.040446242392063070e+00
1.040114493817090979e+00
1.040126291662454516e+00
1.038570971935987464e+00
1.035755304396152487e+00
1.040557859987020439e+00
1.033719238638877824e+00
1.036852244585752425e+00
1.035892843008041408e+00
1.030160834491252952e+00
1.030764431208372134e+00
1.030931980907916934e+00
1.031388703733682632e+00
1.028032775968313217e+00
1.028784081637859282e+00
1.028413744568824839e+00
1.026809242218732932e+00
1.024182852506637653e+00
1.025093166232108999e+00
1.025190401375293714e+00
1.026323612630367199e+00
1.027958957701921472e+00
1.023563552498817364e+00
1.023573236465454173e+00
1.022737802416086250e+00
1.019727245718240694e+00
1.017768072038888860e+00
1.017462343871593511e+00
1.018327488005161374e+00
1.016493567377328766e+00
1.019767864644527400e+00
1.016273848414421144e+00
1.014865444153547180e+00
1.013552438914775866e+00
1.008956617414951351e+00
1.020103642493486396e+00
1.013534615635871994e+00
1.013853392153978294e+00
1.013026621639728564e+00
1.009712992757558769e+00
1.011011475473642340e+00
1.010007487386465064e+00
1.009389036744833046e+00
1.009613931924104646e+00
1.009443486481905072e+00
1.007818735837936464e+00
1.006778220236301369e+00
1.006226876676082682e+00
1.003485568463802435e+00
1.002641141265630642e+00
1.008531866371631613e+00
1.005472419410943896e+00
1.006168160289526048e+00
1.001435695290565420e+00
1.006556342542171523e+00
1.004951809942722374e+00
1.003880378752946889e+00
1.001730632483959216e+00
1.002515168935060430e+00
1.006964546889066670e+00
1.002481170594692328e+00
1.000753073245286950e+00
1.002353495508432335e+00
1.000939906388521150e+00
1.000699377208948082e+00
9.955235634744167283e-01
1.003001575320959127e+00
9.994380797445774345e-01
9.942623676359653162e-01
9.956566700339317677e-01
9.945290775597095401e-01
9.972637397050857500e-01
9.940496143698692721e-01
9.965586037933826802e-01
9.948154613375663757e-01
9.973186489939689370e-01
9.970663429796695620e-01
9.953282901644706637e-01
9.958937183022499307e-01
9.970583154261112302e-01
9.931731075048446655e-01
9.955079531669617232e-01
9.900648611783980924e-01
9.897318567335605666e-01
9.954812495410442219e-01
9.907773603498936099e-01
9.900404006242752297e-01
9.886376117169857203e-01
9.897089159488677845e-01
9.903764353692531275e-01
9.946328674256801339e-01
9.926066718995570914e-01
9.906329002976417275e-01
9.895623643696308536e-01
9.874466367065906081e-01
9.879149545729160042e-01
9.864293262362480164e-01
9.885782685875892373e-01
9.866543340682983887e-01
9.878810235857963251e-01
9.875091165304183960e-01
9.859439885616302357e-01
9.834509605169295954e-01
9.862167738378048165e-01
9.859049937129020780e-01
9.862908110022544639e-01
9.800559538602828802e-01
9.850734399259090113e-01
9.852003955841064364e-01
9.847057893872260825e-01
9.838402871787548243e-01
9.829637648165225894e-01
9.829976131021976871e-01
9.825327283143997503e-01
9.844010008871555417e-01
9.829733353853226108e-01
9.801201739907264843e-01
9.824964337050914320e-01
9.815610535442829132e-01
9.815041643381118286e-01
9.811777369678020833e-01
9.799754950404166998e-01
9.834416462481021526e-01
9.804084259271621526e-01
9.792719177901745287e-01
9.754197229444980799e-01
9.785021048784255937e-01
9.808517912030220165e-01
9.808002799749374612e-01
9.775843344628810661e-01
9.778856250643730430e-01
9.747380983829497803e-01
9.775160634517670033e-01
9.819101086258887889e-01
9.795721413195133120e-01
9.745263886451721591e-01
9.792024697363376218e-01
9.764332047104835599e-01
9.755598643422126459e-01
9.775132609903812719e-01
9.723610778152942391e-01
9.763922312855720653e-01
9.770644076168537584e-01
9.778382286429405656e-01
9.746481376886367842e-01
9.742650961875916060e-01
9.757088202238083374e-01
9.740835130214691162e-01
9.718761496245861276e-01
9.766938170790672169e-01
9.749803499877452984e-01
9.726567934453487219e-01
9.729234765470028412e-01
9.705935198068619263e-01
9.716607338190078602e-01
9.708970437943935661e-01
9.701714703440665888e-01
9.727928331494331005e-01
9.680505114793777066e-01
9.691648501157760220e-01
9.701542317867278831e-01
9.722240689396858260e-01
9.723175020515918421e-01
9.677782814204692885e-01
9.715822225809097601e-01
9.690705154836177782e-01
9.700222632288932889e-01
9.670555184781551850e-01
9.718164853751659615e-01
9.679720397293567480e-01
9.714984939992428181e-01
9.681216268241406020e-01
9.713348202407360299e-01
9.671055383980273756e-01
9.671471183001995042e-01
9.697873064875602855e-01
9.663310980796814276e-01
9.688831061124801858e-01
9.686180230975151018e-01
9.672500945627688917e-01
9.698985093832015458e-01
9.658073419332504628e-01
9.676875336468220290e-01
9.677231103181839211e-01
9.653964106738567308e-01
9.652894203364849046e-01
9.640337117016315460e-01
9.662449528276920718e-01
9.659623111784457761e-01
9.636767949163913549e-01
9.649959065020083937e-01
9.627536144852638644e-01
9.645102983713149669e-01
9.641315133869647891e-01
9.607629837095736924e-01
9.642941439151764271e-01
9.630357903242111606e-01
9.679472278058528500e-01
9.634704160690307218e-01
9.654314281046390001e-01
9.633439248800277355e-01
9.639522503316402258e-01
9.649338778853416843e-01
9.646071355044841811e-01
9.641309332847595170e-01
9.588513675332069885e-01
9.613040675222873643e-01
9.589156010746955339e-01
9.632069778442382546e-01
9.641702243685722484e-01
9.598527355492114665e-01
