1.737789733335375897e-01
1.455203413963317982e-01
1.316335739754140310e-01
1.223870307020843012e-01
1.164058755524456507e-01
1.131883422285318436e-01
1.081695280782878354e-01
1.065167210809886411e-01
1.025458273664116848e-01
1.008914811350405255e-01
9.904183868318795769e-02
9.692638188600539995e-02
9.534953659400344228e-02
9.526786264032124918e-02
9.294138090685009901e-02
9.190463187173009141e-02
9.130354002118110102e-02
9.044503945857286509e-02
8.946479903534054756e-02
8.824525540694594383e-02
8.789750097319483368e-02
8.754944184795021567e-02
8.666256342083215880e-02
8.594472797587514312e-02
8.484188413247466254e-02
8.497323954477906116e-02
8.412129539996385241e-02
8.359443385154008421e-02
8.298782087862491275e-02
8.293010161258279611e-02
8.226646265015005732e-02
8.188774229027330487e-02
8.162833569571376069e-02
8.159072657115756799e-02
8.098781605251133275e-02
8.083440588787198233e-02
8.083178239874541648e-02
7.985848757438361589e-02
7.973662742413580029e-02
7.944117210805416718e-02
7.910193563438952524e-02
7.885451116599143107e-02
7.875314087606966051e-02
7.871094569563866217e-02
7.811301401816309053e-02
7.784268029965460411e-02
7.757279767654835789e-02
7.746095557697117717e-02
7.735325786285102145e-02
7.705039797350764219e-02
7.718438461422920394e-02
7.661165665835141525e-02
7.680882473476230432e-02
7.604884943924844487e-02
7.654339544475079193e-02
7.560984175652266104e-02
7.556064944714308007e-02
7.564541082829237539e-02
7.516934024170041084e-02
7.543050097301602641e-02
7.488246879540383372e-02
7.473436800763011423e-02
7.490435406565666698e-02
7.457052203826605719e-02
7.462458881549537126e-02
7.424163317307830301e-02
7.418669195845722930e-02
7.416769736446440775e-02
7.379206899553537868e-02
7.363113889470696005e-02
7.399505075998603909e-02
7.351474385708570147e-02
7.354830554686486721e-02
7.339068975299596620e-02
7.314519922249018702e-02
7.336426963098346965e-02
7.286503407172859048e-02
7.287398934364318348e-02
7.264697350561619138e-02
7.292072676122188235e-02
7.239340906031430101e-02
7.238474867306649019e-02
7.213666046038269553e-02
7.218938929960132256e-02
7.179441062733531165e-02
7.229022015817462843e-02
7.207285781390965207e-02
7.169149345718324462e-02
7.209105633199214269e-02
7.178982038050890635e-02
7.183243019506335703e-02
7.140750530175864197e-02
7.141816657967865745e-02
7.162428980693220926e-02
7.137745025567709956e-02
7.134747487492859586e-02
7.107627693563699223e-02
7.128620007075368858e-02
7.107576696202158595e-02
7.117677925154566876e-02
7.056192661635578289e-02
7.090273918583989143e-02
7.074679717421532288e-02
7.055362395942210707e-02
7.020380182191729435e-02
7.021164993755518724e-02
7.033299477770924013e-02
7.029879391193390170e-02
7.013197120279074381e-02
7.022013789974153319e-02
7.007046599872410186e-02
7.049305705353617335e-02
6.985465519130229506e-02
6.971100029535591547e-02
6.961013534106313960e-02
6.942215126939117742e-02
6.970065940171479846e-02
6.966817350126802699e-02
6.962889567948878089e-02
6.921449277549981960e-02
6.947024450637399873e-02
6.932209237478673125e-02
6.946346996352076308e-02
6.950703608803450451e-02
6.976415595971047212e-02
6.901848685927688964e-02
6.893924389034510047e-02
6.908014236949383546e-02
6.932024992071092462e-02
6.941372188739478033e-02
6.883507678285241682e-02
6.892827073112130221e-02
6.879056350328027758e-02
6.887087959796189818e-02
6.885682620108127261e-02
6.899400914087891468e-02
6.893889891915022661e-02
6.886924724094570238e-02
6.844957489520311911e-02
6.838240797631442436e-02
6.832495466805994788e-02
6.824536563828587088e-02
6.826225344091653435e-02
6.871007006615399704e-02
6.838523091748356653e-02
6.807745072990656343e-02
6.825022855773568708e-02
6.780485066585242859e-02
6.830457286909222270e-02
6.824193016625940134e-02
6.783680435270071640e-02
6.778435249812901631e-02
6.791420192457735261e-02
6.763444872573018407e-02
6.814202984794974494e-02
6.782517652958632015e-02
6.750374864786863605e-02
6.761815289035438825e-02
6.765850867144763969e-02
6.756819365546107292e-02
6.755772696807980926e-02
6.723324132151901888e-02
6.736510758288204170e-02
6.723144008778035585e-02
6.754971130751073749e-02
6.738627417013048904e-02
6.743758848868310063e-02
6.724365904927254167e-02
6.721715421415865033e-02
6.725908896885812727e-02
6.719953648746013197e-02
6.711048717610537673e-02
6.706618295051157419e-02
6.695346171967685167e-02
6.685962268151342258e-02
6.702647219412029289e-02
6.708281228318810352e-02
6.686818430200219820e-02
6.666032386012375743e-02
6.683370226994156393e-02
6.693848787806927492e-02
6.690798234194517136e-02
6.671906581148505377e-02
6.649235836230218966e-02
6.673352849669754450e-02
6.652622276917100064e-02
6.649912792257964278e-02
6.643974138423799913e-02
6.659456925466657184e-02
6.662309898063539793e-02
6.635219358839095083e-02
6.675120063126087355e-02
6.655364239588379416e-02
6.646302917972207736e-02
6.667242918163537868e-02
6.658104710280894623e-02
6.627707730047405210e-02
6.612434462644159461e-02
6.623401507735252047e-02
6.624218691140412729e-02
6.627496127970516904e-02
6.644566358998417466e-02
6.604134231805801336e-02
6.581192634999752378e-02
6.589905923232436402e-02
6.596851099282502462e-02
6.604411392472683828e-02
6.624913337640464528e-02
6.577049666084348878e-02
6.599409861490129758e-02
6.577678738161921168e-02
6.605046787299215238e-02
6.572651753202080060e-02
6.578505520708859133e-02
6.586021563038230164e-02
6.573996932245790292e-02
6.592150054872035481e-02
6.585442909039557202e-02
6.574640115723014155e-02
6.576433849520980923e-02
6.556540797464549541e-02
6.546927564777434150e-02
6.549808288924395538e-02
6.537215823307633566e-02
6.550572482869028434e-02
6.545925965532660429e-02
6.522502872161567433e-02
6.510903889313340853e-02
6.521060101687908839e-02
6.509022250771522022e-02
