2.470663649588823452e-01
1.563294075801968663e-01
1.369328860193491093e-01
1.261926229298114821e-01
1.192675467766821373e-01
1.137344552390277402e-01
1.098415545746684041e-01
1.066766439378261516e-01
1.041424809210002439e-01
1.016006848588585920e-01
9.990739637985825150e-02
9.798138244077563008e-02
9.622807223349809369e-02
9.549971671774983017e-02
9.390598809346556441e-02
9.280777031555771661e-02
9.156491518020630493e-02
9.086574021726846750e-02
9.019394816830754447e-02
8.923357486724853294e-02
8.849418709054589216e-02
8.766310691833495428e-02
8.714805716648697798e-02
8.663450971245766075e-02
8.604895384982227946e-02
8.572772111743688639e-02
8.480619592592120171e-02
8.466701580211520584e-02
8.371209330856800579e-02
8.350443307310342900e-02
8.321195023134350666e-02
8.288009699434041588e-02
8.250835848972201680e-02
8.197574056684971133e-02
8.185876851901412177e-02
8.117389731109142526e-02
8.105035958811640517e-02
8.089621070772409772e-02
8.063564378768205143e-02
8.036060176789761034e-02
8.000206980854272787e-02
7.967635454609990620e-02
7.956494376063347196e-02
7.897087400779127797e-02
7.884168243035674650e-02
7.847157336771487524e-02
7.802772693336010312e-02
7.815748048946261073e-02
7.802455984055996219e-02
7.758126346394420003e-02
7.759556457400322571e-02
7.718665199354290962e-02
7.738793035969138145e-02
7.670286802574992346e-02
7.694471463561057545e-02
7.685369083657861422e-02
7.624897196888923145e-02
7.635912442579866066e-02
7.618657143786550234e-02
7.600799234583974218e-02
7.581715609878302009e-02
7.569167973473668598e-02
7.546647211536765265e-02
7.543724352493881569e-02
7.539615191519261073e-02
7.519974382594227236e-02
7.511855941265821457e-02
7.469330057501792630e-02
7.429756162688136434e-02
7.464964803308248020e-02
7.444790141656994209e-02
7.431881170719861762e-02
7.422693515196442104e-02
7.365191200748086309e-02
7.393041156232356415e-02
7.401190774515270521e-02
7.359379572793840751e-02
7.366004388779401335e-02
7.349434491246938095e-02
7.348854271695018370e-02
7.323183024302125366e-02
7.300942344591021538e-02
7.322311712428927755e-02
7.292392008006572113e-02
7.292711477726697422e-02
7.291832793503999488e-02
7.288702892139553580e-02
7.247024919837713464e-02
7.245221488177776281e-02
7.259871061891316757e-02
7.230396537110209132e-02
7.219524350017308967e-02
7.222493682056665976e-02
7.220474960282445565e-02
7.181125901639461018e-02
7.184447363018989230e-02
7.178082704544067050e-02
7.176544247195124071e-02
7.156249174848199057e-02
7.138500237837433482e-02
7.149249643087386696e-02
7.142561413347721377e-02
7.128959281370043921e-02
7.072167010977864487e-02
7.098848324269056709e-02
7.122319972142576727e-02
7.098783419467508127e-02
7.101581877097487561e-02
7.109856963157654142e-02
7.092147568240761424e-02
7.089682109653949738e-02
7.063963385298847875e-02
7.034663926810026668e-02
7.070709323510528110e-02
7.041740458458661811e-02
7.043137630447744713e-02
7.044068605639040859e-02
7.049866211600601396e-02
7.021273579448461533e-02
7.007148995064199637e-02
7.027529872022569846e-02
7.003295412287116606e-02
7.017339368350804241e-02
6.994495726190506912e-02
6.987961457110941632e-02
7.006125749088823462e-02
7.005657575093210410e-02
6.971494848839938918e-02
6.979938712902367115e-02
7.003020459786057916e-02
6.978575971908868025e-02
6.948550327681005112e-02
6.955514597706496938e-02
6.929176650010049343e-02
6.920411209575831613e-02
6.934621371328830719e-02
6.935599204152823050e-02
6.907112944871186822e-02
6.920282457023858858e-02
6.920664814300835077e-02
6.909845526330173071e-02
6.904095696285367234e-02
6.899928924627601878e-02
6.887086952105164750e-02
6.881403848528862277e-02
6.884968754835427140e-02
6.885645112954080771e-02
6.860526469536125382e-02
6.871588867157697733e-02
6.876522434875369238e-02
6.890196071006357559e-02
6.868777316063642835e-02
6.825523096136748569e-02
6.849083099514245709e-02
6.852280177175998355e-02
6.843643114902078772e-02
6.835906660184264128e-02
6.837841087020933573e-02
6.814825328998268261e-02
6.793897123076021727e-02
6.822705594822764397e-02
6.824888303875922824e-02
6.806893136352300255e-02
6.815051917918026059e-02
6.839987009763717762e-02
6.789138508960604335e-02
6.789556738920510259e-02
6.795658461749554125e-02
6.778823970817030031e-02
6.771850695833564471e-02
6.776059946976602244e-02
6.775647092610598277e-02
6.780000236816703663e-02
6.771378074772656241e-02
6.765500165522098097e-02
6.759864689782262015e-02
6.751887898892164341e-02
6.752213048748671731e-02
6.750546088442206660e-02
6.746926159597933792e-02
6.762101132422686234e-02
6.751393980346620527e-02
6.748157121241092626e-02
6.722028873860835807e-02
6.723314337432384491e-02
6.738518092781305147e-02
6.723436811007559022e-02
6.726492168381810466e-02
6.730103770270944030e-02
6.679124377667904067e-02
6.694425143301487025e-02
6.724060654640197365e-02
6.710581759922205902e-02
6.708194772712886000e-02
6.691121793352067249e-02
6.710071577690542022e-02
6.679753093980252132e-02
6.654290280304848981e-02
6.673598683439195545e-02
6.681622416712343360e-02
6.697160027921199299e-02
6.679079556837677623e-02
6.698097441345453318e-02
6.655285241082310732e-02
6.669469624757766446e-02
6.665970116853714433e-02
6.666862963698803879e-02
6.660862300544977133e-02
6.638682753778994694e-02
6.654117298312485496e-02
6.659284904599190036e-02
6.636443233117461649e-02
6.642540874890982827e-02
6.612945305183530464e-02
6.670222711749375366e-02
6.636083569377661251e-02
6.627844111993909382e-02
6.648843033239244804e-02
6.620707293041050434e-02
6.628748819231987388e-02
6.622112519107758999e-02
6.623532356694340761e-02
6.625339000485837293e-02
6.602520749904215724e-02
6.609348773956298662e-02
6.616070244461297323e-02
6.615086238831281717e-02
6.607249502092599203e-02
6.622076871804892517e-02
6.584192225709557811e-02
