4.657878007207598148e-01
4.048567065170833312e-01
3.500160826104027900e-01
3.020968824625015481e-01
2.607226009879793360e-01
2.206012940832546843e-01
2.028724449021475640e-01
1.837636913572038844e-01
1.728986205799238896e-01
1.576576430882726532e-01
1.535876205989292753e-01
1.455030187964439503e-01
1.348927291376250115e-01
1.297507871474538610e-01
1.237338386476039831e-01
1.178173011967114103e-01
1.100553981959819794e-01
1.073834512914930012e-01
9.906198989067759031e-02
9.808213050876345152e-02
9.683397497449602875e-02
8.768650144338607788e-02
8.901612524475370491e-02
8.721565146531377877e-02
8.188367390206881258e-02
7.931424070681844518e-02
7.900039564285959992e-02
7.422914973327092436e-02
7.475999604378427699e-02
7.278716266155242642e-02
6.804753478084291096e-02
6.739817235086645320e-02
6.837359831801483045e-02
6.309192824576581593e-02
6.309532203844615827e-02
6.085073564733777668e-02
6.040173460330281602e-02
5.726348401180335335e-02
5.775209468390260503e-02
5.594575995845454258e-02
5.422035492956638059e-02
5.396514242248875992e-02
5.316142700612545152e-02
5.198890508285590462e-02
5.091011769005230475e-02
5.018257642430918458e-02
4.795238822698592862e-02
4.673281796276569644e-02
4.770035685173102530e-02
4.741486497223377367e-02
4.507994140897478297e-02
4.352534514452729986e-02
4.225119804697377579e-02
4.261769508676869350e-02
4.131622814706393393e-02
4.155296172414506967e-02
3.952106359813894326e-02
4.034317641385964243e-02
3.781756779977253624e-02
3.758914460028920518e-02
3.762318885752132663e-02
3.863033439431871885e-02
3.706593151603426034e-02
3.643847219645977159e-02
3.664471315486090425e-02
3.599118675504411891e-02
3.464295262736933473e-02
3.492465540766716281e-02
3.455416544207504798e-02
3.375150058418512067e-02
3.277395673628364509e-02
3.372697101107665490e-02
3.289010931870767207e-02
3.264296666852065792e-02
3.112144640513828803e-02
3.141087192509855325e-02
3.038148326533181287e-02
3.112281156437737492e-02
2.994211733873401379e-02
2.886119258723088624e-02
2.978514235998902873e-02
2.911201100796461175e-02
2.929661925882100920e-02
2.872764103646789288e-02
2.876243216118642282e-02
2.843579599367720631e-02
2.789264244160481743e-02
2.779006452432700516e-02
2.738100117338555101e-02
2.705231609621218392e-02
2.684193471712725473e-02
2.631937731057405402e-02
2.754959450768573043e-02
2.641099755253110623e-02
2.583852676408631560e-02
2.531729069139276173e-02
2.601449005305767059e-02
2.546046578458377452e-02
2.486377699034554578e-02
2.444101220795086293e-02
2.542498987168073654e-02
2.349404067333255366e-02
2.456483449786901405e-02
2.378260530531406403e-02
2.404117661395243147e-02
2.294202987104654312e-02
2.347355415778500792e-02
2.414709138018744303e-02
2.310937462108475851e-02
2.351644635200500488e-02
2.285237982869148254e-02
2.290400258664573863e-02
2.222225181758403709e-02
2.262111891593251989e-02
2.210914013641221074e-02
2.180225886404514243e-02
2.218828549874680284e-02
2.245314610855920004e-02
2.145840467086860062e-02
2.164348616663898731e-02
2.181228500391755795e-02
2.179502751678228517e-02
2.139692745570625707e-02
2.133928029132740878e-02
2.116839739360979605e-02
2.064197270997933029e-02
2.026573855962071971e-02
2.079862821847200394e-02
2.027515276734317973e-02
2.080023115766899827e-02
2.052527490471090649e-02
1.977521199733018806e-02
2.058760973491838980e-02
1.994954206581626630e-02
1.949188259563275696e-02
2.000544800290039726e-02
2.010315504989453744e-02
1.926963105797767709e-02
1.972776821681431272e-02
1.940422409347125621e-02
1.970633561057703875e-02
1.964497079274483970e-02
1.947412759597812529e-02
1.925851322178329800e-02
1.895033270120620797e-02
1.905528360179492564e-02
1.884464100003242423e-02
1.857469853545938229e-02
1.838240022105830027e-02
1.856849166963781689e-02
1.845160390117338636e-02
1.824581814663750814e-02
1.898983437567949156e-02
1.856014699276004390e-02
1.848363439951624179e-02
1.815821863710880349e-02
1.806848309934139252e-02
1.782533393374511124e-02
1.783958795879568224e-02
1.831985310252223775e-02
1.830806716212204574e-02
1.712593567956771298e-02
1.784595732710191063e-02
1.807847366269145842e-02
1.797933594456740947e-02
1.707139089703559737e-02
1.750424799642392656e-02
1.744613362742321663e-02
1.720652141209159589e-02
1.688545894409929082e-02
1.685278361131038044e-02
1.735176510576691075e-02
1.706623951239245179e-02
1.719269787094422630e-02
1.737059575638600847e-02
1.675493655992405656e-02
1.714720034173556826e-02
1.702013252569096330e-02
1.715213363724095441e-02
1.680249369570187279e-02
1.729900977973427081e-02
1.666651474578039957e-02
1.687109728476830772e-02
1.649585070886782148e-02
1.626514245622924515e-02
1.626298000503863597e-02
1.595881626542125509e-02
1.619514447769948573e-02
1.612633253846849565e-02
1.626648682036570259e-02
1.660240897908806662e-02
1.601718870390738889e-02
1.560490924332823097e-02
1.632250899981175021e-02
1.615041374628032808e-02
1.600574117952159592e-02
1.582545465124505016e-02
1.610708192789128690e-02
1.607655866869858383e-02
1.644486411075506832e-02
1.592343836756689168e-02
1.586904761248401213e-02
1.581578434311917830e-02
1.571486084056751900e-02
1.529260518561516465e-02
1.541212268971971049e-02
1.526457203019942512e-02
1.587759924254247140e-02
1.588555678193058138e-02
1.552210442189659416e-02
1.543880536087921702e-02
1.533840684486286951e-02
1.527053752381886745e-02
1.576542179765445806e-02
1.510176239535212551e-02
1.530925735299076308e-02
1.485815434051411532e-02
1.541830595316631518e-02
1.498201168807489561e-02
1.532519500968711722e-02
1.531348554417490994e-02
1.473079714924097061e-02
1.533649444047893717e-02
1.505208028746502814e-02
1.508308867258685050e-02
1.499583701203976299e-02
1.504757601235594093e-02
1.523339633962937818e-02
1.494176876065986433e-02
1.508499250880309533e-02
1.499470650617565348e-02
1.472526461418185995e-02
1.446117367595434189e-02
1.499945321785552121e-02
1.470965921346630359e-02
1.492114703037909079e-02
1.475059108010360123e-02
1.502237045871360026e-02
1.503959958042417298e-02
1.453577752358147131e-02
1.476256856694817612e-02
1.493439763518316331e-02
1.448611722194722770e-02
1.418792564155799997e-02
1.464715244780693745e-02
1.419132295995950699e-02
1.491373265162110329e-02
1.460239629128149558e-02
1.476157300972512874e-02
1.423141388222575257e-02
1.467588956334761260e-02
1.431278148666024173e-02
1.422257541811891915e-02
1.443021308098520541e-02
1.442145037331751464e-02
1.458202246576547657e-02
1.385234555761728943e-02
1.398650623325790703e-02
1.423560356987374140e-02
1.409561387928468836e-02
1.435759632981249180e-02
1.410091234637158263e-02
1.417846327115382388e-02
1.362344735701169311e-02
1.407016092645270444e-02
1.409120807158095560e-02
1.398096210988504506e-02
1.414986255445650591e-02
1.375397063259567454e-02
1.416170002360429142e-02
1.443554065855486013e-02
1.369653243039335548e-02
1.387814924653087319e-02
1.342208599671721424e-02
1.394628553784319283e-02
1.381346451650772821e-02
1.356755785111870075e-02
1.355832095390984045e-02
1.336866517418197273e-02
1.345435275829264150e-02
1.379854045808315277e-02
1.386164189981562746e-02
1.377203656094414842e-02
1.378175713387983121e-02
1.379764423306499219e-02
1.363407614241753281e-02
1.378113977344972742e-02
1.386467137240937793e-02
1.314135459916932272e-02
1.353182374898876522e-02
1.364164203405380214e-02
1.392729726753064515e-02
1.366415715643337810e-02
1.354197218481983413e-02
1.349641954792397437e-02
1.329004868332828854e-02
1.334465094176786291e-02
1.339151192722575975e-02
1.366033548755305090e-02
1.356631873973778400e-02
1.369034409789102354e-02
1.318367590595568954e-02
1.371977309297238087e-02
1.320323466456362234e-02
1.315176066543374822e-02
1.300024005717464841e-02
1.251389362982341207e-02
1.295601593862686848e-02
1.336909555164830961e-02
1.324632251635193825e-02
1.311788876940097118e-02
1.329833843878337231e-02
1.340409253856965528e-02
1.296504580282739280e-02
1.318896612418549337e-02
1.335437123530677436e-02
1.287251293127025797e-02
1.331781907273190367e-02
1.291562454508883573e-02
1.311641738616994499e-02
1.306943789656673204e-02
1.333077467445816303e-02
1.328616465574928608e-02
1.282251288316079568e-02
1.291026334677423774e-02
1.260075295077902995e-02
1.321564984640904820e-02
1.286265915259718860e-02
1.295978385689003191e-02
1.286753155291080544e-02
1.271226991500173237e-02
1.335508582581366836e-02
1.335715401385511626e-02
1.275206197585378350e-02
1.286898939205067573e-02
1.259861140112791822e-02
1.296586714951055395e-02
1.273744840707097779e-02
1.282575827624116670e-02
1.270519300763096188e-02
1.287124783598950911e-02
1.254791553531374275e-02
1.286236312506454371e-02
1.250550024477498946e-02
1.275877415069512008e-02
1.255856782996228778e-02
1.249482809965099528e-02
1.267760619521141052e-02
1.272066952660679852e-02
1.251806128504020892e-02
1.253901274342622031e-02
1.235322167298623548e-02
1.246214846947363460e-02
1.234827303726758300e-02
1.303602862837059152e-02
1.230065813288092579e-02
1.267495610352073476e-02
1.238859428891113910e-02
1.236002044752240216e-02
1.248601285208548843e-02
1.211096878562654792e-02
1.252930711156555535e-02
1.235020581100668147e-02
1.228037230404359879e-02
1.283557452261447837e-02
1.206727287332926522e-02
1.294332327587263860e-02
1.222119513632995667e-02
1.218927060919148576e-02
1.254716725753886319e-02
1.252066371962428162e-02
1.264307159664375402e-02
1.246979138148682394e-02
1.256666864667620002e-02
1.233319155871868099e-02
1.234152466058731010e-02
1.262082611875874581e-02
1.258625189906784417e-02
1.249529070087841524e-02
1.252958569675683906e-02
1.230761588418058036e-02
1.213972253192748332e-02
1.225754755682178891e-02
1.213199031938399543e-02
1.218318309901016139e-02
1.218788562608616628e-02
1.214632864243217827e-02
1.234430057395781780e-02
1.233965947425791181e-02
1.255906429141759838e-02
1.238385432266763363e-02
1.214996944846851411e-02
1.214235021865793691e-02
1.224844655288117277e-02
1.224145482161215388e-02
1.243506719225219263e-02
1.197775199211069570e-02
1.217370659911206840e-02
1.220343521397028626e-02
1.247380536847880923e-02
1.235223196979079972e-02
1.207153907577906277e-02
1.222606492894036390e-02
1.204557574487158216e-02
1.190967010334134137e-02
1.213959305148039521e-02
1.227370211854577134e-02
1.218846118343727865e-02
1.228925144033772565e-02
1.224715244024992059e-02
1.181596806272864307e-02
1.196391328370996834e-02
1.191560185647436501e-02
1.199483783649546789e-02
1.193616584475551412e-02
1.197091227929506993e-02
1.217707732160176574e-02
1.183562914707830989e-02
1.205774688028863478e-02
1.138604635904942250e-02
1.226934297010302474e-02
1.205688400992325354e-02
1.162336684231247280e-02
1.245820511664662983e-02
1.191894320238913799e-02
1.194864849426916648e-02
1.196401602189455654e-02
1.190052717658025838e-02
1.170827553474477339e-02
1.183094718892659450e-02
1.224941017904451930e-02
1.225784459550465812e-02
1.199942727440169929e-02
1.228766678167241000e-02
1.197368356266192112e-02
1.137720177482281353e-02
1.177637285685964944e-02
1.232988755883915148e-02
1.164822852505104957e-02
1.145262152754834666e-02
1.163473884974207222e-02
1.207062170973845910e-02
1.159656665154865790e-02
1.196399291179009797e-02
1.167746639943548562e-02
1.178138616627880456e-02
1.142081442688192700e-02
1.157804009105477955e-02
1.178221943389092148e-02
1.203696149002228544e-02
1.157731384571109544e-02
1.188011464795895970e-02
1.160086344129272924e-02
1.197126124586377766e-02
1.149256903944270887e-02
1.176566206184881044e-02
1.200737088386501575e-02
1.157610470961247147e-02
1.158540827621306647e-02
1.149547423369118131e-02
1.155767539249999247e-02
1.137033397597926078e-02
1.144837770344955645e-02
1.172289124556950141e-02
1.195372625121048603e-02
1.158839468179004469e-02
1.171020193557654153e-02
1.191950093156524983e-02
1.143845788070133734e-02
1.178532012605241347e-02
1.181643617206386103e-02
1.127767888829112053e-02
1.170526434268270161e-02
1.138329227854098513e-02
1.184626144490071725e-02
1.186131296147193218e-02
1.205983292311429977e-02
1.112795875274709238e-02
1.191971951297351312e-02
1.137227443978190353e-02
1.168853291975600374e-02
1.136659552742327883e-02
1.142405968691621518e-02
1.107294757717422126e-02
1.165031113528779659e-02
1.179213747382163932e-02
1.185593289722289279e-02
1.116004378667899595e-02
1.146232389978000046e-02
1.159649024318371545e-02
1.146570533247930589e-02
1.167045939447624268e-02
1.152427098048584841e-02
1.160711361361401427e-02
1.127966112856353988e-02
1.106088679017765142e-02
1.123152067884802818e-02
1.133693153304713049e-02
1.141922125326735697e-02
1.125640346269522404e-02
1.151273728215268695e-02
1.123425474922571873e-02
1.153230844065547024e-02
1.173058281253491070e-02
1.093186108129365168e-02
1.144937818337764084e-02
1.116201276225703073e-02
1.117772148655993628e-02
1.081649488104241205e-02
1.151666763637747108e-02
1.146364318472998557e-02
1.151472138507025553e-02
1.105286773028118195e-02
1.145916977631194177e-02
1.118281013997537814e-02
1.115768216550350189e-02
1.184144754494939611e-02
1.083687738116298482e-02
1.117408275604248047e-02
1.118959503780518269e-02
1.118079403947506642e-02
1.141909350241933525e-02
1.150471529524241254e-02
1.140109026538474284e-02
1.136064476200512527e-02
1.131026345704282988e-02
1.101832757038729606e-02
1.093479106202721596e-02
1.088926423607127977e-02
1.137010618778211760e-02
1.086716458999684859e-02
1.118976558957781101e-02
1.110165925430399957e-02
1.088795932009816239e-02
1.118238034791180051e-02
1.129299398245556078e-02
1.111811473965644906e-02
1.093832759984902057e-02
1.095847697662455725e-02
1.109379676303693177e-02
1.097797376236745240e-02
1.071517652432833409e-02
1.119024438251342048e-02
1.110339107524071361e-02
1.137540359050035442e-02
1.096901761900101469e-02
1.116676784253546086e-02
1.122518894927842202e-02
1.109097890023674239e-02
1.106101064277546786e-02
1.142425718052046679e-02
1.126621366877640987e-02
1.094988141474979339e-02
1.128008726185985959e-02
1.109049113999520039e-02
1.116009369226438584e-02
1.091689673651542042e-02
1.114545167822923039e-02
1.129111417436173999e-02
1.097187264157192983e-02
1.138875706653509796e-02
1.124937934800982441e-02
1.116771411948970331e-02
1.110689709229128672e-02
1.074737746800695157e-02
1.093799244346363268e-02
1.128012130835226619e-02
1.142083001988274636e-02
1.111086721399000797e-02
1.143004189112356746e-02
1.127773906503404949e-02
1.076817577704787185e-02
1.143583238923123920e-02
1.108240831111158634e-02
1.116356901558382235e-02
1.070810368816767395e-02
1.053788901439734783e-02
1.076125253790191291e-02
1.114398938204561040e-02
1.111741775114621390e-02
1.104656375412430003e-02
1.127785532070057703e-02
1.091599352657795022e-02
1.091833766549825738e-02
1.125354407621281458e-02
1.119610994522060587e-02
1.031355915058936382e-02
1.099617832473346116e-02
1.119041533342429555e-02
1.085568846070340647e-02
1.087681138888001511e-02
1.086601402078356086e-02
1.099804292566009846e-02
1.057280759726251899e-02
1.109381267534834993e-02
1.101157710488353397e-02
1.079422219523361835e-02
1.092952661482351172e-02
1.109709822173629568e-02
1.099706276186874880e-02
1.118774356852684712e-02
1.082073251849838616e-02
1.068683934531041574e-02
1.096355887129902770e-02
1.111042707094124331e-02
1.116349898012621022e-02
1.099587187969258868e-02
1.089257667107241569e-02
1.076785010684813693e-02
1.079518202958362413e-02
1.094944515664662658e-02
1.064955303445458412e-02
1.060281921444194628e-02
1.090627383174640717e-02
1.068319696933031117e-02
1.092181486476744880e-02
1.071239689897213708e-02
1.085035674540059912e-02
1.057064621044056726e-02
1.105925406196287680e-02
1.085177951359323108e-02
1.074701739209038900e-02
1.071926433859126879e-02
1.035905046654599093e-02
1.096347289692078258e-02
1.053042353263923016e-02
1.070724893361330032e-02
1.100045765883156217e-02
1.058887150138616493e-02
1.067424020064728675e-02
1.099755238475544177e-02
1.082224253831165148e-02
1.050376900072608720e-02
1.065423326300723138e-02
1.077662099684987759e-02
1.070891666625227272e-02
1.075925950759223579e-02
1.062144251274211096e-02
1.057607245498469982e-02
1.049307723130498554e-02
1.073913764474647425e-02
1.072062255282487178e-02
1.044028350817305731e-02
1.091497254424861514e-02
1.060884115951401911e-02
1.088631597480603681e-02
1.058773190847464921e-02
1.061817837346877395e-02
1.082888610128845443e-02
1.059997285317097401e-02
1.019930790311523831e-02
1.059128450495856223e-02
1.050759833306074212e-02
1.063669220145259560e-02
1.045665391055601058e-02
1.096905447276575254e-02
1.045342473579304564e-02
1.050091895407864045e-02
1.058064934664538874e-02
1.087574231039200451e-02
1.055442646944097090e-02
1.069105993956327369e-02
1.048566156200000238e-02
1.063082864774124968e-02
1.089145251150642167e-02
1.085703655013016238e-02
1.084809093070881678e-02
1.048111037484237076e-02
1.026393381346549227e-02
1.048239937850407172e-02
1.052687188078250263e-02
1.061864318326115678e-02
1.038396285314645111e-02
1.017213214987090601e-02
1.042340097150632264e-02
1.060626583972147478e-02
1.077455064015729082e-02
1.054322283182825351e-02
1.073288756555744634e-02
1.038902731878416953e-02
1.069081729011876238e-02
1.078861883974501119e-02
1.044256832184536042e-02
1.065675911626645482e-02
1.042314182434763217e-02
1.036803714398826931e-02
1.018190600776246700e-02
1.090937908738851513e-02
1.047893608255045725e-02
1.050303767302206669e-02
1.066897371783852647e-02
1.069459341732519053e-02
1.037842515589935434e-02
1.046555976250341906e-02
1.056306898327810488e-02
1.063102723232337357e-02
1.045062219990151343e-02
1.031484719631927359e-02
1.046186549855129995e-02
1.084147643830095029e-02
1.021685509809425879e-02
1.052139711433223296e-02
1.057643741369247367e-02
1.083170659840106999e-02
1.040557429992726955e-02
1.053600679816944254e-02
1.065842283091374826e-02
1.065862027129956674e-02
1.076054058170744336e-02
1.060526146154318512e-02
1.039215411458696559e-02
1.041199502402118289e-02
1.013906105820621718e-02
1.048535777788077092e-02
1.047560588589736309e-02
1.066656450607946990e-02
1.078167579003742708e-02
1.025349875645978175e-02
1.037346612928169085e-02
1.060349286666938291e-02
1.075228765340788088e-02
1.037329226466161824e-02
1.072677294058459185e-02
1.040665064273135938e-02
1.060436724552086402e-02
1.020888674205967274e-02
1.005087303263800524e-02
1.026154744571873036e-02
1.044373991233961928e-02
1.036697065989886091e-02
1.042327296787074614e-02
1.046249894425272872e-02
1.006351924900497630e-02
1.055989177631480418e-02
1.029792623594403232e-02
1.033506922956023942e-02
1.061853958027703451e-02
1.016351506114005973e-02
1.050053071230649948e-02
1.046430794522166217e-02
1.041871834812419829e-02
1.028703103906341947e-02
1.030391573107668386e-02
1.009853365165846659e-02
1.018708048920546200e-02
1.006405543802040004e-02
1.045675074149455402e-02
1.038383713790348543e-02
1.028403359066162870e-02
1.061498187482357025e-02
1.019582427772028170e-02
1.026931515495691991e-02
1.014429627518568730e-02
1.028307802709085665e-02
1.013968244993260909e-02
1.029465733362095771e-02
1.049194508897406675e-02
1.054714721228395234e-02
1.056711644466434147e-02
1.018824812823108245e-02
1.013588224138532376e-02
1.015106059078659320e-02
1.050590373841779612e-02
1.034302102135760404e-02
1.040343185886740719e-02
1.029620173254183410e-02
1.027775434777140548e-02
1.029336199696574868e-02
1.037995722144842078e-02
1.026802911822284961e-02
9.928233535694224940e-03
1.026427101876054536e-02
1.028462919805731013e-02
1.018186597419636595e-02
1.054859130776354161e-02
1.009978387238723817e-02
1.027723838176046109e-02
1.028279551704015110e-02
1.032882765201585673e-02
1.011132927877562461e-02
1.023486860628639028e-02
1.007793535079274869e-02
1.053771129144089568e-02
1.026864122333271193e-02
1.008274637694869802e-02
1.008961531998855791e-02
1.030434717291167819e-02
1.015251973377806829e-02
1.011419595618333160e-02
1.020964056785617600e-02
1.021599256034408376e-02
1.033905920173440636e-02
1.000560672421540488e-02
1.001878238416143742e-02
1.036046422751886464e-02
1.018004161970956049e-02
1.047808509320020606e-02
1.011307573478136684e-02
1.025032253403748705e-02
1.046220141329935564e-02
1.009089034050703049e-02
1.042737096015896106e-02
9.954309689679316855e-03
1.033836784107344461e-02
9.952157669301544413e-03
1.035980662064892900e-02
1.045359757595828651e-02
1.012149634105818582e-02
1.025412205074514686e-02
1.016416014837367120e-02
1.026696211525372077e-02
1.059278615617326343e-02
1.001265651679464699e-02
9.989970390285764570e-03
1.004515328843678772e-02
1.017347494406359472e-02
1.022021075976746463e-02
9.977614613515990716e-03
1.026575042467032205e-02
1.032152479248387399e-02
9.869940060057810077e-03
9.817417923893246787e-03
9.894641236002955920e-03
9.985966621232883478e-03
1.015612190323216500e-02
1.038198999262281846e-02
1.011973595512764834e-02
1.004880932824952187e-02
1.010884723759123208e-02
1.007214373509798810e-02
1.004750075350914658e-02
1.011279903884444893e-02
1.023398450176630711e-02
1.013327790424227784e-02
9.994313307106494210e-03
1.015168697174106266e-02
1.001456224226525936e-02
1.018436181225946917e-02
9.851514987115348246e-03
1.020367232018283381e-02
9.824548156133719456e-03
1.016498209376420249e-02
1.028814200045806947e-02
9.902463653790098685e-03
9.793108289263078789e-03
9.921964537352324226e-03
9.956818566258464689e-03
1.004112199214952407e-02
9.968384581484964618e-03
1.038748287994946742e-02
1.003372520208358799e-02
1.021171876096299731e-02
1.004332995840481399e-02
9.875842157219138009e-03
1.000099088996648719e-02
9.862933188144649976e-03
9.922587326062576318e-03
1.026926552876830136e-02
9.733396608914647932e-03
1.006453105115464805e-02
1.001086893624492970e-02
9.941169113985130062e-03
1.020946687619601022e-02
9.834881672369582065e-03
9.982466710997478510e-03
9.967069075043712839e-03
1.002389326957719637e-02
1.002287039799349723e-02
1.014811488400612499e-02
9.933792240917681954e-03
9.979745000600814472e-03
9.848242692117179647e-03
1.025710876232811299e-02
9.931686267788921579e-03
1.000714082536952911e-02
9.830656687596014964e-03
9.981391845004898566e-03
1.007986698033554174e-02
9.736174957028456700e-03
9.945177765829222444e-03
9.895094231303249235e-03
9.778636281511612904e-03
