4.868564963340759055e-01
3.939911335706710593e-01
3.134609818458556907e-01
2.691699981689453236e-01
2.463283434510231129e-01
2.242661386728286854e-01
1.964415699243545477e-01
1.833019927144050598e-01
1.715254083275795094e-01
1.551122143864631653e-01
1.525149315595626942e-01
1.418688997626304515e-01
1.305583968758582958e-01
1.289544470608234294e-01
1.202880889177322388e-01
1.152907527983188657e-01
1.053025469183921786e-01
1.057736992835998507e-01
9.382783323526382169e-02
9.375728517770767767e-02
9.572751075029373169e-02
8.615258336067199707e-02
8.246896378695964258e-02
7.819849140942096433e-02
7.860129326581954956e-02
7.694201394915581305e-02
7.574643269181251248e-02
6.847296878695488531e-02
6.828661523759364804e-02
6.450982280075549802e-02
6.545805186033248901e-02
6.215075775980949402e-02
6.028402075171470503e-02
5.969327054917812625e-02
5.969420559704304019e-02
5.671690069139003615e-02
5.659815631806850572e-02
5.418968871235847751e-02
5.493907406926155229e-02
5.170392505824565610e-02
5.032703131437301497e-02
5.015245527029037198e-02
4.898181147873401781e-02
4.624373614788055559e-02
4.719928503036498885e-02
4.583442322909832278e-02
4.404970929026603976e-02
4.387018531560897550e-02
4.422943070530891557e-02
4.136378839612007280e-02
4.225471690297126492e-02
4.052823409438133240e-02
3.979287371039390286e-02
3.808109834790229797e-02
3.721819855272769789e-02
3.966180384159088274e-02
3.671447634696960172e-02
3.645565658807754794e-02
3.615574389696121077e-02
3.545038141310215274e-02
3.525291383266448975e-02
3.513466846197843552e-02
3.435486219823360304e-02
3.475274797528982162e-02
3.348713684827089171e-02
3.188685141503810883e-02
3.172877505421638211e-02
3.131746798753738681e-02
3.254134375602006635e-02
2.990230508148670335e-02
3.125295918434858183e-02
3.065920360386371543e-02
3.060357440263032983e-02
2.921030763536691666e-02
2.858482822775840898e-02
2.865829151123762061e-02
2.964785546064376692e-02
2.894694190472364356e-02
2.771151233464479516e-02
2.709297500550746779e-02
2.778639234602451463e-02
2.832757942378521035e-02
2.662200257182121416e-02
2.569684796035289626e-02
2.635427545756101678e-02
2.567902449518442293e-02
2.689119912683963706e-02
2.730070557445287566e-02
2.687887661159038544e-02
2.627769075334072252e-02
2.510012090206146379e-02
2.437355797737836977e-02
2.504653185606002877e-02
2.433257903903722832e-02
2.424560915678739687e-02
2.545674927532672743e-02
2.406371608376502852e-02
2.333915643393993239e-02
2.369847837835550169e-02
2.351447734981775353e-02
2.252042926847934792e-02
2.310417015105485986e-02
2.359562218189239363e-02
2.251702006906270911e-02
2.380264177918434143e-02
2.205439116805791785e-02
2.109810132533311913e-02
2.219818979501724313e-02
2.259301748126745293e-02
2.087840158492326736e-02
2.093594968318939278e-02
2.203544750809669633e-02
2.091485485434532027e-02
2.111482601612806390e-02
2.122201938182115624e-02
2.144159879535436491e-02
2.186749782413244247e-02
2.123612891882658074e-02
2.118791863322257857e-02
2.108786646276712348e-02
2.100068442523479392e-02
2.015495430678129057e-02
2.133431881666183333e-02
2.024427596479654382e-02
2.019413877278566222e-02
1.984719112515449455e-02
1.935096848756074836e-02
1.944379042834043503e-02
1.952647101134061952e-02
1.924505401402711730e-02
1.957596987485885759e-02
2.093587219715118547e-02
2.008507605642080238e-02
2.004425618797540595e-02
2.042620647698640754e-02
1.928023891523480277e-02
1.876786928623914649e-02
1.901673097163438658e-02
1.955408640205859999e-02
1.907653454691171646e-02
1.981338504701852729e-02
1.947694700211286684e-02
1.854696292430162499e-02
1.865157932043075631e-02
1.832823315635323524e-02
1.983588766306638648e-02
1.873908974230289320e-02
1.818887349218130042e-02
1.873506195843219896e-02
1.840060083195567062e-02
1.854597395285963873e-02
1.819635061547160079e-02
1.882257116958498816e-02
1.821081563830375533e-02
1.776868272572755883e-02
1.772764837369322777e-02
1.699461685493588309e-02
1.770652281120419641e-02
1.781538138166070123e-02
1.810462074354290962e-02
1.815373543649911880e-02
1.742843221873045106e-02
1.818798538297414918e-02
1.789903743192553659e-02
1.822179239243269105e-02
1.708520967513322761e-02
1.685406519100069930e-02
1.746630137786269257e-02
1.700738351792097092e-02
1.753139095380902221e-02
1.731080021709203651e-02
1.826533107087015967e-02
1.763415848836302757e-02
1.755589488893747468e-02
1.736221686005592207e-02
1.643627053126692911e-02
1.748835928738117287e-02
1.785679431632161002e-02
1.699876198545098235e-02
1.725725913420319418e-02
1.725367745384574075e-02
1.798723964020609856e-02
1.680613812059163908e-02
1.695784162729978631e-02
1.755562676116824081e-02
1.659477651119232317e-02
1.640457902103662630e-02
1.631545973941683769e-02
1.653685849159956117e-02
1.631385246291756561e-02
1.704526143148541589e-02
1.693723369389772346e-02
1.674321293830871582e-02
1.634614029899239540e-02
1.673976462334394316e-02
1.685129040852189133e-02
1.611250154674053262e-02
1.651399759575724463e-02
1.649469314143061499e-02
1.675757216289639612e-02
1.607463788241147995e-02
1.641336521133780410e-02
1.611001230776309967e-02
1.601953841745853285e-02
1.540808128193020890e-02
1.607625251635909011e-02
1.525609306991100242e-02
1.533494228497147595e-02
1.643326822668313841e-02
1.666599418967962265e-02
1.588113214820623467e-02
1.609307946637272835e-02
1.604783441871404648e-02
1.701406659558415274e-02
1.631286013871431281e-02
1.509183654561638797e-02
1.606898820027708938e-02
1.631937511265278001e-02
1.576392063871025900e-02
1.574629694223404069e-02
1.562646534293889861e-02
1.617783429101109574e-02
1.603328548371791770e-02
1.496461220085620880e-02
1.541321687400340999e-02
1.606339644640684267e-02
1.590898213908076286e-02
1.590411206707358430e-02
1.553097460418939590e-02
1.461711525917053223e-02
1.561265941709280049e-02
1.587765337899327278e-02
1.491113593801856110e-02
1.601664545014500757e-02
1.530791847035288880e-02
1.582542685791850021e-02
1.491081789135932992e-02
1.564567387104034285e-02
1.590300509706139495e-02
1.610030317679047446e-02
1.550775971263647010e-02
1.599362995475530486e-02
1.522821597754955326e-02
1.500843558460474014e-02
1.513706529513001407e-02
1.618488337844610145e-02
1.547901108860969509e-02
1.490100491791963508e-02
1.472281822934746673e-02
1.542674126103520463e-02
1.521631609648466110e-02
1.515017533674836193e-02
1.519743800163269112e-02
1.576017700135707786e-02
1.537232566624879837e-02
1.517588645219802856e-02
1.538017969578504493e-02
1.440701121464371681e-02
1.454763105139136349e-02
1.500191483646631276e-02
1.548453485593199661e-02
1.544113494455814396e-02
1.456797923892736400e-02
1.487752282992005348e-02
1.526050427928566863e-02
1.504963347688317334e-02
1.555530726909637451e-02
1.519371094182133709e-02
1.524731852114200557e-02
1.531163966283202206e-02
1.498790280893444980e-02
1.504827877506613801e-02
1.539756106212735245e-02
1.482892287895083358e-02
1.444835504516959156e-02
1.520592328161001275e-02
1.489964313805103302e-02
1.476541468873620103e-02
1.470360057428479229e-02
1.434694761410355499e-02
1.469518681988120010e-02
1.529065081849694321e-02
1.472001401707529952e-02
1.452172286808490684e-02
1.487208819016814197e-02
1.434894083067774807e-02
1.490181637927889824e-02
1.493913987651467393e-02
1.496497886255383422e-02
1.517602354288101127e-02
1.385517735034227406e-02
1.428683288395404816e-02
1.448265491053462098e-02
1.412171404808759689e-02
1.434069471433758666e-02
1.515436358749866486e-02
1.441960576921701501e-02
1.411538356915116241e-02
1.467880355194211076e-02
1.509880824014544522e-02
1.376899564638733864e-02
1.487936535850167309e-02
1.394762694835662876e-02
1.421154104173183441e-02
1.431775959208607743e-02
1.471423171460628510e-02
1.479557761922478676e-02
1.437946930527687038e-02
1.446626782417297433e-02
1.430159453302621772e-02
1.432765545323491131e-02
1.384898843243718113e-02
1.425265092402696644e-02
1.435766033828258549e-02
1.359304245561361243e-02
1.388965058140456676e-02
1.401836192235350609e-02
1.521292962133884499e-02
1.384836351498961414e-02
1.399827487766742637e-02
1.433989265933632851e-02
1.451691305264830520e-02
1.477634012699127232e-02
1.409925166517496040e-02
1.413508467376232113e-02
1.443928321823477814e-02
1.458766069263219868e-02
1.455391459167003701e-02
1.415085708722472156e-02
1.404642751440405776e-02
1.399840675294399331e-02
1.398353101685643161e-02
1.309150336310267379e-02
1.430817712098359992e-02
1.406409693881869281e-02
1.413998780772090028e-02
1.439378494396805798e-02
1.383508238941431011e-02
1.383739579468965496e-02
1.417892053723335266e-02
1.443985225632786820e-02
1.465973723679780960e-02
1.353661790490150521e-02
1.450537052005529404e-02
1.373528856784105370e-02
1.402148138731718063e-02
1.425316799432039226e-02
1.387271145358681679e-02
1.451342860236764024e-02
1.435167584568262066e-02
1.404875805601477588e-02
1.327526895329356194e-02
1.385023249313235318e-02
1.362175624817609822e-02
1.443560924381017720e-02
1.408613747917115619e-02
1.353546790778636932e-02
1.355230687186121871e-02
1.379105914384126663e-02
1.334191337227821385e-02
1.354104783385992085e-02
1.365387160331010818e-02
1.366101894527673756e-02
1.409258581697940896e-02
1.373725188896060025e-02
1.360999634489417145e-02
1.351517066359519958e-02
1.392217352986335754e-02
1.394801437854766880e-02
1.327998023480176856e-02
1.405086219310760533e-02
1.382306227460503543e-02
1.353664854541420867e-02
1.384116346016526188e-02
1.356779215857386624e-02
1.363802449777722428e-02
1.384447542950511048e-02
1.403397796675562824e-02
1.386788375675678323e-02
1.360196992754936218e-02
1.350052198395132984e-02
1.317999553866684367e-02
1.315485704690217902e-02
1.383271059021353756e-02
1.401805058121681144e-02
1.298858132213354111e-02
1.376582775264978409e-02
1.374726146459579433e-02
1.435404205694794724e-02
1.358638973906636273e-02
1.389324348419904674e-02
1.367528233677148784e-02
1.398398615419864724e-02
1.365902042016386986e-02
1.383070675656199525e-02
1.348828375339508091e-02
1.335015548393130372e-02
1.303198030218482087e-02
1.365172127261757816e-02
1.326613882556557621e-02
1.311664897948503460e-02
1.310938140377402271e-02
1.310989120975136757e-02
1.339553371071815560e-02
1.446824297308921779e-02
1.327052880078554223e-02
1.331339646130800212e-02
1.324940491467714240e-02
1.388366939499974251e-02
1.420524334535002743e-02
1.308461753651499714e-02
1.332064718008041382e-02
1.320167267695069278e-02
1.328821433708071709e-02
1.326460521668195759e-02
1.322074979543685913e-02
1.290445281192660262e-02
1.359206745401024888e-02
1.357358004897832836e-02
1.374146724119782413e-02
1.314169610850512981e-02
1.337661268189549446e-02
1.301789558492600848e-02
1.410004124045372009e-02
1.382490694522857735e-02
1.332967588678002357e-02
1.295943940058350528e-02
1.347153307870030403e-02
1.261399481445550988e-02
1.397922206670045887e-02
1.319028693251311779e-02
1.334148570895194938e-02
1.351027898490428890e-02
1.363905319012701477e-02
1.343178302049636771e-02
1.308145662769675220e-02
1.367226177826523850e-02
1.363512519747018745e-02
1.337037961930036614e-02
1.368612023070454528e-02
1.312730992212891509e-02
1.306631024926900933e-02
1.317096045240759815e-02
1.276457142084836890e-02
1.296725217252969742e-02
1.316743036732077529e-02
1.312420982867479324e-02
1.296877991408109700e-02
1.315845805220305920e-02
1.309823724441230332e-02
1.334932716563344036e-02
1.304586892947554554e-02
1.312653329223394463e-02
1.362640280276536907e-02
1.351814940571785008e-02
1.281558740884065559e-02
1.385772544890642201e-02
1.285640047863125836e-02
1.292626643553376233e-02
1.323542320169508388e-02
1.307862186804413865e-02
1.264725178480148246e-02
1.255014985799789498e-02
1.250428934581577708e-02
1.287392713129520416e-02
1.282292837277054787e-02
1.307731531560421025e-02
1.319605819880962337e-02
1.308216536417603458e-02
1.261734250001609291e-02
1.269793724641203950e-02
1.360440887510776589e-02
1.221176250837743317e-02
1.340524544939398696e-02
1.282671261578798363e-02
1.324967788532376359e-02
1.283846660517156194e-02
1.249673822894692421e-02
1.337393838912248611e-02
1.277078595012426376e-02
1.297725168988108670e-02
1.329910317435860703e-02
1.280516432598233223e-02
1.272981576621532405e-02
1.321542384102940629e-02
1.277452362701296876e-02
1.334924697875976632e-02
1.257811728864908184e-02
1.226260201074183022e-02
1.267011812888085842e-02
1.248842943459749222e-02
1.312474203296005656e-02
1.315476722083985806e-02
1.271495306864380871e-02
1.237466000020503998e-02
1.297177467495203018e-02
1.269814483821391990e-02
1.292646331712603638e-02
1.298215645365416969e-02
1.244191084988415311e-02
1.254521217197179794e-02
1.211787536740303005e-02
1.262568142265081336e-02
1.290121106430888211e-02
1.259609563276171615e-02
1.296036951243877480e-02
1.296391962096095016e-02
1.248649973422288895e-02
1.239073099568486179e-02
1.254946449771523510e-02
1.264395494945347309e-02
1.353757232427597011e-02
1.264666747301817010e-02
1.204073382541537285e-02
1.323224613443016971e-02
1.248127557337284053e-02
1.217351574450731277e-02
1.260747527703642845e-02
1.277079470455646550e-02
1.293031163513660466e-02
1.311998032033443416e-02
1.274475762620568345e-02
1.237049810588359763e-02
1.256511975079774822e-02
1.297704186290502514e-02
1.263850275427103043e-02
1.289754780009388924e-02
1.259470544755458832e-02
1.227389182895421982e-02
1.299850037321448326e-02
1.232332773506641423e-02
1.246360247023403645e-02
1.294891554862260749e-02
1.286903456784784829e-02
1.262804665602743591e-02
1.256397617980837753e-02
1.307806312106549705e-02
1.240001255646347965e-02
1.280269036069512333e-02
1.277363910339772771e-02
1.243366911076009343e-02
1.297442875802517007e-02
1.335056629031896626e-02
1.223514256998896668e-02
1.245337128639221157e-02
1.264456850476563046e-02
1.231545098125934670e-02
1.206398447975516250e-02
1.308952597901225090e-02
1.279323981143534218e-02
1.267899377271533047e-02
1.159948445856571163e-02
1.266533094458282063e-02
1.290692370384931634e-02
1.253144303336739540e-02
1.291910521686077083e-02
1.267151609063148568e-02
1.266796034760773147e-02
1.329639828763902118e-02
1.217481130734086002e-02
1.210217331536114251e-02
1.215440435335040162e-02
1.231020637787878444e-02
1.263466654345393216e-02
1.253626202233135666e-02
1.231049681082367966e-02
1.276535321958363091e-02
1.276970240287482808e-02
1.216873493976891075e-02
1.234939889982342685e-02
1.306157009676098789e-02
1.265026861801743507e-02
1.243772609159350326e-02
1.197360586374998127e-02
1.253351853229105542e-02
1.194779658690094983e-02
1.297378456220030750e-02
1.152261756360530888e-02
1.167665757238864864e-02
1.224613399244844913e-02
1.241932660341262852e-02
1.227202704176306655e-02
1.223586243577301502e-02
1.226248019374906982e-02
1.231271075084805489e-02
1.220588493160903489e-02
1.222641002386808465e-02
1.213359320536255836e-02
1.309910565614700283e-02
1.293090386316180299e-02
1.234985021874308517e-02
1.153985508717596600e-02
1.233278266154229710e-02
1.167074255645275151e-02
1.254656650125980308e-02
1.282069375738501514e-02
1.207397570833563735e-02
1.221906328573823045e-02
1.188791086897253955e-02
1.231387173756957019e-02
1.238201828673481976e-02
1.260090246796607971e-02
1.227091336622834240e-02
1.214937721379101207e-02
1.220165556296706234e-02
1.210010857321321999e-02
1.269778115674853256e-02
1.158331567421555519e-02
1.243616817519068753e-02
1.292289337143301929e-02
1.254658284597098827e-02
1.217664303258061444e-02
1.253849873319268227e-02
1.272945352829992806e-02
1.200104616582393577e-02
1.216699010692536866e-02
1.201145295053720509e-02
1.215465399436652626e-02
1.244397806003689697e-02
1.229196870699524914e-02
1.216160096228122676e-02
1.215871404856443475e-02
1.219180859625339577e-02
1.191426315344870125e-02
1.204072935506701400e-02
1.236228644847869873e-02
1.248431866988539661e-02
1.222420618869364192e-02
1.269126776605844498e-02
1.236820300109684433e-02
1.292729605920612743e-02
1.217074203304946423e-02
1.201450512744486367e-02
1.221821731887757709e-02
1.198720759712159668e-02
1.202686782926321030e-02
1.247248575091361965e-02
1.240588277578353812e-02
1.226354436948895454e-02
1.197450337931513752e-02
1.182439029216766392e-02
1.202442287467420101e-02
1.200991226360201801e-02
1.224000677466392448e-02
1.254520202055573429e-02
1.156304776668548584e-02
1.169255292043089832e-02
1.208512787707149982e-02
1.224148711189627578e-02
1.217012228444218705e-02
1.273341970518231461e-02
1.193544133566320012e-02
1.205861438065767254e-02
1.145965657196939061e-02
1.222918075509369339e-02
1.168487826362252235e-02
1.260894606821238995e-02
1.260714386589825188e-02
1.210733409970998764e-02
1.236154083162546193e-02
1.229881737381219829e-02
1.157574849203229020e-02
1.166838821955025127e-02
1.194815756753087044e-02
1.242401027120649745e-02
1.180465696379542385e-02
1.175927901640534332e-02
1.226321295835077797e-02
1.202489566057920491e-02
1.206409609876573155e-02
1.157345422543585266e-02
1.149688083678484032e-02
1.236960748210549389e-02
1.280618212185800041e-02
1.226913817226886819e-02
1.197546343319117954e-02
1.165089039131999085e-02
1.210887865163385799e-02
1.218085028231143986e-02
1.190011729486286675e-02
1.230714526027440990e-02
1.210687980055808952e-02
1.262008105404674972e-02
1.159809739328920841e-02
1.203048778697848355e-02
1.149613163433968986e-02
1.216467502526938881e-02
1.213910183869302238e-02
1.159581881947815453e-02
1.203243173658847739e-02
1.201569074764847686e-02
1.227344507351517747e-02
1.245318325236439636e-02
1.208268972113728593e-02
1.238057347945869038e-02
1.185341621749103069e-02
1.220990992151200702e-02
1.129366587847471272e-02
1.230136947706341778e-02
1.196965291164815356e-02
1.226035295985639095e-02
1.177275599911808968e-02
1.174297221004962956e-02
1.142642344348132610e-02
1.216808208264410530e-02
1.186368507333099807e-02
1.234488147310912678e-02
1.213617334142327343e-02
1.211478682234883378e-02
1.165397851727902924e-02
1.172548211179673741e-02
1.189005509950220515e-02
1.134945289231836796e-02
1.169839990325272083e-02
1.212675091810524498e-02
1.159136728383600677e-02
1.166229043155908585e-02
1.170539846643805539e-02
1.245478983037173748e-02
1.223361045122146537e-02
1.178158437833189999e-02
1.243644566275179351e-02
1.203242517076432740e-02
1.190234893001615966e-02
1.237246920354664360e-02
1.080974889919161797e-02
1.215947205200791290e-02
1.244236407801508834e-02
1.207596869207918679e-02
1.197631424292922020e-02
1.212331196293234790e-02
1.130661349743604729e-02
1.186294732615351608e-02
1.193216275423765113e-02
1.176547426730394433e-02
1.191384019330143929e-02
1.100151864811777999e-02
1.166348992846906116e-02
1.129414839670062065e-02
1.177075724117457832e-02
1.192593462765216897e-02
1.159690399654209579e-02
1.187006025575101410e-02
1.135418182238936459e-02
1.235689325258135761e-02
1.208344106562435696e-02
1.179384896531701123e-02
1.198645830154418911e-02
1.150545109994709561e-02
1.226022569462656940e-02
1.248490917496383225e-02
1.173680201172828605e-02
1.171221635304391454e-02
1.137784137390553986e-02
1.169624235481023754e-02
1.145922197028994595e-02
1.219369694590568577e-02
1.147207506000995705e-02
1.177699933759868145e-02
1.163791948929429089e-02
1.208209735341370106e-02
1.187159242108464310e-02
1.152502582408487797e-02
1.148444949649274349e-02
1.225634263828396728e-02
1.129110483452677727e-02
1.143415346741676400e-02
1.134064816869795322e-02
1.158237555064261029e-02
1.157882115803659032e-02
1.183795323595404625e-02
1.124293156899511779e-02
1.149538275785744190e-02
1.139960642904043128e-02
1.175812622532248532e-02
1.136920382268726860e-02
1.152727184817194973e-02
1.181799187324941193e-02
1.204766430892050336e-02
1.194047685712575947e-02
1.245004371739923989e-02
1.189981959760189056e-02
1.162844467908144032e-02
1.182026201859116485e-02
1.129562868736684253e-02
1.226980336941778729e-02
1.175801120698452031e-02
1.101078768260776997e-02
1.127609130926430191e-02
1.183707574382424424e-02
1.172658130526542733e-02
1.187021583318710258e-02
1.209112433716654812e-02
1.212976416572928394e-02
1.182815469801425969e-02
1.102772597223520244e-02
1.162444623187184299e-02
1.209932747296988895e-02
1.135942395776510204e-02
1.086115334182977642e-02
1.187017816118896008e-02
1.190658258274197509e-02
1.173810190521180560e-02
1.185504361055791413e-02
1.115967510268092190e-02
1.139421332627534901e-02
1.192568638361990452e-02
1.197845656424760888e-02
1.149902632459998131e-02
1.193888252601027489e-02
1.156946038827300072e-02
1.129326438531279633e-02
1.176701169461011852e-02
1.177048860117793118e-02
1.196667687036096980e-02
1.177333239465951954e-02
1.137821441516280105e-02
1.157658747397363221e-02
1.160823684185743367e-02
1.172228427603840863e-02
1.169196399860084057e-02
1.135361846536397934e-02
1.174821276217699086e-02
1.184590952470898628e-02
1.152727850712835858e-02
1.181983216665685212e-02
1.226839022710919311e-02
1.105212750844657491e-02
1.107238563708961079e-02
1.142918039113283157e-02
1.205536900088191067e-02
1.179610500112176011e-02
1.160029778257012402e-02
1.170799625106155872e-02
1.154251275584101608e-02
1.220116917975246941e-02
1.165207126177847385e-02
1.200492610223591328e-02
1.122295083478093078e-02
1.128690177574753761e-02
1.175737655721604755e-02
1.155512244440615177e-02
1.154649262316525052e-02
1.168967531993985245e-02
1.116266204044222797e-02
1.132965749129652942e-02
1.149861491285264492e-02
1.112692356109619071e-02
1.111964788287878036e-02
1.117905057035386597e-02
1.166166919283568790e-02
1.095822323113679851e-02
1.207294971682131360e-02
1.172948032617568935e-02
1.193533111363649299e-02
1.157084689475595951e-02
1.166724245995283057e-02
1.167416702955961262e-02
1.103171696886420285e-02
1.193877961486577988e-02
1.117270654067397187e-02
1.239245692268014024e-02
1.160857910290360485e-02
1.159956958144903183e-02
1.189501807093620335e-02
1.211793478578329121e-02
1.140157603658735821e-02
1.150275478139519726e-02
1.157273836433887412e-02
1.177665004506707122e-02
1.134914127178490197e-02
1.223356644622981479e-02
1.133670411072671379e-02
1.134282350540161133e-02
1.144201601855456864e-02
1.124061103910207679e-02
1.163622485473752091e-02
1.155233471654355457e-02
1.051996224559843471e-02
1.189914327114820550e-02
1.198133789002895321e-02
1.185297472402453353e-02
