4.217600093930959915e-01
1.740731865942478196e+00
5.380773026645183643e-01
1.854727544598281375e-01
9.562376528792083941e-02
8.389407614432274618e-02
7.833898258022964356e-02
7.777716324664651903e-02
7.602321399934590385e-02
7.677255629561841044e-02
7.524434003792702941e-02
7.492573781125247412e-02
7.187928602658212596e-02
7.116838369891047289e-02
7.062488979846238968e-02
7.119187111221253472e-02
7.353925665095448205e-02
7.594528168439865223e-02
6.870711445063353018e-02
7.490229133330285338e-02
6.994610807113349482e-02
6.862987647578119854e-02
6.818156722001730841e-02
7.015836417116225188e-02
6.826158569380641472e-02
7.035645226761698401e-02
7.707963250018656787e-02
6.786782718636096001e-02
6.895600692555307887e-02
6.946513777039944881e-02
6.850563269667327149e-02
7.288980744592844785e-02
7.143432661704719744e-02
6.650963738188148122e-02
7.065131267905234991e-02
8.047652428969741256e-02
7.500053296610713349e-02
7.690615909732878563e-02
6.811973582953215200e-02
6.727463194262237045e-02
6.738781432714313624e-02
6.904630412347614876e-02
7.378918085433543161e-02
6.972582227922975717e-02
8.771261899359523995e-02
6.663718057610094891e-02
7.829316339269280778e-02
6.627145459316670373e-02
6.870526204444468710e-02
6.552811301406473443e-02
6.548726528882981013e-02
6.526865711249410507e-02
6.986948989517986763e-02
6.773531083390116336e-02
7.397773406654596651e-02
6.495065219886600461e-02
6.536519625782966081e-02
6.742504716664553255e-02
6.712926499359309074e-02
6.668924395274371253e-02
6.500549035519360974e-02
7.101306925527751945e-02
7.844951698929071571e-02
6.910644455254078000e-02
6.522221468575298275e-02
6.476005318947136713e-02
6.451259024813771337e-02
6.850080273114145246e-02
7.301802829280495954e-02
7.391354653425515064e-02
7.348747795820236017e-02
6.603767826221883241e-02
6.550251196883619120e-02
6.369677307084202489e-02
6.667431467585265004e-02
6.663720904104411535e-02
6.547996214777231094e-02
6.526294333301484174e-02
6.650566461682319574e-02
6.382090740464627099e-02
6.502004487253724985e-02
6.579706294834614111e-02
8.160820933431386925e-02
7.015767002385109308e-02
6.632669309154153037e-02
6.576625638082624070e-02
6.411661918275057825e-02
6.285837338864803947e-02
6.658306985348462492e-02
6.367852766811847587e-02
6.374625085107982203e-02
6.414104792661964871e-02
6.852258015051483631e-02
7.053670524805784325e-02
6.491371284984051582e-02
7.270625423081218675e-02
6.496598844043910415e-02
6.326708916574716457e-02
6.787899675592780346e-02
6.682175053283571919e-02
