4.517929636687040285e-01
1.500606724806129999e-01
8.522642727941275032e-02
8.083635786548257207e-02
7.776553744450211136e-02
7.343911485746502932e-02
7.253693401813507413e-02
7.231576457619666443e-02
7.135863268747925925e-02
7.073792312294244211e-02
7.167320711538195666e-02
6.930670022964477428e-02
7.001646328717470169e-02
6.999811146408319029e-02
6.930797696113585871e-02
6.861878275871276245e-02
6.782419232651591690e-02
6.676605815067887528e-02
6.742123039439321119e-02
6.697682248428464546e-02
6.877941288053988911e-02
6.718773839995265118e-02
6.777078798040747643e-02
6.590695972554386217e-02
6.737138018012046869e-02
6.757750932127237764e-02
6.504072872921824733e-02
6.608529640361666957e-02
6.624371294863522219e-02
6.579501141794025232e-02
6.575535149313509187e-02
6.360313521698117423e-02
6.355949548073112909e-02
6.541190518066286597e-02
6.524353455752134046e-02
6.426226723007857911e-02
6.481389804743230287e-02
6.232191055081784392e-02
6.431649491190910561e-02
6.386749068275093810e-02
6.234554871916771213e-02
6.486348011530936042e-02
6.300022909417749006e-02
6.279179386794567219e-02
6.095010422170162034e-02
6.324918213300406711e-02
6.364402716979383756e-02
6.236286989413201975e-02
6.327163189649581687e-02
6.373721683397888527e-02
6.309026449918747614e-02
6.374584116041660808e-02
6.276473721489310431e-02
6.222968948073685086e-02
6.218696190975606108e-02
6.215040197595953636e-02
6.255201884545386060e-02
6.220586932264268731e-02
6.012943604029714895e-02
6.076166832819580865e-02
6.307964683510362824e-02
5.947785463184118021e-02
6.154537864960730326e-02
6.095011322759091854e-02
6.164030845277011089e-02
6.270764310844242906e-02
6.279529411345720347e-02
6.252001925371587776e-02
6.236864221282303195e-02
6.170590695925057267e-02
6.173018875531852134e-02
6.176904680207371406e-02
6.129453252069651942e-02
6.168073698878288186e-02
6.207147130742669133e-02
6.000903531908988869e-02
6.052506936714053404e-02
6.110717740841210138e-02
6.116895605809986869e-02
6.071931630373000877e-02
6.117857349105179643e-02
6.027612231671810455e-02
5.778383955359459034e-02
5.616771406494081020e-02
5.727178679779171971e-02
6.126797094009816397e-02
5.999522607773542099e-02
6.032445285469293511e-02
6.006514702923596016e-02
6.065044603310525140e-02
6.063745760358869863e-02
6.087896303273737653e-02
5.959133732132613354e-02
5.992559256032109483e-02
5.964792801067233391e-02
5.985076127573847604e-02
6.008485783822834631e-02
6.032052053138613895e-02
6.045660485513508486e-02
5.878972936421632961e-02
