8.974827220663428307e-02
7.621999563028415692e-02
7.088282462209463675e-02
7.113788913314540718e-02
6.379009966428081380e-02
6.789657243837912692e-02
6.715746605768799227e-02
6.984578644235929501e-02
6.593571507061521397e-02
5.743789438468714648e-02
6.633469285443424623e-02
6.415731270487110005e-02
6.325884591788052957e-02
6.387563096359372139e-02
6.586813023313879689e-02
6.405407533360024663e-02
6.347348135896027643e-02
6.262332679082950604e-02
6.296440749429166317e-02
6.236094857255617546e-02
6.106070014648139199e-02
6.237073236455519670e-02
6.050075277065237317e-02
5.982590044538180218e-02
6.205221717245876928e-02
6.108786612749099454e-02
6.019938178360462189e-02
6.236629860165218697e-02
5.810343100068469935e-02
6.118513587862253050e-02
6.150972506341834817e-02
6.075749866043527597e-02
6.161790344243248119e-02
5.837528244592249393e-02
6.113864976602296358e-02
5.952913765795529027e-02
5.722831482999026637e-02
5.985007712927957468e-02
6.064473770869274749e-02
5.881089443961779600e-02
6.010774682896832810e-02
6.174418041482567648e-02
5.717181471797327247e-02
5.978966383263469020e-02
5.741152431194981171e-02
6.018378487788141051e-02
5.898488772412140840e-02
5.820830604061484614e-02
5.525825802857677049e-02
6.140757199997703281e-02
5.748379017847279893e-02
6.039440549599627700e-02
5.932033789965013987e-02
5.637001569072405682e-02
5.793156308742861138e-02
5.774319105160732879e-02
5.332330209203064303e-02
5.515416252116362578e-02
5.856436432028810229e-02
5.727072403145332807e-02
5.782940643839538236e-02
5.363329296621183878e-02
5.474093866844972206e-02
5.656833061948418617e-02
5.816145992527405745e-02
5.961153802151481634e-02
5.475333870078126497e-02
5.461738989688456197e-02
5.812080789667864456e-02
5.937905102036893090e-02
5.709712641934553551e-02
5.675835874862968783e-02
5.822094799950718741e-02
5.614595627412199974e-02
5.564119643531739712e-02
5.694201211445033828e-02
5.591652252090473924e-02
5.646570581011474410e-02
5.615959145749608444e-02
5.605170554481446465e-02
5.682042300080259595e-02
5.693303745550414019e-02
5.761826496260861324e-02
5.522679643084605489e-02
5.178258808640142513e-02
5.603619376197457175e-02
5.750132243459423614e-02
5.279578648818036152e-02
5.721204178407788415e-02
5.737046666132906980e-02
5.623094493833680901e-02
5.618193998622397767e-02
5.562433120794594427e-02
5.720659595293303007e-02
5.729545843787491044e-02
5.462378337979316434e-02
5.466819605790078362e-02
5.554806431755423407e-02
5.317865818118055338e-02
5.629139070709546222e-02
5.440878351218998710e-02
5.500741770180563039e-02
5.574795715510845462e-02
5.557951557760437006e-02
5.019051420191923685e-02
5.458449514893193993e-02
5.393822337500751157e-02
5.525682290705542093e-02
5.445157845194140839e-02
5.501241084809104648e-02
5.653058721994360519e-02
5.534271869497994767e-02
5.470016341035564833e-02
5.402429432918628288e-02
5.381516036577523032e-02
5.555179969718058997e-02
5.615936885587870936e-02
5.464380068394045220e-02
5.513224101935823573e-02
5.490084125970800394e-02
4.610184025950729569e-02
5.376216297348340029e-02
5.601467117667198459e-02
5.498610674403607568e-02
5.402920691606898779e-02
5.444114531079927849e-02
5.581903355196118216e-02
4.929497324240704470e-02
5.304151430415610796e-02
5.471135081412891593e-02
5.501756823311249739e-02
5.544671479923029417e-02
5.277049718424677710e-02
5.296149624822040630e-02
5.401342804543673992e-02
5.085222256990770684e-02
5.339225254332025800e-02
5.172889094489316331e-02
5.212464711318413185e-02
5.382435506520171636e-02
5.262202327139675617e-02
5.154523739280800210e-02
5.266066947951912602e-02
5.377870826050638875e-02
5.451527237892150879e-02
5.407071408505240845e-02
5.153360685023168630e-02
5.356420155925055437e-02
5.012919468184311861e-02
5.137939366201559749e-02
5.523136422658959932e-02
5.398300550878047666e-02
4.853307581506669660e-02
5.335871827167769366e-02
5.096911441845198426e-02
5.250986733784278326e-02
5.452407486736774583e-02
5.504604669598241878e-02
5.433070965421696319e-02
5.302719037669400420e-02
5.344053416823347363e-02
5.027701659128069878e-02
5.255228828949232850e-02
5.430772068599860197e-02
5.312783823659022325e-02
5.203152208899457926e-02
5.142894719416896826e-02
5.438839155249297619e-02
5.380215239711105824e-02
5.008791950531303605e-02
4.789551937331756187e-02
5.135492128320038457e-02
5.293323315369586474e-02
5.476809754036367217e-02
5.330845536664128442e-02
5.281907470586399284e-02
5.382493591556946483e-02
5.328273045209546560e-02
5.368234664201736173e-02
5.494461837224662304e-02
5.321832662448287149e-02
5.258244800691803250e-02
4.928229494641224451e-02
5.430019039971133166e-02
5.178276177806159092e-02
5.247198223757246899e-02
4.850567282798389640e-02
4.990641269832849641e-02
5.311499733167390075e-02
5.370170882282157554e-02
4.730103095062077045e-02
5.289771848668654852e-02
5.172449651484688216e-02
5.312067222160597735e-02
5.095030668502052718e-02
5.159761233565707955e-02
5.333425410402317657e-02
5.295775225386023521e-02
5.050153507230182443e-02
4.829647691609958993e-02
5.110371417055527277e-02
5.325045116866628653e-02
5.166239764851828647e-02
5.328546655364334306e-02
5.126731912605464458e-02
5.071873866642515050e-02
5.245723660724858212e-02
5.291393717440465855e-02
4.964298885315656523e-02
5.343147575234373503e-02
4.551702486351132115e-02
5.037617562338710109e-02
5.172475615205864019e-02
5.201525194570422173e-02
5.211189476152260774e-02
5.190738406963646412e-02
4.813932115212082863e-02
5.288674955566723818e-02
5.201611559217175079e-02
4.837215788041551723e-02
5.005004696237544404e-02
5.285411936541398181e-02
4.992629435534278598e-02
5.209148324405153685e-02
5.118310940451920033e-02
4.934724631408850259e-02
5.334474304690957347e-02
5.005154119183619771e-02
5.117284744046628198e-02
5.022823138472934379e-02
4.933330859057605267e-02
5.148121424329777512e-02
5.259530741410951143e-02
5.006238341641922746e-02
5.158319082111120085e-02
4.864344950765371600e-02
5.289346561767160892e-02
5.185222518630325933e-02
5.262313506876428737e-02
5.254106004722416262e-02
5.174448112957179269e-02
4.690741809705892967e-02
5.048244438755015301e-02
5.271163630920151777e-02
5.136032882146537165e-02
5.095124845393002311e-02
5.212862600261966572e-02
4.917461591151853217e-02
4.955485595079759525e-02
5.228237266031404012e-02
5.213447936500112401e-02
5.196079979650676528e-02
5.099652766560514722e-02
5.049668207454184599e-02
4.869414865970611572e-02
5.154413656952480660e-02
5.131771201267838756e-02
5.105774262920022288e-02
5.091886357404291907e-02
4.845176953822374205e-02
5.193206756375730315e-02
5.188030887705584460e-02
5.042847871469954835e-02
5.045454171486198763e-02
5.148969890239338265e-02
5.197347902382413315e-02
5.126339428437252932e-02
5.060954988002776961e-02
5.146232003656526360e-02
5.143178465465704507e-02
5.116797980541984425e-02
5.134589412870506353e-02
5.161455571651459018e-02
5.151719657393793311e-02
5.080631977568070279e-02
4.422971153010924611e-02
4.869503964049120420e-02
5.224820220222075456e-02
5.268643464272220606e-02
5.078356348288556171e-02
4.304099952181180549e-02
5.013535727436344014e-02
5.206813310893873559e-02
5.098769846372306486e-02
5.002805707044899464e-02
5.235452450190981183e-02
4.619294079020619392e-02
5.267499008526404375e-02
5.032505240912239081e-02
4.979064379197855467e-02
5.060259094461798390e-02
5.182359819300472875e-02
4.984438428655266901e-02
5.161887360736727715e-02
4.922209267194072729e-02
4.911884313138822900e-02
4.795956161494056152e-02
5.050875378462175297e-02
5.098520674121876511e-02
5.100647401995957175e-02
5.063899005763232430e-02
4.900866944032410827e-02
5.048218231337765760e-02
4.727267048632104868e-02
5.011337464675306996e-02
4.956761128269136091e-02
5.058763682221372598e-02
5.110882810937861925e-02
4.964442040460805006e-02
4.858200463155905313e-02
5.123862555871407098e-02
4.851380853603283472e-02
4.995483621023595611e-02
5.098881864299376759e-02
5.071974410675465783e-02
4.689349772719045295e-02
5.077913547866046151e-02
5.009475518018007001e-02
5.100314696319400987e-02
4.588861074298620363e-02
4.769283329757551676e-02
4.654361397648851262e-02
4.562940788455307345e-02
5.079294705453018394e-02
5.054493527859449387e-02
5.088362873842319084e-02
4.848868980382879668e-02
5.011427896097302159e-02
5.002098944969475547e-02
4.882642077282071252e-02
4.869552021846175471e-02
4.836784045522411757e-02
4.814316094852984229e-02
4.859068857816358639e-02
5.073853859988351755e-02
4.944246605349083418e-02
4.741794737055897435e-02
4.954229017409185476e-02
5.074976241836945401e-02
4.660569488381346298e-02
4.769734730944037715e-02
4.958275686949491223e-02
5.102177814890940938e-02
4.910963587462902069e-02
5.043759398783246445e-02
5.086181097043056959e-02
4.883619643126924786e-02
4.963422270181278712e-02
4.635833312446872162e-02
4.900291192655761852e-02
5.051469391522308422e-02
4.382340139709413329e-02
4.989342891300718036e-02
4.811560707166791240e-02
4.642490780291457647e-02
4.855018335705001825e-02
4.988717290883262767e-02
5.000837322634955201e-02
4.826250307572384907e-02
4.739426397718489448e-02
4.794535647767285413e-02
5.004328369783858643e-02
4.928562712545195984e-02
5.002861668666203770e-02
4.866542268233994828e-02
4.971788483671844144e-02
4.600547817535698136e-02
5.081109272626539025e-02
4.823177736252546449e-02
4.940510153149565292e-02
4.909879358795781606e-02
5.020707302416364121e-02
4.510966474190354625e-02
4.999185524260004593e-02
4.885155456140637120e-02
4.878104344631235129e-02
4.537961247066656795e-02
4.992210861916343556e-02
5.016637189934650826e-02
4.843641559903820448e-02
4.500136168984075064e-02
4.967011365418632501e-02
4.912687432952225070e-02
5.007514047125975060e-02
4.966606690237919397e-02
4.750454807654023309e-02
4.798466283828019957e-02
4.585096421651542464e-02
4.862864169602592462e-02
5.108420352141062465e-02
4.919226872734725614e-02
4.580028407896558768e-02
4.944058049780627323e-02
4.781704476724068370e-02
4.921206198632717410e-02
4.583113226108252725e-02
4.723616853977243013e-02
5.012274278948704309e-02
5.006380327977240363e-02
4.611662072129547874e-02
4.845644836314022541e-02
4.659204344886044846e-02
4.936039404322703494e-02
4.773347675800323348e-02
5.025424618894855366e-02
4.604627865677078657e-02
4.859546291021009379e-02
4.897699626162647923e-02
4.739099789100388593e-02
4.747183858416974267e-02
4.724553241394460062e-02
4.911600505001843114e-02
4.803235372528433939e-02
4.956949159192542559e-02
4.964324835066993846e-02
4.516082789438466416e-02
4.966985378414392333e-02
4.855873224635919028e-02
4.689027053924898353e-02
5.007203604715566164e-02
4.942356209891538010e-02
4.971840563230216226e-02
4.979908224195241789e-02
4.466928091521064209e-02
4.806726239621639252e-02
4.478760776109993319e-02
4.962721054131786352e-02
4.808604139834642133e-02
4.617970987843970226e-02
4.884653557091951648e-02
4.805482594917218075e-02
4.896151203041275435e-02
4.887924680175880637e-02
4.796898728236555914e-02
4.870180672345061912e-02
4.776370056594411717e-02
4.811139892165859633e-02
4.926744303666055064e-02
4.964765280795593871e-02
4.615840888582169871e-02
4.944835576849679337e-02
4.931112527847290178e-02
4.731181027988592969e-02
4.661848066995541440e-02
4.841439349887271398e-02
4.615086795141299519e-02
4.499143107483784265e-02
4.949066258656482226e-02
4.892686652019619803e-02
4.749849685467779498e-02
4.912486680162449909e-02
4.838182471382121430e-02
4.477469045668840131e-02
4.913056846708059588e-02
4.595048278570175448e-02
4.938802022176484036e-02
4.626911949987212724e-02
4.946845293355484757e-02
5.023136561115582738e-02
4.857993076244990216e-02
4.950040169060230394e-02
4.849956834999223643e-02
4.660849603824317178e-02
4.860717283251384663e-02
4.846027380165954246e-02
4.782021728654702736e-02
4.973894860595464568e-02
4.718807511962950368e-02
4.492576463768879758e-02
4.716855706647038460e-02
4.871278825836877074e-02
4.694965672679245194e-02
4.821190728495518274e-02
4.899260909296572486e-02
4.850963264082868570e-02
4.686728206773598665e-02
4.821636741980910024e-02
4.872009744867682179e-02
4.751767101697623730e-02
4.784855702891945700e-02
4.532830077223479887e-02
4.510631011798978129e-02
4.538446220879753523e-02
4.502204437740146836e-02
4.885568126725654131e-02
4.821399236097932001e-02
4.691901518963277617e-02
4.707445292733609954e-02
4.768363454689582281e-02
4.715099760020772385e-02
4.736929602610568529e-02
4.708270399520794736e-02
4.798638435701529231e-02
4.652255328061680184e-02
4.688063976354896883e-02
4.778117206878960271e-02
4.455538708716631074e-02
4.275724232817689624e-02
4.947716062888503352e-02
5.024721880132953372e-02
