1.615183361669381368e+00
2.028603813052177463e-01
9.752539263417323023e-02
7.781806127478678448e-02
8.827821827183167380e-02
7.617303633441527277e-02
7.584595071772734509e-02
6.997310351580381116e-02
7.030298681308826125e-02
7.856074080181618680e-02
6.828805527960260524e-02
6.946987332155307726e-02
7.275786224131783331e-02
6.850838789095481385e-02
6.562448107947906062e-02
6.570069503039122072e-02
6.360141044482588157e-02
6.610000991572936857e-02
6.922753753761450024e-02
6.810331569363672899e-02
7.015072476118802691e-02
6.444254506379365477e-02
6.607601613427202536e-02
6.969247427458565014e-02
6.819794757912556182e-02
6.570461777349313748e-02
6.550941584631800318e-02
7.228036623448133580e-02
7.137996738155683030e-02
6.604900233447551228e-02
6.621924713564415754e-02
6.588957455630103932e-02
6.905038495237628138e-02
6.614337475970387403e-02
6.391930295154452102e-02
6.359639071238537555e-02
6.542866315071781125e-02
6.566800472016136314e-02
6.668144296233852186e-02
7.216373771429061834e-02
6.739742092167337606e-02
6.386373224357763667e-02
7.883636746245126226e-02
6.274998097370068639e-02
6.261495410775144710e-02
8.324674698834617914e-02
6.432555553813774918e-02
6.518767780934771328e-02
6.861649758492906204e-02
6.404348315671086478e-02
6.231491836408774299e-02
6.344865064447124947e-02
6.179532238592704008e-02
6.606414855768283356e-02
6.697447653238972065e-02
6.869769799212614714e-02
6.947079981987674957e-02
6.778404065097372311e-02
6.870083546886841808e-02
6.226279143864910104e-02
5.815783514951666094e-02
6.982728914668162590e-02
6.676941349481542443e-02
6.038894174620509231e-02
6.278166957199574072e-02
6.286672332634528348e-02
6.959978490757445790e-02
6.272005780910451522e-02
6.785212337039410457e-02
6.283810228730241088e-02
6.468588860084613368e-02
6.916001493732135130e-02
6.611500493561228708e-02
7.563317786281308075e-02
6.305047553653518599e-02
6.590288262814283926e-02
5.718962768092751559e-02
6.095332754775881906e-02
6.186029857645432284e-02
6.514884210502107365e-02
6.368658312906821939e-02
6.008570798983176725e-02
6.320901996145646129e-02
7.099361893410484348e-02
6.019852412243684170e-02
6.111006452701985697e-02
6.674974855345984504e-02
6.563148268188039036e-02
6.158417082702120210e-02
5.914256557201345854e-02
6.158495861105620778e-02
6.258036983509858431e-02
6.177973231921593533e-02
6.140654937674602104e-02
6.445393377294142412e-02
6.553043736765781779e-02
7.531246002142627516e-02
5.888296635821461955e-02
6.233344651137789211e-02
6.525004556713004389e-02
6.041594881564378572e-02
6.423848185688257884e-02
6.028882530828316710e-02
6.217627857501308031e-02
7.795588021477063700e-02
6.243825781469544006e-02
6.423795787307123861e-02
5.846172980343301850e-02
6.217714445665478706e-02
6.178055813536047908e-02
6.148512874419490709e-02
6.240548521280289002e-02
6.267358067445456815e-02
6.251694393654663728e-02
6.489162312199671379e-02
6.043683985869089531e-02
6.102012398963173323e-02
6.664568975567818077e-02
5.946814203013976730e-02
6.193083882952729602e-02
6.721446238458156364e-02
6.149183570096890261e-02
5.898838339063028346e-02
6.540224241092801316e-02
6.689543388163049498e-02
5.762349612390001846e-02
6.202022093037764389e-02
6.898601048936446600e-02
7.153839814787109341e-02
6.012830344339211569e-02
6.125677616645892193e-02
5.780587371438741795e-02
6.111362026383479473e-02
6.505967933063705466e-02
6.207523606717586795e-02
7.162567533552646748e-02
5.908866773980359088e-02
6.402487124005953878e-02
7.136639342332880276e-02
7.120819134016831420e-02
7.019885534420609863e-02
7.821044040843844192e-02
6.887170710911352800e-02
5.748537631705403356e-02
6.085456137855847769e-02
5.803712648029128729e-02
6.317334972942868776e-02
7.169508446628848619e-02
6.201039962160090346e-02
6.900391163925330418e-02
5.969970187172293774e-02
6.261281341935197309e-02
6.056120622282226695e-02
6.096906094501415574e-02
6.759743159947295688e-02
5.989975678424040717e-02
6.289944104229409916e-02
6.649492288008332364e-02
6.647300276284416609e-02
6.102312835554282028e-02
5.990254518265525352e-02
6.386446199690301584e-02
5.918301299214363126e-02
6.067776985466480366e-02
6.217038206135232919e-02
6.020594360306859294e-02
6.441460918635129318e-02
6.167902682597438402e-02
6.022746687754988726e-02
7.108300120880206574e-02
6.405493743096789261e-02
7.610468722259004781e-02
6.155187914147972755e-02
5.822163929541905592e-02
5.724346632758776227e-02
5.959682963167627773e-02
5.943246499324838367e-02
5.881263249243299379e-02
5.802491900200645175e-02
6.080253525947531407e-02
5.838493088260292979e-02
5.957728439321120784e-02
6.991262742007772757e-02
6.151281977693239672e-02
6.098227263738711934e-02
6.177859780689080871e-02
7.271657285590966968e-02
7.101772967725991648e-02
5.948498542110125520e-02
6.169875947758555329e-02
6.658117119222879687e-02
5.965017455319563539e-02
5.880036090811093658e-02
6.718675113593539083e-02
6.169113368416825893e-02
5.891900163143873326e-02
6.298043143004178335e-02
5.998307261926432571e-02
6.211547911788026233e-02
6.229425063977638705e-02
6.204189618428548186e-02
5.840153643861412808e-02
5.854136568183700151e-02
5.986433683584133775e-02
5.820049465633928693e-02
6.047140706330537963e-02
6.224270676573117472e-02
5.804636736089984622e-02
8.146509720633426932e-02
6.066008362919092511e-02
7.467272233838836981e-02
5.914775936553875318e-02
6.230399405583739170e-02
6.853817165829241553e-02
5.947565844282507591e-02
5.882854967067639024e-02
7.194081888223688437e-02
5.879056758557756751e-02
5.930977510288357873e-02
6.759363159226874918e-02
6.272647620178758987e-02
6.013896122574806380e-02
6.339337627092997418e-02
6.019320384288827375e-02
6.213182303744058110e-02
7.301642433429757217e-02
5.990845849737524986e-02
6.493533605399230690e-02
6.034984882920980259e-02
6.136438355160256375e-02
6.297716833030184147e-02
6.243005640804767664e-02
6.129047308738033023e-02
6.131881435091297156e-02
6.055696362008650829e-02
5.859646689146757320e-02
5.617328873525063299e-02
6.064966399843493838e-02
5.709177496222158504e-02
5.861003421867887198e-02
6.153283178185423030e-02
6.778813607990741286e-02
6.262304001487790928e-02
5.935377014180024530e-02
5.641510322690010404e-02
6.758224997048577209e-02
5.866338018948832889e-02
6.261367862423261599e-02
6.235734120011329762e-02
6.033270766337712337e-02
6.029569744442900281e-02
6.043705537294347813e-02
5.866722224901119859e-02
6.112101711332797865e-02
6.232740998268127691e-02
6.274705275272329796e-02
5.775552983085314313e-02
5.872393102074662669e-02
6.260142800398170448e-02
6.321233251442512358e-02
5.782568744694193547e-02
5.661957206514974666e-02
5.913329437995950427e-02
5.951949726479748709e-02
5.834016463408867731e-02
5.677544804289937075e-02
5.998018407573302291e-02
6.422142473980783917e-02
6.313278551834325403e-02
5.751922079051534353e-02
5.935448074092467691e-02
5.806459001575907386e-02
5.897869797113040879e-02
5.719621486961841417e-02
6.294121922925115242e-02
6.760971569766600908e-02
6.485853957943618631e-02
5.909041191761692235e-02
5.648139346390962379e-02
5.922333608071009281e-02
6.697133425623177927e-02
7.303271618982155877e-02
6.335184062520662907e-02
5.737606751111646447e-02
5.983747017880280961e-02
5.897432763129472483e-02
6.969450695440172761e-02
5.687130386630694090e-02
5.911891385292013246e-02
6.206987378497918345e-02
5.752250300099452651e-02
5.698121521311501347e-02
6.147563297301530949e-02
5.960496803745627542e-02
6.699938291683793512e-02
5.726053634037574225e-02
5.888286951929330715e-02
6.204816775396466283e-02
5.636161481961608072e-02
6.094587882359822628e-02
5.886661297331253345e-02
6.024501342326402803e-02
6.741717437903085863e-02
6.780092486801246598e-02
6.453410716727375762e-02
5.965468436479568620e-02
5.785166985665758654e-02
5.692109509992102773e-02
5.845017909382780458e-02
6.101660999469459001e-02
5.804517312596241957e-02
5.872379866118232483e-02
6.373874303574363076e-02
5.771506048118074661e-02
5.700508983495334442e-02
6.227574308402836212e-02
5.684302154307564053e-02
5.954094270865122746e-02
5.931188508868217441e-02
6.141403564562400441e-02
6.339984161468843749e-02
6.484304960196217438e-02
6.648180470491449334e-02
5.735158591841658243e-02
5.717723832776148984e-02
5.950900432343284030e-02
5.809909767781695072e-02
5.830059467504421916e-02
6.193067180613676809e-02
5.527634942904114529e-02
6.231638708462317738e-02
5.690080416078369119e-02
6.186148996775348713e-02
5.822439472501476920e-02
5.687862468883395084e-02
5.741533854355414940e-02
6.209701079875230845e-02
6.060763984918594166e-02
5.579940921316544483e-02
7.359202763065696151e-02
6.096920786425471389e-02
6.203377955282728118e-02
5.848121834297975025e-02
5.779692425082127299e-02
6.131741799414158062e-02
5.802129014084736469e-02
5.776029436538616946e-02
5.651010503371556304e-02
6.270623480280240747e-02
5.662636778006951283e-02
6.390957274784644926e-02
6.458138566464186048e-02
5.768079721989730763e-02
6.396674906214078193e-02
6.410673220021029239e-02
6.042028510011732828e-02
5.639170827964941346e-02
5.836473334580660061e-02
5.826809594407677401e-02
6.192796306063731715e-02
6.789098832756280955e-02
5.649744904289642766e-02
6.231497716158628658e-02
5.920862171178063044e-02
5.926540109639366616e-02
6.033455314735571701e-02
6.733713541179894846e-02
5.609473139668504083e-02
5.909676395667096127e-02
5.840627442424495969e-02
5.775516054593026610e-02
5.571194481725494363e-02
6.995066106940309170e-02
5.773961024358868765e-02
5.455958429723978265e-02
5.756302259862423193e-02
5.998792481298247797e-02
5.889725017050902178e-02
5.596720200652877814e-02
5.762788482631246018e-02
6.884034358585874869e-02
5.684124197190006805e-02
5.839227866070965944e-02
5.556580552210410584e-02
5.742953892176350106e-02
5.927460599069794139e-02
5.847340897346536143e-02
6.430277599021792800e-02
5.657052406420310514e-02
5.715752614662051451e-02
5.741382744163274487e-02
7.608212733020384977e-02
5.813170772666732128e-02
6.218554393698771943e-02
5.726118110120296395e-02
5.704606273832420194e-02
6.235935339083274048e-02
5.505472042908270830e-02
5.697539052615563371e-02
6.597956264391541259e-02
5.630473472798864371e-02
7.494477400556207036e-02
5.683302524810036199e-02
6.324962208668391539e-02
5.657646513233582225e-02
6.092285162148376038e-02
5.934031789501507947e-02
5.691066716487209326e-02
5.668753527104854889e-02
6.001540917282303239e-02
6.378947880119084646e-02
5.856311539188027715e-02
5.999876963905990263e-02
5.813856735515098018e-02
5.866332528491814691e-02
6.011151354449490586e-02
5.741208186373114586e-02
6.393711715315779365e-02
6.001415624593695042e-02
6.449535236693919316e-02
5.927261554015179207e-02
5.863476157188415860e-02
5.700598817008237229e-02
6.283970767011244629e-02
5.683362865820527215e-02
6.681390186771750395e-02
5.604320355380575103e-02
5.975354665269454191e-02
5.924992153421044377e-02
5.511425107096632608e-02
5.911030758172273331e-02
5.877901974444588173e-02
5.821500602488716147e-02
6.302322048073014105e-02
5.784417857105533106e-02
5.843075292805830628e-02
5.635675117373466214e-02
5.889339754978815955e-02
5.701559385905663468e-02
6.053065721566478624e-02
5.643695410961906134e-02
5.614692853763699615e-02
5.847849305719136914e-02
6.502731402094165392e-02
6.020759748915831266e-02
6.276354812706509689e-02
6.651745362828175023e-02
5.723356081172823601e-02
5.702216014886896112e-02
5.702374795141319092e-02
6.063118794932961797e-02
5.837078548346956441e-02
6.167768678007026772e-02
5.846870647743344224e-02
6.409688254818320108e-02
6.494852266584832945e-02
6.149554237102469040e-02
5.584215374042590663e-02
5.656117897480725937e-02
5.682813158258795405e-02
5.573283549708624857e-02
5.923578384953240294e-02
5.924657242993514039e-02
5.744152623539169888e-02
5.586243132129311423e-02
6.250535917468369451e-02
5.658679302160938424e-02
6.575757643207907899e-02
6.381358479460080835e-02
5.896767338116963575e-02
5.668980844939748576e-02
6.060180042559901864e-02
6.099062586824099269e-02
5.706835222740968411e-02
5.847990773928662261e-02
6.005258172750473078e-02
6.431047373761733521e-02
5.393673177808522984e-02
5.789950790504614503e-02
6.134013374025622939e-02
5.884136244033773971e-02
5.975136145949364042e-02
7.076676946133375612e-02
5.880528207247456146e-02
5.676366815343499017e-02
5.614934322113791787e-02
5.811807951579490983e-02
5.929772606119513428e-02
5.866413319793840203e-02
5.810162103734910211e-02
5.927022712926070108e-02
5.643644582480192295e-02
6.022093139588832744e-02
5.716677129889528169e-02
5.805616462603211542e-02
5.910125659157832584e-02
5.902262732386589356e-02
6.099467840977013111e-02
5.608048795101543138e-02
5.670460590471824297e-02
