2.234188558459281992e+00
1.063314019640286823e+00
6.339258667826652704e-01
3.874716531485319360e-01
2.115966275831063503e-01
1.279189167295892993e-01
1.081949682347476543e-01
9.020432622482378593e-02
8.962322618812322561e-02
8.032356586307287660e-02
7.406023458888133515e-02
7.605101032803456007e-02
7.458961565668384419e-02
7.625444758683443125e-02
7.402329402665297486e-02
6.994314331561327092e-02
7.226751774549483587e-02
7.339751285190383723e-02
7.225386896481116039e-02
7.080163106943170026e-02
8.394285532956322071e-02
7.009979159881671307e-02
8.036658442889650644e-02
7.357342693333825123e-02
7.244575694203377048e-02
7.446898146842917399e-02
6.994489868481953976e-02
6.887261528521776421e-02
6.981548267727097357e-02
6.914948984359702011e-02
7.819365708157420547e-02
6.649981133639812358e-02
7.231221134463945710e-02
6.903517514467238936e-02
6.788096610456705038e-02
7.345144799600045182e-02
7.072609789048632523e-02
6.709766654918590534e-02
7.148658271878957637e-02
7.269552164400616689e-02
7.527387129142880384e-02
8.016391981393099220e-02
7.666441699489950912e-02
7.379135650272171387e-02
7.087071701263387979e-02
6.601850513989726554e-02
7.788183945541581055e-02
8.273068883145849595e-02
7.529463613405823486e-02
8.147268246859312724e-02
7.039466083049773781e-02
8.075531982506314876e-02
7.385395444929600262e-02
7.687908886310955425e-02
7.199985088159641111e-02
6.469498863443731707e-02
6.613942977661887990e-02
7.022199389214317522e-02
7.677466440945864001e-02
6.591606713210543256e-02
6.876985793312390127e-02
7.307821362589796144e-02
7.594165939837693724e-02
7.160106051713227560e-02
7.207375757396221327e-02
7.264189333965380413e-02
6.731758646046122341e-02
6.743761404107014024e-02
6.366558229550718651e-02
6.460884225865205777e-02
6.506494859233498407e-02
7.171436104923487043e-02
6.729627217476566448e-02
6.968600735068321284e-02
6.793924655454854078e-02
6.574581601346532467e-02
7.709156284419198257e-02
6.661492815862099515e-02
7.174348880226413816e-02
7.990893609821796140e-02
9.139245642349123899e-02
7.558804811288913350e-02
6.802709724133212954e-02
7.143022723495960624e-02
7.350425672406951660e-02
6.849932434037327156e-02
7.680631690969069725e-02
6.659254217520356456e-02
7.002280497302611206e-02
6.518802642201383668e-02
6.631431988130012667e-02
6.733126747732361139e-02
7.389866364498932916e-02
7.436158937712510075e-02
6.462739236652850772e-02
8.134858402734002070e-02
9.138593098148703464e-02
7.744000972559055007e-02
7.626394141465425713e-02
6.710042132064700238e-02
7.065869058171908579e-02
7.933159690971175459e-02
7.433795454601446751e-02
6.757564287632704392e-02
8.001556828618049122e-02
7.168045615156491690e-02
7.025408009688059729e-02
6.686701770250995380e-02
6.498472209709385550e-02
6.757488928735255751e-02
6.487549432242910308e-02
6.837190526227156229e-02
9.177113285909097029e-02
6.419135561833778925e-02
9.361116120591760070e-02
6.799594513451059918e-02
6.604652740682165346e-02
8.133335628236333659e-02
7.334581642101208054e-02
6.605233359461029630e-02
6.547844768812259575e-02
6.766794217129548650e-02
6.800440104057391133e-02
6.511121466755867560e-02
6.594886811450123565e-02
6.716825062409043090e-02
6.426379542176921533e-02
6.499041808769107087e-02
7.167935238530238895e-02
7.107368119681875540e-02
6.350417153909802825e-02
7.019261337816715129e-02
6.501744110758106432e-02
6.979195063312848557e-02
7.131462954295178513e-02
7.643341502795616971e-02
6.643386807913581604e-02
6.752348063513637089e-02
7.689633199324209800e-02
6.553196628888448283e-02
6.595850373307864112e-02
6.609263330077132237e-02
6.719736646239955757e-02
6.812481004123886741e-02
6.346281335999567896e-02
6.920057911425829544e-02
6.967092194284002504e-02
7.724063722416758815e-02
6.614863013848662487e-02
7.435560340993106754e-02
6.602771708741783652e-02
6.623671652749180128e-02
6.640973256280024994e-02
7.137439373880624660e-02
7.091049719291428466e-02
6.650186997527877952e-02
6.453468648095925242e-02
6.759860436742504142e-02
7.230467888837059653e-02
6.515955487266182622e-02
7.260282628548642148e-02
6.588140189647674616e-02
7.551948116471370043e-02
8.144534324606259035e-02
7.358850392823418352e-02
8.097825993473331541e-02
6.499449211483200595e-02
7.393824265648921146e-02
7.638525098562240490e-02
6.624043936530749077e-02
6.548384019484122798e-02
7.141196063409248340e-02
6.847580991374949133e-02
8.002335000472764193e-02
6.599403673782944235e-02
7.856527778940895768e-02
6.893121802558500877e-02
6.824892012402415664e-02
6.326417164256174785e-02
7.091707743704318834e-02
6.312816549092531426e-02
6.644971895342072221e-02
1.050524388191600572e-01
7.102693526074289887e-02
6.644797664756575684e-02
7.581169072538614107e-02
6.623392382636666964e-02
7.267836279546220635e-02
8.124038772967955013e-02
6.575331714004278849e-02
6.487496232613920721e-02
6.666647467141349759e-02
7.338610192139943811e-02
6.580500685920318005e-02
6.655833534896374304e-02
7.101173810039956846e-02
7.535875291253130159e-02
6.671514414250850900e-02
7.576479467873771523e-02
6.507541570812463982e-02
7.068021403625607268e-02
6.840269386147458663e-02
6.549888967846830001e-02
8.516284176458914501e-02
7.591770096682011471e-02
8.464148355027040216e-02
6.816333548476298521e-02
6.148273751760522515e-02
9.361473364755511228e-02
8.002342124780019439e-02
6.895792527124285087e-02
7.126580547541379318e-02
7.012216375519832179e-02
6.417399392152825510e-02
8.984880187238256100e-02
6.657885074615478571e-02
6.660816449051101817e-02
6.624873369621733787e-02
6.607360844189921756e-02
8.741032862414915838e-02
9.066416030749678556e-02
6.513948451106746362e-02
8.343604126324256909e-02
6.427327769498029919e-02
6.735255918155114152e-02
7.052038428994517050e-02
6.300202657779058191e-02
7.236156940460204690e-02
6.666390644386410713e-02
6.782143926868836048e-02
6.923539055511356011e-02
6.572499413664142920e-02
7.079536677648623488e-02
6.331021223217249416e-02
6.694075972462694424e-02
8.491372888286909115e-02
7.444119016329447946e-02
8.595469856945177345e-02
6.665773975973328380e-02
7.063102063412467213e-02
9.473875815048814208e-02
6.898787150780359700e-02
8.757406406104564778e-02
6.392124245564143048e-02
6.577959478522341086e-02
7.394326541572809885e-02
7.323888985440135668e-02
6.301758673042058556e-02
6.432893130307396068e-02
6.832198567067583606e-02
7.668558582663535794e-02
7.525943744306763661e-02
6.591338361923892997e-02
6.715757874151070950e-02
8.646166902345915617e-02
7.960568189620971513e-02
6.514482305074731361e-02
7.035585854823390994e-02
6.735288674011825905e-02
6.631623230253656798e-02
6.280374879017472378e-02
6.814244557792942247e-02
7.003134763489167469e-02
9.092083958288034451e-02
6.714951187993088710e-02
6.338828294848401768e-02
7.583428877095381437e-02
8.160773678372303108e-02
6.489169098436832483e-02
6.163583320875962862e-02
7.321550900116563509e-02
6.549886090680956396e-02
6.254406649619341507e-02
6.362303977832198254e-02
6.300327296679218703e-02
8.678223904843131165e-02
6.901524685633679546e-02
9.259440545924008115e-02
6.455229820062716173e-02
7.773100964104136257e-02
6.423975020647049172e-02
6.287339968606829588e-02
6.443921461080510948e-02
7.416837246467669620e-02
7.063643737696111147e-02
6.727572261045376700e-02
6.899128461877504503e-02
6.802308465664586024e-02
7.023773428363104532e-02
6.864796365611254558e-02
6.704902122418085475e-02
8.131865243117014641e-02
7.373845215265949216e-02
6.918195517112811499e-02
6.532160784428318878e-02
7.310352003201842086e-02
7.067942578345537408e-02
6.412117775529622976e-02
6.980911061788598604e-02
6.944863356028993517e-02
7.405133619904517850e-02
6.673887354011337480e-02
7.199437330166498505e-02
7.221865809833009908e-02
7.010326159497101695e-02
6.475457296396294748e-02
6.367786669482787543e-02
7.024961688866217246e-02
7.132791565110285781e-02
6.974256920317808972e-02
6.609697649876276893e-02
6.716412476574380730e-02
6.658501276746392472e-02
7.744028747702638715e-02
8.267714638883869038e-02
6.799843159814675242e-02
7.611632731432715904e-02
6.626870951304833501e-02
6.514928911502163023e-02
7.824812212958931479e-02
6.976914290338755154e-02
8.114888171354929514e-02
7.357358797763784153e-02
6.691977952296535026e-02
8.127497324720024674e-02
7.962104274580876495e-02
7.794004354005058810e-02
6.858914759630958813e-02
6.306977496171990716e-02
6.922904208923379155e-02
6.497824170937140098e-02
7.034811550130447289e-02
6.679767483224471891e-02
7.049890245621402707e-02
6.256983291357755272e-02
7.069263209899266653e-02
6.443685758238038019e-02
7.676919644698500245e-02
6.380161608879765522e-02
6.204401944453517836e-02
6.800588797157008925e-02
6.440923904379208809e-02
6.324362367391586637e-02
7.384274485831458790e-02
6.516864116614064228e-02
6.285565466309586680e-02
6.431996351107954757e-02
6.755045548081398121e-02
6.226995398600896486e-02
6.290680904562274967e-02
6.539925926675399515e-02
6.321645237505435500e-02
6.297928506508469748e-02
7.102192941432197704e-02
6.449197358141342540e-02
7.066464352111022362e-02
6.818150127306581154e-02
6.613822815939783550e-02
8.117534962793190867e-02
7.121289646252990102e-02
6.892982328931490654e-02
6.541883288572232502e-02
7.756867336109279920e-02
6.816602026422818872e-02
7.239203042040268099e-02
7.090876444553335933e-02
9.064830185224612147e-02
7.260850044588247620e-02
7.121139360281328323e-02
6.367799822861949788e-02
8.271194536238908601e-02
7.063457780207196834e-02
7.120305035263299609e-02
6.460191326215863894e-02
6.742089654008547039e-02
6.882981084908047775e-02
6.692798191681503805e-02
6.872858468443154845e-02
6.401779009029269496e-02
8.318402056271831380e-02
6.624108205238977976e-02
7.121898309638102775e-02
7.313114822531739667e-02
7.550980032111208329e-02
6.977074965213736490e-02
7.149458521977067327e-02
7.151398717425763718e-02
6.906163599342107773e-02
8.123241424560546931e-02
6.997224160470068288e-02
6.473132111753027162e-02
6.646648303916057043e-02
6.829065482442576995e-02
7.052878288552165420e-02
6.370584412167469568e-02
7.432067542026440932e-02
7.502757828682661556e-02
6.776854668433467122e-02
6.503072593361139409e-02
6.654372481008370699e-02
7.879869251201550295e-02
6.674683425885935550e-02
6.702032494669159235e-02
6.965056655928492102e-02
6.357909278323252422e-02
8.131401780371864951e-02
7.370954167097806820e-02
7.317808630565801609e-02
7.953460558007161008e-02
6.102490555805464845e-02
6.347081181282798745e-02
6.907294853900869391e-02
6.766725605353712814e-02
6.463225745906432673e-02
7.285991486161946806e-02
6.376787081360817122e-02
7.332477530464530380e-02
6.880448317155242466e-02
6.524746512994170078e-02
6.749432542050878836e-02
6.005378577237328180e-02
7.068056365164618327e-02
6.832794459536671583e-02
6.826817229390144681e-02
6.577565335358181997e-02
6.118616399665673805e-02
6.661738671362399389e-02
6.861514028161763701e-02
6.086815611769755968e-02
7.731004743526379008e-02
6.910317836950222170e-02
6.750437088310717870e-02
6.734620395737389575e-02
7.781010684867699367e-02
7.736929932609200311e-02
6.228070581331848765e-02
6.349323082094390780e-02
6.568046047662695619e-02
6.154355070864160615e-02
6.931346174329519605e-02
9.192134759699305269e-02
8.050655243918299064e-02
7.463807751114169553e-02
7.091562623158097212e-02
6.311875489850839183e-02
6.336993641530473675e-02
7.610562097281217686e-02
6.454206253712375940e-02
6.922638881951570511e-02
6.855960618083675739e-02
6.869114907458424846e-02
6.285250576213002871e-02
7.245168027157584956e-02
6.350685404613613805e-02
6.685078322887420821e-02
7.665436822921037341e-02
7.306132207314174065e-02
6.509008925097684028e-02
6.236692897975444627e-02
8.021120316659410832e-02
6.337801591182748440e-02
8.034473241617282047e-02
7.280552738656599632e-02
8.419258143131931604e-02
7.689142458451291018e-02
7.095786000291506856e-02
7.397537696485717573e-02
6.668613674739996833e-02
6.612261805062492892e-02
6.770585147663950309e-02
8.284779909998178649e-02
7.707324975480635276e-02
6.553507943327228913e-02
6.781961875657240013e-02
6.635858769218126729e-02
7.405617674812674245e-02
7.174800759181380883e-02
6.229859912147124590e-02
6.532391390452782498e-02
8.134335546443859088e-02
7.481514384349187419e-02
6.432463350395362101e-02
8.434411613270639818e-02
6.357968905319770492e-02
6.424190959893166797e-02
6.932283171142140932e-02
6.978840516259272875e-02
6.313465670682490150e-02
6.373635603114963244e-02
6.376723051692048672e-02
6.587497413158416304e-02
6.526622433836261339e-02
6.737090172556539636e-02
7.321000740863382872e-02
7.484805609410007110e-02
6.356393376986185784e-02
6.649137180919448276e-02
6.419619208201765570e-02
6.809574239576855759e-02
6.338139862443009642e-02
