9.811823988954225528e-02
7.759113032370805463e-02
7.110588668535153256e-02
6.639601681381464282e-02
6.413084501400589943e-02
6.347216113160053519e-02
6.117396528522173887e-02
5.781197138130664964e-02
5.822886032983660975e-02
6.000489983707666536e-02
5.798925027872125354e-02
5.448750518262386600e-02
5.864709829911589345e-02
5.489156239976485802e-02
5.435224771499633928e-02
5.740228258073330064e-02
5.571946483105420789e-02
5.159681926791866852e-02
5.718468039607008113e-02
5.563695272430777689e-02
4.536107098683715005e-02
5.925746209298570627e-02
5.206560563916961398e-02
5.512522170320153375e-02
5.032429266721009931e-02
5.333110488330324722e-02
5.634481788923342838e-02
5.508211310952901979e-02
5.379877137020230154e-02
5.223773348455627852e-02
4.959159145752588954e-02
5.375934882710377283e-02
5.451161973178386688e-02
5.421966724097728590e-02
5.608284259214997569e-02
5.216452289993564473e-02
5.304771245767672672e-02
5.412580290188392235e-02
5.500095672905445238e-02
5.311587996159990860e-02
5.336233749985695024e-02
4.873470216989517212e-02
5.052928542718291421e-02
4.568756725639104566e-02
5.121443582077821188e-02
5.332604767754674235e-02
4.812835765381653919e-02
4.952163851509491788e-02
4.378026469300190515e-02
4.916503299027681628e-02
5.312078368539611267e-02
4.797304381305973059e-02
5.074451842034856386e-02
4.537327031915386333e-02
5.345030296593904218e-02
5.283093331381678859e-02
4.766384639466802325e-02
5.393018731847405711e-02
5.067676954592267857e-02
5.166879153500000821e-02
5.250519638260205818e-02
4.759752377867698669e-02
5.112758117417494363e-02
5.294669838622212410e-02
4.561301143839955469e-02
5.055273591230313029e-02
5.127886707584063120e-02
5.210506189614534656e-02
5.248819822445512095e-02
5.115165368964274401e-02
4.836687234540780478e-02
5.110094187160332813e-02
5.142804983382423534e-02
4.862092950691779270e-02
4.641078589484095435e-02
5.225945850834250173e-02
4.869827410827080177e-02
4.966775088881452555e-02
4.816060808176795410e-02
4.766573235392570357e-02
4.390048418814937459e-02
5.402295781920353479e-02
5.176003597055871958e-02
4.701533873255054480e-02
4.778738745177785879e-02
4.907466191798448563e-02
4.612419925009211136e-02
5.115665501604477888e-02
4.877835661172866960e-02
4.980409430960814482e-02
4.837755272164941112e-02
4.897864712402224402e-02
3.950935698424776210e-02
4.717491262902816229e-02
4.721413611744840894e-02
3.848398054639498578e-02
3.859763909131288390e-02
4.938083495944738111e-02
4.580743359401821813e-02
5.158760348955790387e-02
4.515491491183638850e-02
4.262036016831795282e-02
4.352183671047290398e-02
4.969963279242316928e-02
4.286518683657049994e-02
5.093907120948036604e-02
4.333674280593792505e-02
4.785958426073193273e-02
4.525645611186822348e-02
4.485696954652666768e-02
4.918361172700921879e-02
4.729005064194401198e-02
4.939299346879124503e-02
4.976399028673768321e-02
3.877885133648912436e-02
4.959633707379301065e-02
5.040510501712560515e-02
3.509209062904119353e-02
4.743474628776311874e-02
5.064758798107504845e-02
4.671023236587643762e-02
4.950322095925609178e-02
4.489058032631874223e-02
4.942125339681903429e-02
4.850127436220645627e-02
4.809421120832364088e-02
4.739866393307844844e-02
4.781293716902534213e-02
4.651574899132052826e-02
4.623510275656978613e-02
4.872716047490636276e-02
4.524316756675640649e-02
4.809982888400554657e-02
4.675275379170974049e-02
4.758104511226216721e-02
4.678255332012971196e-02
4.978948996091882295e-02
4.811966636528571678e-02
4.462828083584705757e-02
4.501113217944899964e-02
4.650002022584279193e-02
4.905354604125022888e-02
4.948989562690257749e-02
4.807870533938209123e-02
4.821140061443050795e-02
4.245009263977408270e-02
4.858623677864670753e-02
4.898962086687485423e-02
4.736824886252482408e-02
4.659404968842863898e-02
4.766430063173174997e-02
4.664262318983673772e-02
4.678839752450585088e-02
4.608846592406432019e-02
4.127828221147258891e-02
4.646603921428323070e-02
4.779448437814911438e-02
4.811029148598511967e-02
4.458504399905602322e-02
4.927794610460599356e-02
4.197129604096214162e-02
5.058647356927394728e-02
4.164674002677202364e-02
4.769141164918740822e-02
4.624586667244633131e-02
4.456626614555716376e-02
4.871272792418798042e-02
4.517428549006581584e-02
4.809775821243723187e-02
4.796698590119679445e-02
4.723347350955009460e-02
4.337971558173497194e-02
4.358806619420647899e-02
4.289523418992757797e-02
5.103970201065143042e-02
4.273757745201389041e-02
4.751005635286371237e-02
4.945735636477668895e-02
4.562359151119987216e-02
4.708108864724636078e-02
4.542981317887703763e-02
4.625332622478405681e-02
3.379501719027757506e-02
5.168404268721739359e-02
4.863187478234370226e-02
4.202925696348150386e-02
4.767679888755083084e-02
4.592890758067369461e-02
4.014054095993439125e-02
4.790744890148441321e-02
4.911271641030907908e-02
4.810858067745963501e-02
4.259314266964793483e-02
4.982563198233644353e-02
4.660960451389352388e-02
4.481024071574211259e-02
3.810804036135474748e-02
4.830360381553570198e-02
4.475141664346059256e-02
4.667994504173596931e-02
4.520580473666389876e-02
4.662759980807702070e-02
4.658453855663537840e-02
4.022681893159945482e-02
4.627807848155498366e-02
3.854856199274460382e-02
4.626995238165061003e-02
4.686474682142337256e-02
3.783781112482150627e-02
3.816819948454697881e-02
4.231348453710476881e-02
4.800557689741254130e-02
4.406643115604916977e-02
4.671466810007889742e-02
3.960052452360589975e-02
4.665237786248326024e-02
4.831976334874828888e-02
4.561208048835396767e-02
4.539826813464363509e-02
4.172762039427956038e-02
4.696975471451878686e-02
4.811155072723825865e-02
4.318125573918223103e-02
4.699503673861424313e-02
4.593441085889935632e-02
3.983688149601220807e-02
4.713725888480743004e-02
4.008932672441005429e-02
4.657461292420824600e-02
4.439092514415581697e-02
4.587903305267294202e-02
4.468048385654886656e-02
4.563413839787244797e-02
4.833653817574182915e-02
4.411944796641667499e-02
3.538859576607743945e-02
4.882870353758335391e-02
4.061293552319208966e-02
4.425298500185211731e-02
4.813919163619478220e-02
4.053368667761484551e-02
4.809902391086021828e-02
3.931166784216959947e-02
4.670516215264797211e-02
4.595384923741221289e-02
4.552645506337284903e-02
4.231847825770576610e-02
4.668902708217501779e-02
4.462772998958826343e-02
4.439306724816560745e-02
4.430557386949658671e-02
3.817338657875855856e-02
4.280083452661832127e-02
4.514430273945133076e-02
3.729112911969423294e-02
4.791359845548868318e-02
4.852389432489871701e-02
4.662134197230140276e-02
4.606742331137259755e-02
4.625372200583418442e-02
4.616166514654954089e-02
4.318038687730828967e-02
4.578574939320485121e-02
3.717342047020792684e-02
4.279928536464770727e-02
4.548147401461998668e-02
4.115501192087928778e-02
4.202035255730152130e-02
4.685692349448800087e-02
4.540805869425336427e-02
4.490206725895404954e-02
4.614553575714429312e-02
4.588504253576199121e-02
4.466829939434925623e-02
4.453230776513616290e-02
3.959321208919087953e-02
4.250853747750322348e-02
3.829918596893548688e-02
4.983679071689645773e-02
3.973603745301564766e-02
4.546518006051580157e-02
4.583158002545436455e-02
4.615118019282817702e-02
3.942507216706871848e-02
4.407044099643826762e-02
4.557590307667851171e-02
4.181617299715677943e-02
4.686735862245162282e-02
4.095523416375120712e-02
4.708417486399411878e-02
4.452492091804742536e-02
3.757815634210904393e-02
3.947440432384610037e-02
4.814789636681477553e-02
4.082058556377887726e-02
4.226724859327078004e-02
4.360238080844282965e-02
4.431772117192546434e-02
4.640188608318566998e-02
4.640421091268460280e-02
3.431628771747152057e-02
4.756316139052311348e-02
4.410247796525557790e-02
4.588049734011292319e-02
4.427352156490087232e-02
4.379398040473461012e-02
4.364407733082771579e-02
4.478110689669847350e-02
4.451284641399979453e-02
4.553083740174770216e-02
4.402558670068780489e-02
4.383175404121478214e-02
4.159720741833249774e-02
3.950361413881182948e-02
4.584952186172207289e-02
4.614704791456460814e-02
3.698800218602021211e-02
4.576542858655253954e-02
4.529918314268191470e-02
4.130217880010604581e-02
4.437401300917068886e-02
3.609612708290418220e-02
4.511306223769982748e-02
4.305127641807000166e-02
4.058620572711030966e-02
3.835541174436608858e-02
4.250962398946285525e-02
4.653662213434775485e-02
4.655448763320843564e-02
4.357986307392517494e-02
4.628419022386272980e-02
4.070255421102046689e-02
4.216550393030047555e-02
4.623696717123190747e-02
4.300742630536357608e-02
4.598912457004189491e-02
4.388878258566061841e-02
4.018527682249744409e-02
4.429306540017326904e-02
4.464346552267670770e-02
4.035710189491510669e-02
4.686650615185498914e-02
4.396748238553603583e-02
3.973755575716495653e-02
4.411097612852851735e-02
4.403337771072983464e-02
4.573417150725921088e-02
4.526164767642815862e-02
4.706329582259059091e-02
4.415651991342504912e-02
4.525789385661482811e-02
4.475894849747419357e-02
4.534517231707771434e-02
4.463166253020366125e-02
4.476143345236778537e-02
4.423122766117255217e-02
4.398059916372100420e-02
4.503998861958583011e-02
3.982856009776393480e-02
4.173550453657905168e-02
3.784098162626226697e-02
4.210577746853232106e-02
4.348443864534298764e-02
4.163648461302121156e-02
4.340696260333061496e-02
4.083018799622853412e-02
4.220520046850045198e-02
4.446409689262509346e-02
4.194100253904859549e-02
4.592355604593952728e-02
3.907966744154691557e-02
4.277728342761596275e-02
4.405843283360202922e-02
4.551145071163773675e-02
4.409538038695851730e-02
4.356513383487860269e-02
4.250958167637387819e-02
4.256102132300535607e-02
4.386906928072373257e-02
4.020548919215798100e-02
4.579983707517385622e-02
4.523116182535887042e-02
4.255266531060139523e-02
4.379435762142141336e-02
4.407826677585641867e-02
4.520902677128712382e-02
4.274703860282898227e-02
4.357760231941938678e-02
3.397729794184366908e-02
4.547837938492496623e-02
4.399415679896871018e-02
4.225485203787684302e-02
4.174729951967795505e-02
4.055746719241141995e-02
4.514756404484311647e-02
4.260314712300896506e-02
4.153224875529606952e-02
4.402188267558813234e-02
4.417543883124987192e-02
4.248284356047709459e-02
4.233737224712967595e-02
3.947140785555044995e-02
4.443193742384513034e-02
4.333461131900549074e-02
4.421379302317897386e-02
3.943834813932577815e-02
4.393091518431901932e-02
4.076670377204815593e-02
4.422898329794407168e-02
4.422540223846833235e-02
4.386076700563232289e-02
3.927745946372548924e-02
4.458298633495966917e-02
4.270615748440225595e-02
4.132718453183770180e-02
4.367901443814237866e-02
4.060786782453457838e-02
4.514783065145214214e-02
4.390666373074054996e-02
4.147962775702277588e-02
4.399203844368457933e-02
3.924763081595301906e-02
4.254835428049166812e-02
4.118648814037442069e-02
4.102899019295970506e-02
4.232030495380361551e-02
3.962967578942577090e-02
4.503701891129215790e-02
4.020359764496485300e-02
4.027311215177178244e-02
4.483136494333545691e-02
4.509032893305023326e-02
4.319003146762648987e-02
4.159021504844228473e-02
3.442392920454342975e-02
4.483211087062954903e-02
4.266865768780311180e-02
4.062032386039694104e-02
4.261286330098907477e-02
3.843548496564229422e-02
3.996661643808086667e-02
4.411750473082065582e-02
4.462643268828590803e-02
4.121598570297161507e-02
4.454323463141918182e-02
4.256779796754320278e-02
3.969638335208098417e-02
4.289626972749829154e-02
4.021813512469331331e-02
4.200016884133219580e-02
4.208570495247841020e-02
4.462878095606962608e-02
4.034567881996432848e-02
4.191586896777153154e-02
3.982078945264220377e-02
4.262532809128363742e-02
4.257415023942788534e-02
4.255722813929120607e-02
4.016501891116300987e-02
4.117896494766076082e-02
4.434887720271944722e-02
4.277161049346129423e-02
4.347191844135522842e-02
3.563084217409293042e-02
4.273834247142076215e-02
4.256098242476582388e-02
3.490046858787536344e-02
4.139233039071162773e-02
3.856438525641957965e-02
4.342509067306916243e-02
3.983485763892531673e-02
4.229863435029983243e-02
4.469954182083408362e-02
4.163695126771926880e-02
4.331154143437743187e-02
4.129991255079706186e-02
4.300449301178256578e-02
4.409323989724119736e-02
4.145874505241711749e-02
3.480366850271821022e-02
4.061550141001741415e-02
4.500493643184502734e-02
3.382196395347515649e-02
4.483176531891028271e-02
4.312495182578762049e-02
4.085101010277867456e-02
4.308251325661937442e-02
4.304463509470224380e-02
4.390413754930098944e-02
4.197247152527173314e-02
4.284175519521037784e-02
3.963801932210723328e-02
4.160905182361603061e-02
3.785650106146931648e-02
3.843551337098081999e-02
4.640666010479132381e-02
4.205903802067041675e-02
4.252176377922296802e-02
4.276649427289764410e-02
4.393934023876985145e-02
