4.453994649462401922e-02
2.889286514371633419e-02
2.790025545284152003e-02
2.704362627118826051e-02
2.653342992067337161e-02
2.611579329706728569e-02
2.591209669597446807e-02
2.578778058290481442e-02
2.548410406336188219e-02
2.534918473102152486e-02
2.507688583806157168e-02
2.495651637203991427e-02
2.485545418225228870e-02
2.469377606175839762e-02
2.443578181788325435e-02
2.443390028551220908e-02
2.421201293356716605e-02
2.418784752488136250e-02
2.410632900893688174e-02
2.393129924312233786e-02
2.397053888067603167e-02
2.376351273618638668e-02
2.363138506188988686e-02
2.357578821480274187e-02
2.355959482491016416e-02
2.340423402376472922e-02
2.331649067811667961e-02
2.333461969159543459e-02
2.328076073899865150e-02
2.319887333549559144e-02
2.300253040157258441e-02
2.288874765858054175e-02
2.286672997288406034e-02
2.282532152719795801e-02
2.272158384323120020e-02
2.273546348325908295e-02
2.272019804455339964e-02
2.253363458439707617e-02
2.249989924021065374e-02
2.249487491324543911e-02
2.238777398131787735e-02
2.242948248051106902e-02
2.227959637530147960e-02
2.230002516880631377e-02
2.223664483986794935e-02
2.212410681881010407e-02
2.217557408846914865e-02
2.210494418628513799e-02
2.205062007531523663e-02
2.191106512211263291e-02
2.209149228408932575e-02
2.206393543630838505e-02
2.189141171053051935e-02
2.187267204746604077e-02
2.196136549115181025e-02
2.195124904625117904e-02
2.195701029151678196e-02
2.188782210461795441e-02
2.159725891426205607e-02
2.184218074195086803e-02
2.166145370341837281e-02
2.178238559514284259e-02
2.160135721787810256e-02
2.159103897400200395e-02
2.158011917024850804e-02
2.174132015556097183e-02
2.148717638105154121e-02
2.158705351874232181e-02
2.149747189134359332e-02
2.146095008589327460e-02
2.151002584956586416e-02
2.143338044174015675e-02
2.144759484566748087e-02
2.135454464703798183e-02
2.132799147628247627e-02
2.121360072866082178e-02
2.136659655719995443e-02
2.122245380654931221e-02
2.122087054885923862e-02
2.120230837725102860e-02
2.107796178199350737e-02
2.113863304257392745e-02
2.117268965579569354e-02
2.110307600349187879e-02
2.110417698509991016e-02
2.108939775265753283e-02
2.107968371361493981e-02
2.106417698785662679e-02
2.106824488379061347e-02
2.096313678659498733e-02
2.082257747650146512e-02
2.088689704425632926e-02
2.091448115184903200e-02
2.091841497458517621e-02
2.098761743865907095e-02
2.088597303256392590e-02
2.082291566766798427e-02
2.075469528324902155e-02
2.075422582216560757e-02
2.078267212957143895e-02
2.080858969129622052e-02
2.073236625641584549e-02
2.068926731124520399e-02
2.070136424154043336e-02
2.075284004211425809e-02
2.071905039250850761e-02
2.060148041695356383e-02
2.041864330880343789e-02
2.061814998276531585e-02
2.049399906769394999e-02
2.044004023075103593e-02
2.068179030902683735e-02
2.053664494305849214e-02
2.055695141665637646e-02
2.050842626951634995e-02
2.048329439945519026e-02
2.046232821419835188e-02
2.030620452016591859e-02
2.039048207923770117e-02
2.029564984142780137e-02
2.027424448169767857e-02
2.040627660229802146e-02
2.028522824868559879e-02
2.025912513956427616e-02
2.041872647590935175e-02
2.029006080701947073e-02
2.015107091516256388e-02
2.035466613247990594e-02
2.024274840019643293e-02
2.023105733096599440e-02
2.042720011435449068e-02
2.003524534404277704e-02
2.028016048483550701e-02
2.002712817862629946e-02
2.031170416623354069e-02
2.026642381213605501e-02
2.011861871927976553e-02
2.011528224684298177e-02
2.007271209731698036e-02
2.017344238236546544e-02
2.002617366611957397e-02
2.000889279879629681e-02
2.013804578222334538e-02
1.993953116238117093e-02
2.002558796666562696e-02
1.984834469854831682e-02
2.004436670802533724e-02
2.005870612338185241e-02
1.999813682399690165e-02
2.002723961137235081e-02
1.985706844367086943e-02
1.984336849302053424e-02
1.986548030748963231e-02
1.984675701707601381e-02
1.996911313384771430e-02
1.980537205003201837e-02
1.993307710625231294e-02
1.987000651657581246e-02
1.993732500821351894e-02
1.989721568301320090e-02
2.001026478596031749e-02
1.979378482326865293e-02
1.978435155004262813e-02
1.984682548791170259e-02
1.971495283767581153e-02
1.987317300401628128e-02
1.974231815896928394e-02
1.991709945723414352e-02
1.984571062959730736e-02
1.981709646992385263e-02
1.969250398688018183e-02
1.980826016515493254e-02
1.975959277711808806e-02
1.974508343264460425e-02
1.958568056114018061e-02
1.978268061764538316e-02
1.965572796761989524e-02
1.953700774349272085e-02
1.963784985244274028e-02
1.973521715961396722e-02
1.968831736594438622e-02
1.969433515332639356e-02
1.967318484559655092e-02
1.972395414486527443e-02
1.970179979689419200e-02
1.946316368877887629e-02
1.953556954860687089e-02
1.947608541697263759e-02
1.951502480544149709e-02
1.957748353481292627e-02
1.958606453612446799e-02
1.951628936454653795e-02
1.946557277813553907e-02
1.948707227595150582e-02
1.929369480349123547e-02
1.949092458002269282e-02
1.945255977101624165e-02
1.932371674105524961e-02
1.937783841975033311e-02
1.950143881142139476e-02
1.939429589547216753e-02
1.951100104488432546e-02
1.943286956287920350e-02
1.952057901769876577e-02
1.939549757167697078e-02
1.946374172344803727e-02
1.947388455271720914e-02
1.938856881111860123e-02
1.935054080560803455e-02
1.947684859856963283e-02
1.927835472859442192e-02
1.937796235084533747e-02
1.940152082592248861e-02
1.932144728489220212e-02
1.935901700519025367e-02
1.928677137941121889e-02
1.933126201853156007e-02
1.927747799083590410e-02
1.935600889846682618e-02
1.921041421592235496e-02
1.923483623191714342e-02
1.923063033260405050e-02
1.925804359838366453e-02
1.934528016485273852e-02
1.928338681347668143e-02
1.916181345470249764e-02
1.934927511960268104e-02
1.931648508645594092e-02
1.924258278682828074e-02
1.914467296563088922e-02
1.922322669066488590e-02
1.930683106184005737e-02
1.931076395325362696e-02
1.911540674977004611e-02
1.916651421226561042e-02
1.915874562226235756e-02
1.909993307664990467e-02
1.922091417945921352e-02
1.910189219750463990e-02
1.919773221015930176e-02
1.923588449135422637e-02
1.906325384043157031e-02
1.917329648509621606e-02
1.902476054616272436e-02
1.890243899077177075e-02
1.906230946071445914e-02
1.903568268753588061e-02
1.884088944643735886e-02
1.901016086339950631e-02
1.902268515899777426e-02
1.914859944023191915e-02
1.899166525341570294e-02
1.908801142126321723e-02
1.902290161699056459e-02
1.907811253331601758e-02
1.911623253487050589e-02
1.908403333276510391e-02
1.905388553626835221e-02
1.904077686369419140e-02
1.904721418395638466e-02
1.903906232677400265e-02
1.888903811573982086e-02
1.916950503364205430e-02
1.886540004983544225e-02
1.896406832151114816e-02
1.911978356540203206e-02
1.899099112488329341e-02
1.899504110217094255e-02
1.901764058507978902e-02
1.882150529883801909e-02
1.891309810802340591e-02
1.897197693586349584e-02
1.892874665558338249e-02
1.894924044609069824e-02
1.901014437898993631e-02
1.889615273103117943e-02
1.893383003771305015e-02
1.886428196914494149e-02
1.894713743589818492e-02
1.898189470171928253e-02
1.910812516696751284e-02
1.894719157367944634e-02
1.901735438965260899e-02
1.885558262467384311e-02
1.882131036370992758e-02
1.880034510046243654e-02
1.877084480598568972e-02
1.879828115925192764e-02
1.884929980151355336e-02
1.882588226348161711e-02
1.889769707806408447e-02
1.878625934943556688e-02
1.886690216138959056e-02
1.886642610654234997e-02
1.874724941328168026e-02
1.883034064434468621e-02
1.885508215054869721e-02
1.866433247923850874e-02
1.875835854560136892e-02
1.873219495639204951e-02
1.883186769671738037e-02
1.877461528405547156e-02
1.881576138548552921e-02
1.868301771581172901e-02
1.872774157673120360e-02
1.880823553539812468e-02
1.862114146351814131e-02
1.882906123064458440e-02
1.872150765731930844e-02
1.880036668851971585e-02
1.881423752754926570e-02
1.873274893499910984e-02
1.866719336248934269e-02
1.874392656609415869e-02
1.874625379219651070e-02
1.866704118438065191e-02
1.866424197331070789e-02
1.871280294843018221e-02
1.873496566899120891e-02
1.873986361548304544e-02
1.875337802805006338e-02
1.857778435572981710e-02
1.859876218251883817e-02
1.863023943267762619e-02
1.889974479563534190e-02
1.865499227307736846e-02
1.869997434318065518e-02
1.850327335298061412e-02
1.870849327184260016e-02
1.868503501638769937e-02
1.870095007121562805e-02
1.862882949411868994e-02
1.868243214674293953e-02
1.869914536364376476e-02
1.868946997448801828e-02
1.871821907348930961e-02
1.864125289954245146e-02
1.860994742251932677e-02
1.841885388828813988e-02
1.871017416007816903e-02
1.845826997421681770e-02
1.848743581213057111e-02
1.858289138413965827e-02
1.858691511675715502e-02
1.865579819306731335e-02
1.866034428589045946e-02
1.848775364458560971e-02
1.866463716141879628e-02
1.859516073018312524e-02
1.849573591724038013e-02
1.856593482196330913e-02
1.865359389223158332e-02
1.862077832221984905e-02
1.857426186092197770e-02
1.867907756939530400e-02
1.855649571865796918e-02
1.851249405182897947e-02
1.861536847427487304e-02
1.869279791601002189e-02
1.845659085549414269e-02
1.848595045506954207e-02
1.861033067107200484e-02
1.841067047789692740e-02
1.852216183207928968e-02
1.858812124468386257e-02
1.850423720665276064e-02
1.854474736377596800e-02
1.841046750545501792e-02
1.841420420445501888e-02
1.854897128418088112e-02
1.859075590036809306e-02
1.844636112451553470e-02
1.839343411847949028e-02
1.845391913317143834e-02
1.840166500769555707e-02
1.852328263223171345e-02
1.844169572927057896e-02
1.838249182328581879e-02
1.835246181115508107e-02
1.848159246146678994e-02
1.843809030018746936e-02
1.842846759594976916e-02
1.838517730124294633e-02
1.853990657255053659e-02
1.847921469248831397e-02
1.848257017321884577e-02
1.838228045962751050e-02
1.852200780995190074e-02
1.840033528394997148e-02
1.836940472014248274e-02
1.850569120608270071e-02
1.826182910241186744e-02
1.836464479565620353e-02
1.829238804057240625e-02
1.840416019782423890e-02
1.837257339619099983e-02
1.815334314480424038e-02
1.848117913119494762e-02
1.832751390524208629e-02
1.831963659264147434e-02
1.846074776723980945e-02
1.824281265027821036e-02
1.856235711835324889e-02
1.826106972992420224e-02
1.840086606331169453e-02
1.841164128854870866e-02
1.831498886458575795e-02
1.835612239316105829e-02
1.841776499524712396e-02
1.842906727455556268e-02
1.840362280607223469e-02
1.819960584864020389e-02
1.828735567629337366e-02
1.852762855589389773e-02
1.838009588420391055e-02
1.827842808328569019e-02
1.836180183105170713e-02
1.830297298729419847e-02
1.832605416886508298e-02
1.830984774976968793e-02
1.828329388983547521e-02
1.833067618310451480e-02
1.833596910350024714e-02
1.825818353332579053e-02
1.835710816085338662e-02
1.832817301154136824e-02
1.837680480442941203e-02
1.815840652212500489e-02
1.824803594499826292e-02
1.820467371493577832e-02
1.835482480004429692e-02
1.822804270312190084e-02
1.826491199433803725e-02
1.831015535630285684e-02
1.816283043473958941e-02
1.822542150504886938e-02
1.827499482780695073e-02
1.835266928188502775e-02
1.824806055985390973e-02
1.828167863190174186e-02
1.815937088802456814e-02
1.831359887495636815e-02
1.824715787544846368e-02
1.827633637003600597e-02
1.815018465742468737e-02
1.826785476878285339e-02
1.811272040009498721e-02
1.822129041887819711e-02
1.815278587862849402e-02
1.829215943813324030e-02
1.821485970169305774e-02
1.829273230396211147e-02
1.818427646532654735e-02
1.810678086243569865e-02
1.822780574671924170e-02
1.811397218145430199e-02
1.802652956917881813e-02
1.819551333785057040e-02
1.816589466296136476e-02
1.817295186221599620e-02
1.823928687721490874e-02
1.815675389021634972e-02
1.812515211291611250e-02
1.804696006700396566e-02
1.817889149300754015e-02
1.820773498155176667e-02
1.822273276746273069e-02
1.810940315015614061e-02
1.827795890159904929e-02
1.815908546559512685e-02
1.792360004037618637e-02
1.801174079999327826e-02
1.813233203254640061e-02
1.805415987968444699e-02
1.816866086795925969e-02
1.806498426012694697e-02
1.815480449236929472e-02
1.819173688068985786e-02
1.812604516744613717e-02
1.796494783833622877e-02
1.814454370178282192e-02
1.803235348314046957e-02
1.813988867215812067e-02
1.798604625277221147e-02
1.804424986243248138e-02
1.782571385614574108e-02
1.805162150412797928e-02
1.810299264267086969e-02
1.803266089409589698e-02
1.794189389795064829e-02
1.800747253932058825e-02
1.802379069849848608e-02
1.822817976586520519e-02
1.798838159069418921e-02
1.802973637357354122e-02
1.810901344753801726e-02
1.809508832171559389e-02
1.808954302221536803e-02
1.803113123401999321e-02
1.806006021797657013e-02
