2.325916748121380773e-01
8.809074645861983410e-02
8.144698975607753133e-02
7.672328433021903538e-02
7.740913491696119197e-02
7.465612880885601210e-02
7.314023390412330294e-02
7.372437654063106194e-02
7.157563455402851660e-02
7.197389626875519419e-02
7.123475238680838928e-02
7.143841102719307445e-02
7.037267472594976869e-02
6.886740652844310084e-02
6.918716834858060216e-02
6.948675233870744983e-02
6.719226010143757033e-02
6.918082717806101067e-02
6.846402391791343855e-02
6.847167428582906501e-02
6.802986236289143562e-02
6.777165194042027163e-02
6.773769493214785997e-02
6.664105170406400824e-02
6.588397664017975330e-02
6.552602520212530424e-02
6.720583334565162492e-02
6.607513022609054487e-02
6.672720439732074404e-02
6.627866663038731176e-02
6.372750656679272707e-02
6.482104492373765015e-02
6.691377485170960093e-02
6.713004603981971574e-02
6.400826413184404484e-02
6.300712326541542396e-02
6.578897004947066585e-02
6.482029696926475126e-02
6.607063362374901438e-02
6.628270950168371756e-02
6.479792854748665787e-02
6.518954773433506544e-02
6.474719536490738947e-02
6.238882112316787576e-02
6.566569940187036436e-02
6.448928280733526308e-02
6.360041915439068605e-02
6.457026934251189343e-02
6.197983181104063655e-02
6.496884418651462101e-02
6.334246702492236925e-02
6.463695957325399366e-02
6.388085984624922165e-02
6.298635135404766217e-02
6.477491891942918634e-02
6.445188190788030125e-02
6.490139324218034689e-02
6.483679796569048748e-02
6.158604632131755435e-02
6.297372742556035796e-02
6.215397388674318707e-02
6.248655434697866773e-02
6.174466638825833881e-02
6.167308362200855931e-02
6.419107522815466205e-02
6.312950870022177030e-02
6.293700877577065866e-02
6.214150326326489671e-02
6.147335514426231079e-02
6.211818637326359943e-02
6.255155780352651684e-02
6.224047830328345576e-02
5.958246344700455360e-02
5.964730539359152511e-02
6.252211810089647326e-02
6.040192581713199615e-02
6.261233859695494730e-02
6.330951139330863453e-02
6.046823997050523869e-02
6.348454237915575338e-02
6.110766389407217697e-02
6.163739805109798992e-02
6.091050198301672935e-02
6.174939863383770156e-02
6.218128041364252845e-02
6.176810262724757167e-02
5.850202025845646636e-02
6.154313340783119229e-02
6.023956437595188312e-02
5.931694210506975595e-02
6.212264913134277200e-02
5.989997325465083039e-02
6.153493789024651328e-02
6.130245807580649714e-02
6.006753410212695848e-02
6.191706958226859264e-02
5.982986328192055336e-02
5.982375290244817956e-02
5.631733175367117233e-02
6.017426794394850620e-02
