1.379220115929842061e+00
2.708003990054130283e-01
1.107359191700816176e-01
9.255053179711103528e-02
8.729080497846007647e-02
8.236546671204268699e-02
7.834342467598616466e-02
7.889271598868072277e-02
7.448738451860845156e-02
7.761814211495220162e-02
7.153729021921753639e-02
7.088562123291194950e-02
7.145999989844858957e-02
7.223533956706523762e-02
7.058579530008136926e-02
6.928925072774290428e-02
6.917091680876910620e-02
6.845217738486826520e-02
6.765911376848816883e-02
7.076281728409231087e-02
6.883035062439739338e-02
6.826674272678792676e-02
6.920390426367521719e-02
7.085562672466039214e-02
7.066992147825658377e-02
7.113964046910405126e-02
6.911589385941624419e-02
6.848263104632497378e-02
6.714741531014442599e-02
6.771160273998975965e-02
7.259371033404021789e-02
6.973482683859764941e-02
6.694337707478553723e-02
6.606974283978342410e-02
7.094612993113696975e-02
6.844128803256899207e-02
6.511534986086189858e-02
6.587573276646435660e-02
6.810283013619482240e-02
6.697317505441606478e-02
6.692224218323826468e-02
6.511283842287957091e-02
6.576697925478219853e-02
7.030259846989064809e-02
6.648593962658196077e-02
6.549204366095363883e-02
6.598262853734195021e-02
6.568380749411881214e-02
6.956691714283079475e-02
6.790738034807144996e-02
7.209367585927248245e-02
6.762044930830597711e-02
6.788671790622174962e-02
6.709247080050409484e-02
6.447125213593243864e-02
6.422398515604436919e-02
6.554887982830405468e-02
6.622556315734982879e-02
6.597604026645421949e-02
6.461382792890071891e-02
6.576058029755950385e-02
6.305476155690849238e-02
6.546913919411599669e-02
6.710343690216541424e-02
6.626852954737842694e-02
6.685570503585040736e-02
6.519737351406365566e-02
6.429326480254531073e-02
6.827772069629281515e-02
6.561635216884315058e-02
6.335200441814958783e-02
6.433126323856414031e-02
7.177438208088278426e-02
6.740013504587114013e-02
6.372506035864353158e-02
6.622049003653228405e-02
6.801929745357483681e-02
6.304460105299949935e-02
6.642196745239198341e-02
6.279832574911416165e-02
6.447471805475651907e-02
6.300667786598206088e-02
6.346558894868939427e-02
6.339656386151909517e-02
6.436809349805117098e-02
6.504001908749341976e-02
7.057610148377715942e-02
6.485162869282067033e-02
6.608933810889720817e-02
6.694109076261520186e-02
6.190893116593360751e-02
6.365771108306944592e-02
6.368994082137942325e-02
6.241414091363549355e-02
6.238296216446906350e-02
6.562387147732079429e-02
6.294398913718760036e-02
6.284383691288530915e-02
6.932362606190145549e-02
6.290338783711195425e-02
