9.814963909900850658e-02
8.025550823658704480e-02
8.085029684007168094e-02
7.942391921662622645e-02
7.794028667526112231e-02
7.562833995454841529e-02
7.596910020543469477e-02
7.403288291146357947e-02
7.498895116150379458e-02
7.408518234474791020e-02
7.303551880435811550e-02
7.302753298232952939e-02
6.848123584770493544e-02
7.155018179780907317e-02
7.118388596508237742e-02
7.194883301854133884e-02
6.971295533908737629e-02
6.904102137519253779e-02
7.224386274400684815e-02
6.961085009906027576e-02
7.093045243786441634e-02
6.910750985973411475e-02
6.854688599705696661e-02
6.968776062130928317e-02
6.942212072511513843e-02
6.807180481652418125e-02
6.848451886326074878e-02
6.935902169595162259e-02
6.752858592404259452e-02
6.817821154577864695e-02
6.792118468632300787e-02
6.635330071051916134e-02
6.678149685677554903e-02
6.344718124924433877e-02
6.557186922679344998e-02
6.517673076854811620e-02
6.638837239394584921e-02
6.564077576622366628e-02
6.437519270305831764e-02
6.687448769807816107e-02
6.378648238670495130e-02
6.224413389960924831e-02
6.550543085775441254e-02
6.461544650503331377e-02
6.497353393998410442e-02
6.474340115156439202e-02
6.156010753992530865e-02
6.504491872878538639e-02
6.291477672962678125e-02
6.411990689941578225e-02
6.292109084832998855e-02
6.135745995367566930e-02
6.493190345871779900e-02
6.145321780608759693e-02
6.276437550162275447e-02
6.108979268206490149e-02
6.343273716047406752e-02
6.361777564096782189e-02
6.422730115138822193e-02
6.207869266056352531e-02
6.299101486802101413e-02
6.231245299180348390e-02
6.093949383745590753e-02
6.203259178954693975e-02
6.103131134683887488e-02
5.918715743141041846e-02
6.172031036888559613e-02
6.147696643860803972e-02
5.917727567462457289e-02
5.780357584978143559e-02
6.216727058506674175e-02
6.142643883617388001e-02
6.220744355685180887e-02
6.230493394864929785e-02
6.052993024802870436e-02
6.088214242416951222e-02
6.154866698715422135e-02
6.090689064520928703e-02
5.049092013181911281e-02
5.738017803264988670e-02
5.989920609734124268e-02
6.105933085911803559e-02
6.101899544397990094e-02
6.187234481589661689e-02
6.189667789472474285e-02
5.916037409462862606e-02
5.830194117087456745e-02
6.091106320834822202e-02
5.976229485952191944e-02
6.141804191801283203e-02
6.160018034279346466e-02
5.975555437099602796e-02
6.182528768355647492e-02
6.080585335277848696e-02
6.062114284270339604e-02
6.027741320431232591e-02
5.945901200175285339e-02
5.904498995385236426e-02
6.044951157851351925e-02
5.846461903096900753e-02
6.052308556520276384e-02
5.917691232429610204e-02
5.864502997655007821e-02
5.897125790102614173e-02
5.963604554740919300e-02
6.104233153164386610e-02
6.042700577527284483e-02
5.833746932653917361e-02
5.989494453080826397e-02
5.870541910537414865e-02
6.039489548032482558e-02
5.811713841847247763e-02
5.742325723792116032e-02
5.773759095205201197e-02
5.511242761794063472e-02
5.584959200479917840e-02
5.592131571223338260e-02
5.929846574241916246e-02
5.996071924972865008e-02
5.805739146760768160e-02
5.757682889492975187e-02
5.767601884694562725e-02
5.762758317093054361e-02
5.945062767714261870e-02
5.339136454794141812e-02
5.872871365605129151e-02
5.928262559076150073e-02
5.969646073256929669e-02
5.837674996712141628e-02
5.801410510515173091e-02
5.868845974198645676e-02
5.921219564560387116e-02
5.885719778016209464e-02
5.802732031378481092e-02
5.671564942846695628e-02
5.831838797570930433e-02
5.796672992615236469e-02
5.662854531159003391e-02
5.913385003805160522e-02
5.848043734828631268e-02
5.609643723194798065e-02
5.867176396358344398e-02
5.593466626273261438e-02
5.691209975630044660e-02
5.660212927808364047e-02
5.737734833318326039e-02
5.486395662236544929e-02
5.826295923648609071e-02
5.751697459361619635e-02
5.749755863928132649e-02
5.717336662734548436e-02
5.753005524683330041e-02
5.636283160290784383e-02
5.731266394464506336e-02
5.917521235015657521e-02
5.445844938771592092e-02
5.751678224446044735e-02
5.192649628346165253e-02
5.667167755050791372e-02
5.734038080813156496e-02
5.706901308149099628e-02
5.662764306697580519e-02
5.351394676706856812e-02
5.800824974560075259e-02
5.733703083048264509e-02
5.686175204399559341e-02
5.768828904256224910e-02
5.627207925750149498e-02
5.243349321600463547e-02
5.456698908367090678e-02
5.639297511014673692e-02
5.654581138450238270e-02
5.395266471637619882e-02
5.300989504903554778e-02
5.649391541050539922e-02
5.561599959101942020e-02
5.779790006991889634e-02
5.752186410956912355e-02
5.630162756683097791e-02
5.571437559814916562e-02
5.756333820107910337e-02
5.613960606149501209e-02
5.535027378549178118e-02
5.473535586562421756e-02
5.716017869611580982e-02
5.721464297837681318e-02
5.561357923886842136e-02
5.626132928041948505e-02
5.675640111375186009e-02
5.561119365609354381e-02
5.402424067465795565e-02
5.625338609226875758e-02
5.585732333776023684e-02
5.579517665836546125e-02
5.633512251079082767e-02
5.550923705514934636e-02
5.581915951851341290e-02
5.045153704575366244e-02
5.426456306336654295e-02
5.550761479470464610e-02
5.662532748861445059e-02
5.638035114647613893e-02
5.629158109012577516e-02
5.509747168463137446e-02
5.146342886404858818e-02
5.220991060551669755e-02
5.609190064585871383e-02
5.383380948462419824e-02
5.167569216961662160e-02
5.509258995039595375e-02
5.624387278738948726e-02
4.980708190964328042e-02
5.304859729690684228e-02
5.620068783561388975e-02
5.490113833091325030e-02
5.679719127300712767e-02
5.457204940418402400e-02
5.652922283237179352e-02
5.604554410609934034e-02
5.423810130192174145e-02
5.578758238504330502e-02
5.433833409721652852e-02
5.671881858466400195e-02
5.276053019074929823e-02
5.652477432870202378e-02
5.205070427101519265e-02
5.482828434970643539e-02
5.368890333920717239e-02
5.381661029532551488e-02
5.641080563267072273e-02
5.517810732126236101e-02
5.672233039513230324e-02
5.550959617313411254e-02
5.622030438648329548e-02
5.525934524420234722e-02
5.576937634290920348e-02
5.350144841811722840e-02
5.564506471984916047e-02
5.563530295880304150e-02
5.593054869936572165e-02
5.384449815998474526e-02
5.629745781835582275e-02
5.468199445555607663e-02
5.553790311225586390e-02
5.629385593864652537e-02
5.549306637710994805e-02
5.548066437865296907e-02
5.441777045942015195e-02
5.434367842972278456e-02
5.609020039232241045e-02
5.466580269858241359e-02
5.395306765826211881e-02
5.517128232038683022e-02
5.021671816292735957e-02
5.328927719965577403e-02
5.153689304780628699e-02
5.536778270163469906e-02
5.581056110353933147e-02
5.364764632864130883e-02
5.458334245615535651e-02
5.283912261947989325e-02
5.286055520797769414e-02
5.478759490781360403e-02
5.469541925316055708e-02
5.480110831558704376e-02
5.477964516936077027e-02
5.404607733297678990e-02
5.524690556857320828e-02
5.302129008082880068e-02
5.547620038398438230e-02
5.427356992537776814e-02
5.463055287384324665e-02
5.621659561163849100e-02
5.403979860453141798e-02
5.643869699496362191e-02
5.215492495853039923e-02
5.435644221595591769e-02
5.370119400322437286e-02
5.525395112733046121e-02
5.392802170374327159e-02
5.306959108759959354e-02
5.340483309701084952e-02
5.449953821177284247e-02
5.479598932175172576e-02
5.492841274374061361e-02
5.245123170316219607e-02
5.362107602672444573e-02
5.510881972602672124e-02
5.347900030513604713e-02
5.559100336912605606e-02
5.290872575715184489e-02
5.537068859363595413e-02
5.460518248793151674e-02
5.450018803692525948e-02
5.190980996315677776e-02
5.322057969040340508e-02
5.509605473942226495e-02
5.261665300155679570e-02
5.511144101619720737e-02
5.383660807791683378e-02
5.435839063591427212e-02
5.440525622624489688e-02
5.387140525918868161e-02
5.512706389029820714e-02
5.500224382720059896e-02
5.225412403750751000e-02
5.367934672782818245e-02
5.173876241056455522e-02
5.355930570513010164e-02
5.370402156064908034e-02
5.163711948941151347e-02
5.383473312896158713e-02
5.143860025952259885e-02
5.496332224251495452e-02
5.507554223554001621e-02
5.396501801701055617e-02
5.093057389474577035e-02
5.319888478972845808e-02
5.341712004608577952e-02
5.395775295587049852e-02
5.379599762252635503e-02
5.447477457217043961e-02
5.501940293858448988e-02
5.420021825573510810e-02
5.455937752914097327e-02
5.063677754046188445e-02
5.256832850476105684e-02
5.450412004979120206e-02
5.371933511147896495e-02
4.884976978517240748e-02
5.260507639290557674e-02
5.326162279686993961e-02
5.328430057399802938e-02
5.234708754966656274e-02
5.357460355800058860e-02
5.397114454665118133e-02
5.548590196089612375e-02
5.200885520834061526e-02
5.464597075349754418e-02
5.073568029329180579e-02
5.309005763588680454e-02
5.456460490822791914e-02
5.507049550198846177e-02
5.331157322766052337e-02
5.464836479061179614e-02
5.365901984688308674e-02
5.365426587975687112e-02
5.330123232884539236e-02
5.392934805196192283e-02
5.276462251527441749e-02
5.262670028540823025e-02
5.510606667440798301e-02
5.059699264044562744e-02
5.056389512287245980e-02
5.199823921753300715e-02
5.264636360936694737e-02
5.282808539147178239e-02
5.333392805316382324e-02
5.449495371431112289e-02
5.220717847761180419e-02
5.203532820774449397e-02
5.377455638307664099e-02
4.976661184595691095e-02
5.479759764340189077e-02
5.150688140549593286e-02
5.401631127008133665e-02
5.144394289495216738e-02
5.244847826866640139e-02
5.373118059295747123e-02
5.348289619303411846e-02
4.934002746724420324e-02
5.258325999602675438e-02
5.241193294318186036e-02
5.310117006301880160e-02
5.433842636023958339e-02
5.183513895091083207e-02
5.414279507887032050e-02
5.401160983989636288e-02
5.360663561150431911e-02
5.366011710009641056e-02
5.398877336540156002e-02
5.372334504500031471e-02
5.339045812272363162e-02
5.418543463779820074e-02
5.433456114389829950e-02
5.178724655674563776e-02
5.023488208858502974e-02
5.163093421401249161e-02
5.386464224300450965e-02
5.182164161362581845e-02
5.206740937299198652e-02
5.345987393003370780e-02
5.178738665870494251e-02
5.219365544617175778e-02
5.256366723527510637e-02
4.791931099154882884e-02
5.160302089320288610e-02
5.016117770638731099e-02
5.366582952232824139e-02
5.132897079197897006e-02
5.413169050589203973e-02
5.383676231528321948e-02
5.329926144331693927e-02
4.964850799491007938e-02
5.110641204648547903e-02
5.089187908710705172e-02
5.271936782325307297e-02
5.385972391813993732e-02
5.281508033060365592e-02
5.003689186026652469e-02
5.353932671455873676e-02
5.140203144401311874e-02
5.382117333097590633e-02
5.249882815405726433e-02
5.321079512230224295e-02
4.830782356568508878e-02
5.350097281237443242e-02
5.320753207844164390e-02
5.120042140285174098e-02
5.190959540713164372e-02
5.359079721901151977e-02
5.365209578432970916e-02
5.243333806801173114e-02
5.363885083546240939e-02
5.169796637362904235e-02
5.385365268836418695e-02
5.248103371510903087e-02
5.317467116854256853e-02
5.313417398267322039e-02
5.365753054825796176e-02
5.245068798669510340e-02
4.940192027845316525e-02
5.339431291860011197e-02
5.150281747596131138e-02
5.155778427918752266e-02
5.287978666731053129e-02
5.274063554695911094e-02
5.251603981273041816e-02
5.247781322234206652e-02
5.328593585226271134e-02
5.015351651236414632e-02
5.258940424149235321e-02
5.256311016985111551e-02
5.333851569642623219e-02
5.152485320965449062e-02
5.269332174211740355e-02
5.349383161713679863e-02
5.204483323420087265e-02
5.317763605465491289e-02
4.981800739963849339e-02
5.144910657157500400e-02
5.183837059885263582e-02
5.137397927335567160e-02
5.068311661274896990e-02
5.285483899836738997e-02
4.982666260459357038e-02
5.145616399952106929e-02
5.276191619535287175e-02
5.245530732596914020e-02
5.157580197685295020e-02
5.274726703969968844e-02
5.037039800857504024e-02
5.439586610429816838e-02
5.341246250189012751e-02
5.173971433606412706e-02
5.137568357297116195e-02
5.225522297744949335e-02
5.063378553216656142e-02
5.125955479840437617e-02
5.262489763812886606e-02
5.091955602789918767e-02
4.914183753232161112e-02
5.237271467016802601e-02
5.082478044140670281e-02
4.900538246664735975e-02
5.280581654773817968e-02
5.243266013761361394e-02
5.198912107282215034e-02
5.275104742290245147e-02
4.968166412371727986e-02
4.889912995406323071e-02
4.732035274306933131e-02
4.769043481598297940e-02
5.337896891352203466e-02
5.326925497502088547e-02
5.207361250908838085e-02
4.931861529540684796e-02
5.212344024330377301e-02
5.148208790148298131e-02
5.217358858014146256e-02
5.243404830495516228e-02
5.145159264405568117e-02
4.856618320983317055e-02
5.062671348245607189e-02
5.135159670478767896e-02
5.065692883605758118e-02
5.282436471639408160e-02
4.940998075116011939e-02
5.159549656220608488e-02
4.905670419749286193e-02
