9.495534685254096718e-01
1.771911811456084174e-01
1.073075007647275869e-01
8.523989917710422803e-02
7.656376121565700021e-02
7.326822543516754715e-02
7.582470845431089901e-02
7.204250276709596446e-02
6.887932645777861129e-02
6.778867477551102361e-02
7.553412955875198065e-02
6.864944020907083611e-02
6.664495188121993818e-02
6.514391575629512043e-02
6.703334670513867721e-02
6.515832963710030401e-02
6.348296035081148203e-02
6.404913442830244275e-02
6.304522942751646097e-02
6.384251680846016186e-02
6.485136695827047049e-02
6.415262149025996452e-02
6.496733893329897924e-02
6.286953657244642724e-02
6.536568410073717583e-02
6.511256417259574103e-02
6.208276145781079641e-02
6.206146928171316773e-02
6.359785030595958844e-02
6.182849903280536463e-02
6.123647758116324696e-02
6.816238276039560118e-02
6.371026211728651745e-02
6.167403144761920281e-02
6.778949218491713002e-02
6.743708396951357542e-02
6.194064497326811497e-02
6.039902597044904953e-02
6.264693178236484250e-02
6.322490590314069903e-02
6.956564263751109645e-02
6.576685034359494586e-02
6.151581083734829897e-02
6.044471847514311380e-02
5.935832688584923716e-02
5.935308722779154833e-02
6.066581478963295471e-02
6.156415381158391459e-02
6.523608919853965404e-02
5.810684589358667412e-02
6.146178660914301817e-02
5.914711819340785076e-02
5.933161451791723467e-02
6.367682758097847895e-02
6.047912562265991832e-02
6.435063017532229035e-02
6.129989181955655675e-02
6.010575947351753934e-02
5.915536161512136709e-02
5.993474741155902646e-02
5.933042182276646037e-02
5.923727552096048898e-02
6.155022682001193290e-02
6.053286436945200244e-02
6.794806989841163658e-02
6.386819035125275434e-02
6.129759207367897061e-02
6.178958306089043367e-02
6.541100415711600946e-02
6.875728846217195322e-02
6.085908067102233782e-02
6.135724568739533286e-02
5.956181002159913196e-02
6.073191914086540494e-02
6.390519655309617741e-02
6.155337419360876194e-02
5.617249891161918418e-02
5.823947352046767584e-02
6.942366436123847961e-02
6.127564122589925638e-02
5.858055854216218106e-02
5.950688614820440897e-02
6.179402051493525228e-02
5.718178626149892502e-02
5.906930427998304672e-02
6.024708560047050548e-02
5.924706396957238330e-02
6.008879628653327615e-02
6.071744552503029191e-02
5.735967108358939331e-02
6.067009640857577019e-02
5.685434573640425759e-02
5.779905690501133814e-02
6.110809539134303553e-02
5.882535250236591018e-02
5.765010236452023512e-02
6.128047664960225432e-02
5.728958096044758919e-02
5.734201267982522859e-02
5.497901378199458039e-02
6.021615100403626686e-02
5.905580666537086493e-02
5.897656607752044949e-02
5.917458218832810646e-02
6.162860006714860478e-02
6.252063282455007365e-02
6.118713925903042361e-02
5.842360435674587987e-02
5.713182236378391843e-02
5.744583168998360773e-02
5.855354676333566349e-02
6.091299698377648786e-02
5.832458604748050335e-02
6.530616727968056867e-02
5.652394141380985559e-02
6.021789393077293939e-02
5.629119958728551892e-02
6.061323058481017656e-02
5.664804114649692884e-02
6.183579485242565732e-02
6.435840309287110816e-02
6.141291660567124722e-02
5.825369076803326579e-02
5.602517444019516207e-02
6.402352205788096329e-02
5.790097502991557038e-02
5.571052382389704571e-02
5.813225199778875030e-02
6.081960696106155501e-02
7.025683311124643338e-02
5.929827411348621152e-02
6.001824433604876358e-02
5.766509223729372052e-02
5.687305884435772674e-02
7.242154293383161467e-02
6.379267889385421830e-02
5.612236566220720618e-02
6.116183623050649998e-02
6.088783259813983911e-02
5.834487662961085341e-02
5.685562302668889512e-02
5.614783159146706504e-02
5.506313331425190249e-02
6.342344560349981453e-02
5.841574781884750073e-02
5.732043997695048659e-02
6.405898568530878079e-02
5.840829009811083355e-02
5.643343253061175457e-02
5.597839200248320990e-02
6.181663670887549422e-02
5.867808047061165433e-02
5.787270806108912174e-02
5.681349735086162894e-02
6.187533495947718926e-02
5.605126613751054004e-02
5.997566728542248066e-02
6.059280118594567027e-02
5.869484903911749429e-02
6.149692942698796461e-02
5.545663472885886680e-02
6.184198665743072948e-02
6.747561577707529568e-02
5.495741007228692465e-02
5.595306934167941504e-02
5.750951816638310427e-02
5.563679357369740591e-02
5.716390024249752566e-02
6.365404810135563696e-02
6.437877248972653788e-02
5.951690482596556225e-02
5.704527472456296516e-02
5.912388477474451315e-02
5.866415685974061406e-02
6.185337369019786730e-02
5.750579752648870419e-02
5.794974169383446116e-02
5.713158072282870786e-02
6.443478085100651231e-02
5.534664728368322156e-02
5.859667831410964034e-02
5.782845367367069056e-02
5.688602071255445536e-02
5.786510491743683537e-02
6.289572472994525709e-02
5.825850383689006040e-02
5.724944428851207190e-02
5.633478866269191199e-02
5.592430509626865331e-02
5.929128507773081397e-02
6.713583393022418133e-02
6.099877238894502174e-02
5.542642058183749193e-02
5.916755810379981800e-02
5.609214101297160110e-02
5.841960613615811149e-02
5.840656975905100801e-02
5.876571163535117964e-02
5.949204132581750737e-02
5.914524913455049271e-02
5.538662634169062154e-02
5.683831376334031599e-02
5.599706251795093237e-02
5.904574478665987336e-02
6.420150406658649278e-02
6.156335217878222688e-02
6.044726040214300211e-02
5.921383354812860544e-02
6.099495351314544733e-02
5.792855160931745934e-02
5.685617054502169199e-02
5.999353638850152270e-02
5.522387098831434832e-02
5.815062850092848207e-02
5.690487897644440352e-02
5.400702545729776233e-02
5.755269896859924184e-02
5.963380227486292373e-02
6.017074162761370387e-02
5.821757283372183678e-02
5.620798192918300545e-02
5.456115682298938452e-02
5.624306496232747699e-02
5.659965836443006659e-02
5.585262964790065759e-02
6.254471722369392417e-02
5.676436361546317866e-02
5.811432679494221709e-02
5.841465801000594871e-02
5.456834678848584280e-02
5.687340270727872515e-02
5.442040114663541234e-02
5.729137755930423931e-02
5.600850105285644365e-02
5.964610873411099051e-02
5.745647403101126344e-02
5.696038929124673522e-02
5.768202908337115992e-02
6.058712678651014677e-02
5.776977464556694308e-02
5.998170786226789120e-02
5.817251309752464322e-02
5.828490676358342309e-02
5.593644506608446559e-02
5.437391492848595020e-02
5.456046176763872102e-02
5.488767437015970585e-02
5.632172223490973517e-02
5.298628286148111127e-02
5.436771676565210071e-02
5.824666232491532841e-02
6.258669293175141146e-02
5.679679411152998431e-02
5.936081665878494701e-02
6.016802550603946032e-02
6.204183310270309365e-02
5.537202590455611584e-02
5.938351426894466351e-02
5.551402724037567821e-02
5.620916183417042078e-02
6.067547959585984502e-02
6.027339277788996974e-02
5.566578587517142379e-02
5.940479002892971178e-02
5.887275010347366166e-02
5.588623937840263289e-02
6.163943208754062847e-02
5.542709726840257950e-02
6.023257825523614661e-02
5.434296520426869226e-02
5.588011578346292058e-02
5.736586402170359977e-02
6.033822686721881240e-02
5.616767946630716463e-02
5.565170206129550767e-02
5.956004566513001947e-02
5.379083676884571785e-02
5.463223552331328281e-02
5.476820096373558044e-02
5.470200123575826717e-02
6.076376632166405334e-02
5.827369063471754540e-02
5.926996211831768446e-02
5.535040756687521768e-02
5.398838816521068368e-02
5.777579756453633114e-02
5.650333248389263763e-02
5.408211977531512255e-02
5.474714834243059325e-02
5.597311569377780294e-02
5.493173561679820516e-02
5.648645288621385874e-02
5.502669570346673672e-02
5.486508144686619293e-02
6.331209487592180662e-02
6.173739481717348265e-02
5.554673258215189063e-02
5.637970452817777506e-02
6.077128463114301465e-02
5.568902962530652978e-02
5.524161355569958548e-02
5.588823272846639434e-02
5.704231827830275048e-02
5.501993860428532057e-02
5.708343391617139162e-02
5.493941561318933797e-02
5.603587315107385475e-02
5.757720524445176374e-02
5.507249927148222951e-02
5.641145588209231510e-02
6.151023975263038984e-02
5.535855107009410997e-02
5.974737706904609952e-02
5.523992344737052584e-02
5.826752420514821895e-02
5.683759618550539294e-02
5.750552265283961906e-02
5.605522512768705556e-02
5.503974666508535535e-02
5.482321903109550754e-02
5.405285591259598871e-02
5.353585638416310383e-02
5.587164711828033342e-02
5.435836696376403210e-02
5.622709238901734546e-02
6.356597932055592370e-02
5.540713172405958148e-02
5.498359378427267186e-02
5.389666909351945034e-02
5.645881065167486501e-02
5.427267825230955994e-02
5.880301830048362266e-02
5.798080508907636071e-02
5.898149145767092594e-02
5.385973092789451272e-02
5.572490300983190536e-02
5.388371648266911812e-02
5.881716615830858558e-02
5.601198750858505521e-02
5.831068351243932912e-02
5.308964376337826224e-02
5.341704887648423411e-02
6.074467415610949189e-02
5.970766443759203262e-02
5.523476075381040379e-02
5.889470018446445188e-02
5.906927460183700185e-02
5.912074285248915262e-02
5.738931956390539574e-02
5.618346327294906212e-02
5.608033845822016361e-02
5.542009594539801243e-02
6.467067873726288496e-02
5.829943676479160813e-02
5.673080841700235688e-02
5.415838639562328694e-02
5.557693730418880596e-02
5.444619663059711151e-02
5.502453745032349908e-02
5.823919545238216700e-02
5.623279850929975565e-02
5.733019242063164961e-02
5.987978465544680634e-02
5.890653551245728786e-02
5.674577756474415147e-02
5.645690990922351549e-02
5.961105536048610931e-02
5.786969050144155635e-02
5.825728305925925721e-02
5.380416297043363189e-02
6.549977956339717022e-02
5.736246910567084634e-02
6.142399610951542605e-02
5.486001341293255534e-02
5.697408418481548359e-02
5.958218128420412346e-02
5.479449036220709196e-02
5.411603425939878059e-02
5.470076768969495823e-02
5.343738261610269519e-02
5.531536495933930125e-02
5.720832295715808785e-02
5.590086952472726745e-02
5.995396964872876794e-02
5.856795555601517628e-02
5.576577336216965997e-02
5.532197124635179764e-02
5.523900103755294971e-02
5.422893391922116446e-02
5.566567563451826905e-02
5.579694715328514798e-02
5.365058278664946306e-02
5.858634741355975284e-02
5.641581537822882436e-02
5.504620076467593714e-02
5.628539269169171438e-02
5.623977757990360204e-02
5.902298734833796856e-02
5.330313200751940483e-02
5.441760744278629353e-02
5.452338659514983227e-02
5.306671139473716214e-02
5.423884103695551795e-02
7.053393298760056440e-02
5.591154848846296294e-02
5.792462352042396928e-02
5.426604844319323634e-02
5.452177988365292799e-02
5.703867202003796988e-02
5.925543601003786104e-02
5.624453923975428205e-02
5.590682321538528038e-02
5.370301314629614270e-02
5.679383513828118596e-02
5.501106305668751473e-02
6.353810060769320145e-02
5.317440004398425735e-02
5.509860936862726738e-02
5.495562380179763035e-02
5.582159688075383208e-02
5.524591199432810074e-02
5.544801045519610200e-02
5.756239661326011114e-02
5.480345369627078606e-02
5.540073406572143533e-02
5.791262521098057559e-02
5.734523390730222187e-02
5.254357437603175696e-02
5.717949840550621415e-02
5.553525966902574107e-02
5.923350350310405132e-02
5.757809884225328911e-02
5.246130572011073467e-02
5.452306646543244456e-02
5.362557282360891353e-02
5.676464875539143778e-02
5.991544241706530521e-02
5.776962489510575893e-02
5.696414825196067372e-02
5.514502158388495667e-02
6.298622628673911095e-02
5.500780144085486850e-02
5.256162968153754722e-02
6.070922745391726244e-02
5.837053814282019970e-02
5.510579168796539418e-02
5.790663118163744821e-02
5.450348447697857951e-02
5.595151538029313060e-02
6.083536311984062001e-02
5.465534050328035853e-02
5.345047907903790335e-02
5.408501778108378011e-02
5.517022592015564247e-02
5.291002361103892132e-02
6.146351606585085531e-02
5.470004807536800462e-02
5.507552236939469714e-02
5.515906418984135168e-02
5.657225385929147421e-02
5.362762570070723350e-02
5.768626647690931752e-02
5.420900914197166603e-02
5.315721999853849355e-02
5.636056315774718578e-02
5.979408293341596792e-02
5.377378886565566118e-02
6.134726456056038835e-02
5.538440882849196556e-02
5.569407936806480136e-02
5.852419315526882770e-02
5.807376384114226048e-02
5.846196375787258287e-02
5.554789677262306213e-02
6.556122528078654754e-02
5.574406490971644396e-02
5.473893820618589562e-02
5.363249021271864619e-02
5.520632471268376029e-02
6.136287121102213665e-02
5.927215815832217322e-02
5.886540272583563882e-02
5.899379049117366158e-02
5.441649977117776760e-02
5.466567667201161634e-02
5.500571526276568785e-02
6.096821390092373172e-02
5.565051916676262700e-02
5.388364166642228836e-02
5.546320984140038629e-02
5.661901783818999723e-02
5.426907950391372110e-02
5.222289725206792632e-02
5.980529054688910745e-02
5.415562095430990347e-02
5.595859561736384741e-02
5.555695135146379582e-02
5.782302495402594222e-02
5.722588379867375036e-02
5.568205480153361892e-02
