9.590695252021154416e-02
7.788346009328961372e-02
6.896685088674227304e-02
6.470947458098331995e-02
6.313074308757980757e-02
5.870546968653798242e-02
6.132290919000903812e-02
5.614913065607349263e-02
5.966341501722733504e-02
5.658305548131466189e-02
5.943889341627558304e-02
5.725932124381263866e-02
5.618662570292751179e-02
4.746254974355300360e-02
5.774303634340564179e-02
4.183772085234523097e-02
5.734800326948364529e-02
5.613099010661244670e-02
5.693012404566009932e-02
5.448663796608646526e-02
5.755386995151638707e-02
5.627587713922063695e-02
5.391123176862796379e-02
4.543051865572730885e-02
5.338576106975476132e-02
5.523166581988334795e-02
5.469503828013936447e-02
5.335688935592770854e-02
4.898596275597810745e-02
5.478455405682325363e-02
4.752586999287208153e-02
5.282502295449376106e-02
5.511030551667014943e-02
5.053035502011577612e-02
5.332672962297995561e-02
5.346204694360494336e-02
5.419984450563788275e-02
5.081391312802831239e-02
5.220981743186712404e-02
5.063501425708333975e-02
4.483882188796996932e-02
5.384914785002668791e-02
5.386753461013237682e-02
3.960158328215281076e-02
5.337613523006438931e-02
5.206496973211566931e-02
5.037933702891071730e-02
5.239174176628390994e-02
4.638935737311840335e-02
5.118491807952522954e-02
5.510403920585910803e-02
5.187590833132465357e-02
5.138589444880684032e-02
5.176733201369643211e-02
4.200473027303815166e-02
5.296037656565507484e-02
5.260857607548435205e-02
4.905402918035785265e-02
5.027689853062232428e-02
5.287669279302160269e-02
5.218033067261178964e-02
5.036926278844475885e-02
4.919284979502359934e-02
4.940843349322676659e-02
4.992653724427024292e-02
4.932546115790804181e-02
4.455975762878854746e-02
5.083658428241809302e-02
4.902901307990153307e-02
5.186461452394723615e-02
5.072792023420334001e-02
4.859324662635723657e-02
4.674855694174766263e-02
5.032213603456815038e-02
5.135909750436742915e-02
5.126321300243338180e-02
5.191598941261569428e-02
4.963091481477022171e-02
5.046431325996915407e-02
4.963273905838529176e-02
5.073466353739301132e-02
3.930126046761870523e-02
4.745184291775027957e-02
5.070925665398438864e-02
4.654528650765617920e-02
5.066711598386366977e-02
5.019424647713700838e-02
5.136358927314479961e-02
5.099905170500278195e-02
5.146644953638315062e-02
4.714468671008944373e-02
4.471494127064943452e-02
4.848266898964841837e-02
4.815937193731466975e-02
4.280917172630627904e-02
4.964927099645137509e-02
4.660895569249987741e-02
4.941568442930777821e-02
4.975232764457662715e-02
4.746683562795320915e-02
4.848976234594980922e-02
4.549011786778767857e-02
4.877073764801025113e-02
4.850300870214899196e-02
5.234162636722127643e-02
4.864538383359710144e-02
4.647284140810370445e-02
5.018998508652051244e-02
3.904294921085238457e-02
5.147874557102719711e-02
4.890637587135036879e-02
4.949817837526401115e-02
5.051906878749529844e-02
4.911060808226466040e-02
4.809401084979374880e-02
4.770792378112673898e-02
4.528721757233142992e-02
4.466835825393597470e-02
4.996199853097398752e-02
4.707780017827947749e-02
4.879580481598774777e-02
4.776510195806622783e-02
4.890726239730914388e-02
4.557925912862022949e-02
5.125181907787919322e-02
4.585534210006395744e-02
4.723566149671872688e-02
4.593026973307132860e-02
4.959539622068405429e-02
4.547392285118500438e-02
4.921630574390292029e-02
4.304767583186427937e-02
4.318968234583735188e-02
5.031740839282671657e-02
4.781285341208179468e-02
4.619542614867289815e-02
4.608564634496967183e-02
4.793508984148502072e-02
4.108020222435394830e-02
4.860269498700896945e-02
4.721724546204010553e-02
4.875842460120717592e-02
4.689257182180881639e-02
4.650012987355391092e-02
4.847373071437080516e-02
4.591797295336921825e-02
4.779932470992207666e-02
4.926801593974232396e-02
4.467894450450936999e-02
5.032999611770113541e-02
4.844789778192837987e-02
4.453214329356948442e-02
4.386752018084128651e-02
5.093415457134445323e-02
4.868770766382415904e-02
4.772516864662369046e-02
4.534159967054923052e-02
4.100424827386935783e-02
4.249705563609798564e-02
4.883977131297190938e-02
4.920215004434188438e-02
4.319174994404117313e-02
4.553899553914864812e-02
5.005632198105255948e-02
4.717150529225667271e-02
4.830392347648739676e-02
4.543644171208142957e-02
4.790827957913279533e-02
4.677375095585981774e-02
4.687997649113337384e-02
4.674503461768229895e-02
4.898854155714313374e-02
4.718368876104553356e-02
4.634536647548278404e-02
4.639652303109566278e-02
4.679568555826942033e-02
3.972864635288715640e-02
4.609319719796379361e-02
4.468064236765106195e-02
4.885070330152908868e-02
4.606368811801075935e-02
4.468337663759788109e-02
4.692746670916676799e-02
4.534689619516332759e-02
4.369743155936400142e-02
4.581172019243240356e-02
4.674278864016135487e-02
4.000330256919066435e-02
4.592551098515589708e-02
4.798372959097226692e-02
4.213000644619266377e-02
4.554720486824711395e-02
4.787930520251393318e-02
4.489939951648314748e-02
3.643949721008539477e-02
4.524447827910383496e-02
4.456189082314570421e-02
4.143161202470461296e-02
4.716540928930044313e-02
4.284974445278445787e-02
4.598087786386410164e-02
4.562172551328937120e-02
4.144018618389964242e-02
4.615465849637985507e-02
4.674578572933872633e-02
4.622445569063226428e-02
4.515052316710353036e-02
4.457744698350628310e-02
4.417429408058524271e-02
4.912931968768437935e-02
4.644774092982213026e-02
4.663366299743453708e-02
4.257158304875095778e-02
4.104073789591590471e-02
4.356837890421350751e-02
4.803103646263480464e-02
4.599903871615727835e-02
4.725203296790520674e-02
4.274180323506394930e-02
4.508008500561118403e-02
4.124438821648557935e-02
4.577025262018044605e-02
4.286945344259341512e-02
3.819754005720218254e-02
4.704863609125217033e-02
4.096064064651727676e-02
3.769113315890233046e-02
4.296943781276543750e-02
4.657774874940514426e-02
4.614476617425680022e-02
4.410534175112843652e-02
4.605784462764859338e-02
4.223147571707765169e-02
4.697077432647347311e-02
4.586865951617558751e-02
4.420996448025107245e-02
4.598030690103769441e-02
4.218570288891593939e-02
4.485143978769580431e-02
4.612485400090615001e-02
4.519807652880748067e-02
4.136961499849955287e-02
4.212818316494425230e-02
4.251560003807147020e-02
4.600181508188446594e-02
4.702120746175448424e-02
3.903135927394032340e-02
4.666009660189350539e-02
4.539786561702688350e-02
4.760386037329832759e-02
4.589222120121121129e-02
4.445705429340402609e-02
4.546042932197451314e-02
4.722445557514826781e-02
4.354036661485830711e-02
4.536633289729555263e-02
4.663599543273448667e-02
4.580190088599920412e-02
4.471330841382344795e-02
4.654428117598096576e-02
3.850623058776060648e-02
4.720545237263043536e-02
4.488434437662362775e-02
4.503423857192198621e-02
4.282025623445709361e-02
4.392441222444176674e-02
4.493004810065030774e-02
4.246763183424870358e-02
4.177962917213638716e-02
4.374448920910557065e-02
3.691083360463380536e-02
4.802168809498350011e-02
3.575567888716856685e-02
4.965890698755780902e-02
3.738025510683655461e-02
4.505527745932340344e-02
3.980591523771484508e-02
4.761425744121273312e-02
4.266918751721580916e-02
4.540480313201745305e-02
4.273675459747513367e-02
4.389820322394370755e-02
4.473923031861583299e-02
4.551130812615156174e-02
4.239053726196288785e-02
4.483377120147148676e-02
4.485349503035346991e-02
4.568809873114029751e-02
3.916560029610991617e-02
4.633978061998884207e-02
4.751350944861769399e-02
4.405193729326128960e-02
3.821219935392339978e-02
4.740030917649467462e-02
4.670414334783951765e-02
4.107175106182694296e-02
4.630815551305810657e-02
4.316505252694090300e-02
4.151199379314978594e-02
4.455780449012915201e-02
4.503119355067610602e-02
4.490012718985478268e-02
4.389189888412754065e-02
4.648630606631438261e-02
4.464078651120265140e-02
4.225739557296037674e-02
4.166192281991243362e-02
4.456513738259672980e-02
4.482085161531965123e-02
4.365621777251362662e-02
4.517757967114448270e-02
4.397370147829254144e-02
4.575109475602705950e-02
3.545148456469178477e-02
4.280753433704376221e-02
3.867841263612111641e-02
4.377817759911219186e-02
4.345069726308186525e-02
4.454086335996786800e-02
4.427225698406497822e-02
4.415154109398523874e-02
4.147927475472291264e-02
3.784545790404081345e-02
3.634174801409244260e-02
4.418145384018620087e-02
4.357730106761058264e-02
4.394073256601890159e-02
4.374926254774133549e-02
4.169625773405035568e-02
4.456457371513048576e-02
4.551177006214857101e-02
4.383034827187657495e-02
3.279742421582341333e-02
4.656071582188208574e-02
4.325888476644953323e-02
4.567963617543379512e-02
4.521309941386183334e-02
4.436926788960893903e-02
4.348672454555829042e-02
4.334145666410525732e-02
3.982678114747007642e-02
4.350608196109533032e-02
4.305222652231653624e-02
3.510203675056497441e-02
4.329013346383969035e-02
4.550397594769795689e-02
4.386738960941632265e-02
4.490839714805285043e-02
4.420344661921262602e-02
3.103461687763531957e-02
4.626629035919904709e-02
4.151412689437469078e-02
4.456832179178794179e-02
4.423672712097565657e-02
4.282753271982073923e-02
4.313321386774381094e-02
4.316527002180615968e-02
4.272089935839176039e-02
4.405258775999148363e-02
4.507987778633833209e-02
4.247887656092643599e-02
4.081710384537776126e-02
4.019127829621235715e-02
3.703855682785312659e-02
4.582745957498748912e-02
4.262301788354913579e-02
4.356947305301825391e-02
4.364458660905559673e-02
4.445002752666672025e-02
4.206136042873064723e-02
3.688010008384783739e-02
4.350841355820497108e-02
4.597990969195962091e-02
4.311526029681166106e-02
4.610988634328047620e-02
4.272471883644660129e-02
4.026542066906889372e-02
4.386853718509276662e-02
4.437850723043083867e-02
4.481006730347871642e-02
4.394897250458597998e-02
3.968524852146704945e-02
4.303111250822742873e-02
3.820936937506000386e-02
4.149201763793826381e-02
4.302856264015039039e-02
4.486098658914367682e-02
4.099598089233040532e-02
4.476948824400703297e-02
4.127582184349497252e-02
3.966429422919948850e-02
4.251157213002443314e-02
4.478405388072133342e-02
4.314351463690400262e-02
4.358670460060239116e-02
4.306752250219384598e-02
4.423294384032487592e-02
3.754007555544376651e-02
4.535488998517393788e-02
4.319148814926544733e-02
4.261673931032419066e-02
4.461551569402218143e-02
4.310233863070607463e-02
4.349396930386622423e-02
3.985550617799162726e-02
4.211377256239454137e-02
4.248257512226701060e-02
4.368174507593115125e-02
4.317939927180607790e-02
3.883496954416235103e-02
4.528069480632742477e-02
4.108643519381682124e-02
4.069974049925804277e-02
4.078370152662198073e-02
4.237052475412686481e-02
4.391536973416805545e-02
4.346187459304928780e-02
4.094491833820938786e-02
4.103209543973207474e-02
4.380096370975176262e-02
4.252629016215602603e-02
4.498215730612476621e-02
4.355575684458017072e-02
4.072346622124314169e-02
3.707258707533279962e-02
4.427856653928756436e-02
4.484074860811233798e-02
3.924411407982309613e-02
4.421774332101146426e-02
4.014317722370227409e-02
4.157101403300960535e-02
4.129929235205054283e-02
4.349380247294902524e-02
3.393259784206748009e-02
4.156733630225062370e-02
3.940211509664853090e-02
2.910001217387616496e-02
4.528816444799303731e-02
4.201271810258428580e-02
4.241081457585096220e-02
4.077745818843444420e-02
4.352807436759273396e-02
4.296067639564474239e-02
4.277251167222857753e-02
4.342436346535881453e-02
4.064628910273313661e-02
3.640988981351256371e-02
4.527022279798984666e-02
4.340904196724295477e-02
4.417898558701078421e-02
4.109254774327079224e-02
4.382299181694785523e-02
4.188324154044190811e-02
4.164714695264895572e-02
4.166210349649190903e-02
4.182556355372071127e-02
4.405071359748641974e-02
3.839262379333376746e-02
4.313307683914899965e-02
3.972052823131282800e-02
4.014835786074399948e-02
3.530699632441004071e-02
4.313965812325477878e-02
3.983632028102875033e-02
4.227245810131231851e-02
4.099531897033254629e-02
3.532512001693248471e-02
3.568916581571102142e-02
4.095256368940074915e-02
4.446407174691557884e-02
4.188265151654680524e-02
4.246951897318164415e-02
4.055018561581770487e-02
4.425584751491744989e-02
4.122073284039894786e-02
4.203159113725026680e-02
4.289306340118249211e-02
3.861310395101705956e-02
3.672974550475676531e-02
4.310275657723347531e-02
4.328172107537587437e-02
4.177233260124921937e-02
3.894595590730508261e-02
4.458186815803249353e-02
3.654111878325541629e-02
4.401863344634572572e-02
3.846760895103216310e-02
3.925859893982609067e-02
4.039910004163781848e-02
3.921523221457998143e-02
4.465856285144885474e-02
4.286329994599024501e-02
4.169954005628824512e-02
3.885217476636171341e-02
4.458544515073299686e-02
4.126214397450288229e-02
4.084660597145557681e-02
4.499239884316921095e-02
4.113768072177966667e-02
3.941923479239146239e-02
