4.210130111575126399e+00
1.077195001145203834e+00
5.174958931903044235e-01
1.898998854433496808e-01
1.540015756214658527e-01
1.415146417543292068e-01
1.194428103292981824e-01
8.941212999324003874e-02
9.059490712359546949e-02
1.159396829828620024e-01
8.688115060950318824e-02
8.340542292222380416e-02
8.079168480510512396e-02
8.927276288469632171e-02
9.168593614051739893e-02
1.127543850118915281e-01
7.783750956257184939e-02
7.679160817215839596e-02
8.018747556954622380e-02
8.038233824695149854e-02
7.030170984566211367e-02
7.004889963815609522e-02
7.161181525637706768e-02
8.046442698687314432e-02
7.833524846161404875e-02
6.726560431222121383e-02
7.058138366788625773e-02
7.570456869900227259e-02
8.035343258952100387e-02
7.431385291119416148e-02
7.685045693690578661e-02
6.934911001473664793e-02
6.755043021092811684e-02
7.074802073339621356e-02
7.315812937915325276e-02
6.841275949031114245e-02
6.789180923253297639e-02
8.027210880691806882e-02
7.016743119185168964e-02
7.878135871142148694e-02
8.650977134083707998e-02
6.595423224071661483e-02
6.944846351941426355e-02
8.767770213385422950e-02
7.497793573886156471e-02
7.455117643500368263e-02
7.371469497680664673e-02
7.448681509743133866e-02
7.752996537834405677e-02
8.106535469492276436e-02
7.251865107566118906e-02
7.210940390204390038e-02
6.577817693352699946e-02
7.172536441435416188e-02
1.045863133048017812e-01
6.858807429671287537e-02
6.731674766167998480e-02
7.228918228919307964e-02
7.639374367892742823e-02
6.842504731069008750e-02
6.635212811951836376e-02
7.901777828112244162e-02
6.798268861447771816e-02
7.126340605939428252e-02
7.327972407142321898e-02
7.550915289049346668e-02
7.277742085357506718e-02
7.504304205998778288e-02
6.745024446398019402e-02
6.737046906724572515e-02
8.252951052039861346e-02
7.249232615033784910e-02
7.575875343754887026e-02
6.687546271830796529e-02
7.017569758618871778e-02
7.297813622901837272e-02
7.595662035048007799e-02
7.569470937674244171e-02
7.172157375141978430e-02
6.359338565419117573e-02
6.434472226227323788e-02
8.969017796839276468e-02
6.883880848685899889e-02
7.134645018726587518e-02
8.000095581635832676e-02
7.085777314379811120e-02
8.620938078189889497e-02
6.842571988701820485e-02
6.495935906345645661e-02
7.774141464382409994e-02
7.361632751921812212e-02
7.182719742879271896e-02
6.492859599490960476e-02
7.443578706743816942e-02
7.283591036995251677e-02
7.006592230871319660e-02
6.505495053405563333e-02
7.031722319622835116e-02
6.889117553209264666e-02
6.954040979345639528e-02
6.532038491219281651e-02
7.422870498771469427e-02
6.614157923186818333e-02
6.738421345129609608e-02
6.640396742771069449e-02
6.822463467096288869e-02
6.870037656898299316e-02
6.501321377853552796e-02
7.800364744849502818e-02
6.851261371746658613e-02
6.463975138341386539e-02
6.781093928342064869e-02
6.304644078637162974e-02
6.510149903595446874e-02
6.949861110498507799e-02
6.971276768172780802e-02
7.097596107050777037e-02
7.199343129992484547e-02
6.563015880063176322e-02
7.591424624746044569e-02
7.670146634181340684e-02
6.352899254610140656e-02
6.379303350423773389e-02
6.578599267949659934e-02
6.901453333596388462e-02
7.614496088897187986e-02
7.897205550844470234e-02
7.087213645999630718e-02
6.011668295289079172e-02
7.062785846491655140e-02
6.640181738883256524e-02
7.290864044800400567e-02
6.997178153755764796e-02
6.570228476077318025e-02
7.219769431898991063e-02
7.558998662357528653e-02
6.956973860661189168e-02
6.597714303061366636e-02
6.914087423433859514e-02
6.268080078065395300e-02
6.592045084883770001e-02
7.678262677043676265e-02
6.534055350969235343e-02
6.579059780885776476e-02
6.649813188860813351e-02
6.719207417219877354e-02
7.622899377097686058e-02
6.549517377590140244e-02
6.530644190187255560e-02
6.774478690077860576e-02
7.026055864989758093e-02
7.184057868396243052e-02
7.759303071225683024e-02
6.691224760686358131e-02
6.697851999973257475e-02
7.332521734138329472e-02
7.247560501098632146e-02
7.600963758304715712e-02
6.840145648767551045e-02
6.567354648684461949e-02
6.467089927444855113e-02
7.199574435129761640e-02
7.944354313115278843e-02
6.328217824300130800e-02
6.897248172511656616e-02
6.490676864981650973e-02
6.689094112565120709e-02
7.170515247310201012e-02
6.916562025124828317e-02
6.412605712190271035e-02
6.459203120941917065e-02
6.331551877160866704e-02
6.483502551913261636e-02
6.622840141256650104e-02
6.362899646783869156e-02
6.512439642722407662e-02
7.315641132183373085e-02
6.685227710132797541e-02
7.133734935894608942e-02
6.718934098258615151e-02
6.776329467073083368e-02
6.352237774680058457e-02
6.336894314736127298e-02
6.313461235724389387e-02
7.896912138909101264e-02
6.938615918159485307e-02
6.303080132851998640e-02
7.627125504737099215e-02
7.222290420904756147e-02
7.219321990385652033e-02
7.760240288451314417e-02
6.785288913175463454e-02
6.487474034229914754e-02
6.741767164940636048e-02
7.073768568225205500e-02
6.657431046168009459e-02
7.483435125400622612e-02
8.062092091267307470e-02
6.846448167537649843e-02
7.628976639981070729e-02
6.999175354838371721e-02
6.795828764637311392e-02
6.893582985736429469e-02
6.465645645434657529e-02
6.849433315917849430e-02
6.693312815080086631e-02
6.782281074052055880e-02
7.070863534075517987e-02
8.109269265085458644e-02
7.284939427549640134e-02
6.116142024596531862e-02
6.456701410313447909e-02
6.727600382020075542e-02
8.371650177364547973e-02
5.848507300019264304e-02
6.943321053559581291e-02
6.712681676571567724e-02
6.665111901238560121e-02
7.376930875703692492e-02
6.397648467371860881e-02
8.142337207371989904e-02
7.625259840860962313e-02
8.771946028495827830e-02
7.960870921301345382e-02
6.915475356703003340e-02
8.012439969306191234e-02
8.084330178486803797e-02
7.306949850171803873e-02
6.822069407751163439e-02
8.238435444111624761e-02
7.229939270764589032e-02
7.077041560163101208e-02
7.524651118864615629e-02
6.580283734947442453e-02
6.612597488487760578e-02
6.486258417367934959e-02
6.448107900097965750e-02
6.813011893381674955e-02
6.923754812839130746e-02
6.063373733311891445e-02
7.255382294456164116e-02
8.402300650253892444e-02
6.701829899102448862e-02
7.273590143769979866e-02
8.559190406774480619e-02
7.600907814999421919e-02
6.635351414171357376e-02
7.368560042853156133e-02
7.006031518181164708e-02
6.562407370656728189e-02
7.828668858235081351e-02
6.821202496998012010e-02
7.040369035055239755e-02
6.486223120863239544e-02
6.559403180455168625e-02
6.683959846074381816e-02
6.681718934327364467e-02
6.428297467529774101e-02
7.034772343312700738e-02
6.860075203701854196e-02
7.274680484707156392e-02
6.805304133022825608e-02
7.928310458237926295e-02
6.480109014237921128e-02
7.379744420448938746e-02
6.636431109160184638e-02
7.144515559698144669e-02
7.337665730466445824e-02
7.433618724967042124e-02
6.735639588286479462e-02
8.832369393979509764e-02
6.294909945999582757e-02
1.076458206648627930e-01
7.789401042585571144e-02
8.724934220624466774e-02
8.667690010120471245e-02
8.621064145738879803e-02
6.786959269394476912e-02
7.826370658973852423e-02
7.436248286316791967e-02
7.541082005947828681e-02
7.470177597676713743e-02
6.660148330032825137e-02
7.389710225164890234e-02
7.170232726881901886e-02
6.308176212012767126e-02
7.221591060360273151e-02
6.630546743050218239e-02
8.301613862315813941e-02
6.731682501733303459e-02
6.659951662644743309e-02
7.566463980202874084e-02
1.078677948067585657e-01
6.423925958573818706e-02
6.625886488084992143e-02
8.005146150166789210e-02
6.336708439514041058e-02
7.152979173387090384e-02
8.050906611606478691e-02
7.158521673331658119e-02
6.596355441957711674e-02
7.077260131016373246e-02
7.320454824715852404e-02
6.471129509309928030e-02
6.760955667744079911e-02
6.242911362399657799e-02
6.474024469032883811e-02
6.570331605461736391e-02
6.990341939032078400e-02
7.422528544130424510e-02
6.503086766228079185e-02
6.327111624181271099e-02
6.578513398145635627e-02
8.312140361095468610e-02
6.328309868772824531e-02
7.018992599099874163e-02
6.722811908771594847e-02
6.445740630229314372e-02
7.631048534065484890e-02
6.695878069226940399e-02
5.938079535340269610e-02
7.289074122284849855e-02
7.987031463533639242e-02
9.471832752227783703e-02
6.858377809946736292e-02
7.978127257898449953e-02
6.690621743599574345e-02
6.541874717300136255e-02
6.574275791024168647e-02
7.948647788415352800e-02
6.574878181020418766e-02
8.385960371543964287e-02
8.083526400228341346e-02
7.422636255621910262e-02
1.083057149810095626e-01
7.007720774660507190e-02
7.068781348566213762e-02
6.340107728416720378e-02
7.718869966765244672e-02
7.335380602007110507e-02
8.080188103020191637e-02
7.116041849056879698e-02
7.765232134610414172e-02
8.048090615620215327e-02
7.896963596343993530e-02
6.433797251122692906e-02
7.675418406724929254e-02
6.840702289715409889e-02
6.883318525428573642e-02
8.792305079599221918e-02
7.582104654982685377e-02
7.242800789574782572e-02
6.554722229639689535e-02
6.928870624552170565e-02
9.569040389110644584e-02
6.730484898202121480e-02
7.039437448295454702e-02
7.114912466456492501e-02
7.340775292366742699e-02
6.283701400582988872e-02
7.690131756166616872e-02
7.655257829775412304e-02
6.762073743467529596e-02
7.363723164734740922e-02
6.878420665239294574e-02
7.204735567793249529e-02
6.522404349719485017e-02
6.988631278276442871e-02
6.601610704635579863e-02
6.503131276617447887e-02
9.828594211488962673e-02
7.239417595788837090e-02
6.471687245493133733e-02
6.596243059883515059e-02
6.341768929113944520e-02
7.976605473396679302e-02
8.817519055679440276e-02
8.396973528588812241e-02
6.431421695277095285e-02
6.877411518245934996e-02
6.126692367096742142e-02
1.023298389340440429e-01
6.583832945053776087e-02
7.176269358644882246e-02
7.073688507080078125e-02
6.340755706032116801e-02
6.263065145040551396e-02
7.564088754976788787e-02
6.438552469015121349e-02
7.813651536280910581e-02
7.936713959400852614e-02
7.986041253432631104e-02
6.539048759887615414e-02
6.762212057287494971e-02
7.124079260354240772e-02
6.465346710135538855e-02
6.136564819763103834e-02
9.198643339176972022e-02
6.771239772439002769e-02
6.706359313180049186e-02
8.213891594981154176e-02
7.208306038752197720e-02
6.688153938700755474e-02
6.561371346314748276e-02
7.928251249715685678e-02
7.296841605256000618e-02
6.093650870646039747e-02
6.147486166407664654e-02
6.530423966546852754e-02
8.104057269481321213e-02
6.707005739212036632e-02
7.720534614597757139e-02
7.621015217155217847e-02
8.610096901034315631e-02
7.381717136129736789e-02
7.107741129274169900e-02
6.386645814403892063e-02
7.332248139505584406e-02
9.685444213449954931e-02
8.070259002968668827e-02
7.736313221044838206e-02
6.573807283615072661e-02
6.474339011435707725e-02
8.800492978344361117e-02
1.008502672302226261e-01
6.869223315268754848e-02
6.586377392212550141e-02
6.583713086321950347e-02
8.265617460012436579e-02
6.953502791623274171e-02
6.673915508203208391e-02
9.083027260998885466e-02
6.111678450057903694e-02
7.856309075529376018e-02
6.924646674034495852e-02
9.066595926880836875e-02
1.150630803095797766e-01
8.372951452309886078e-02
9.314502783740560843e-02
7.996296944717566635e-02
7.438802199438214469e-02
6.978203357507785365e-02
9.738824944943189066e-02
6.561859467377265109e-02
6.034396602461735565e-02
7.440778916080792449e-02
8.802336518342296356e-02
6.875616615017254851e-02
6.486740232134859119e-02
6.372448952868581262e-02
6.816043660044669716e-02
7.446871749435861332e-02
6.154779655237992836e-02
6.474509377653400732e-02
6.801557729641596883e-02
7.075498367349307427e-02
6.165060064444938953e-02
7.376605334381262924e-02
7.073446030418077679e-02
8.321818115810553085e-02
7.479269934818148780e-02
9.955885406583547814e-02
8.444348833834131041e-02
8.759191406890749765e-02
8.091536824901898739e-02
7.204941223685940033e-02
7.251015245293578049e-02
8.738542631268501892e-02
1.050823186400035997e-01
7.652753487850229297e-02
7.913776564722259377e-02
7.155464659134547212e-02
7.795226447284221705e-02
7.279483866567412753e-02
7.984933943177262294e-02
6.697788624092936016e-02
6.645740650594234022e-02
6.718697582992415318e-02
8.160919065587222965e-02
6.860846515744924157e-02
6.493265471110741538e-02
6.651427187025546472e-02
7.208075498541195725e-02
6.236366096884012056e-02
8.413473275800545381e-02
6.308673479283849472e-02
7.461684685821334817e-02
8.640507006396849765e-02
6.314744858692089569e-02
7.827334052883089255e-02
6.350278745715816353e-02
6.670951273292302641e-02
6.567756300792097768e-02
6.347575035877525695e-02
6.625396412486830866e-02
7.946232175454497060e-02
8.660710882395505905e-02
6.542765580738583997e-02
7.362280448898672613e-02
8.503055804098645643e-02
