3.589549155284961213e-01
1.371887869512041502e-01
9.496886622160673197e-02
8.642614095782240324e-02
7.008778910463055178e-02
7.033909926190971829e-02
7.689557939146955678e-02
6.791869774460793097e-02
6.833537826314568797e-02
6.972821970159809313e-02
6.839520779748757551e-02
7.522677361344297375e-02
7.029814517125487772e-02
7.228285210207104072e-02
6.546018556381265341e-02
6.854216024279594088e-02
6.651200803617636492e-02
7.807959452892343499e-02
8.139430278291305554e-02
1.112962708870569861e-01
6.938322647785147290e-02
7.298159765700498736e-02
6.746082988257209867e-02
6.222949378813306259e-02
7.373235049347082182e-02
9.036365075657765145e-02
7.704717013984918594e-02
6.702550850808620952e-02
6.335852003345886219e-02
6.414452545344830059e-02
7.912176283076405303e-02
6.873587097972631843e-02
6.617085467403133192e-02
6.102182087178031900e-02
7.363410410160819985e-02
7.130761810267964573e-02
6.183789327119787460e-02
6.498668647060791559e-02
6.728893029193083741e-02
6.989005695718029931e-02
6.742400164405504270e-02
6.183963926509022935e-02
6.555535651743411851e-02
6.452344488973418835e-02
7.171668789039055414e-02
6.272602874785661309e-02
6.256200874224304709e-02
6.277679022401570774e-02
6.783037512252727830e-02
6.692904300987720378e-02
5.940697057793537655e-02
6.245996493846178027e-02
6.187497707083821491e-02
7.377115527788798144e-02
7.321784723550081586e-02
6.658574279708166788e-02
7.217916876698533823e-02
6.126759773741165954e-02
5.994364850843945935e-02
6.059487154086430627e-02
6.453039644286036325e-02
6.324740096305807302e-02
6.247099089746673689e-02
6.185255402699112864e-02
6.131958884497483442e-02
5.900295450041691259e-02
6.038055958226323100e-02
7.131746826693415031e-02
7.163297006860375182e-02
6.537785384183128490e-02
6.389740588143467959e-02
5.921221524477005005e-02
5.933182670734822584e-02
5.748466120411952623e-02
6.100049503768483622e-02
6.239470036700368177e-02
5.808766209830840133e-02
6.514790769045551710e-02
5.773515040054917613e-02
5.958775520014265858e-02
6.085412402326861869e-02
6.123639808346827834e-02
6.275842027738690043e-02
6.088072252149383246e-02
6.399734721208612254e-02
7.895265114183226685e-02
6.751444065322478871e-02
6.161161712681254010e-02
6.469079873835047179e-02
6.194609588322540217e-02
7.480097035566965480e-02
5.746498336394628009e-02
5.789167648802200777e-02
5.687499549550315003e-02
5.973521018400788224e-02
5.704567258867124929e-02
5.746193779322008449e-02
6.311158667008082146e-02
6.080854239563147218e-02
6.136649641208350575e-02
5.854721422617634174e-02
6.170992118616899086e-02
6.049447178840636902e-02
6.302304669593770947e-02
5.678703103214502446e-02
5.831964205950498914e-02
6.052793440098563904e-02
5.867713420341412467e-02
6.409247991318503535e-02
5.981662131845950914e-02
6.490350436419248248e-02
6.074802649517854064e-02
6.703527442490060662e-02
5.848825626075267875e-02
5.771480888128280307e-02
5.944823866710066684e-02
6.165302507579326768e-02
6.474933855856458698e-02
6.904809491708874258e-02
6.218860784235100136e-02
6.424486829588810233e-02
6.143406948074698476e-02
5.807143751531839565e-02
6.184434971461693492e-02
6.144654206310709577e-02
6.129343320926030486e-02
6.238341959193349079e-02
5.820200043419997138e-02
5.775353060414394057e-02
5.682370008279880036e-02
5.854704062764843481e-02
5.461857566609978898e-02
5.871434923882285634e-02
5.996706439803044242e-02
7.005187743653853993e-02
5.794317288945118744e-02
5.885826937233408496e-02
5.691588500514626475e-02
5.716990556567907306e-02
5.737289560337861111e-02
6.053891148418188289e-02
6.037354324012994544e-02
6.367391259719927532e-02
6.294176368353267270e-02
6.495768913999200311e-02
6.354369154199958347e-02
6.214628877739111767e-02
5.759625277792414233e-02
5.761672511696815796e-02
6.695376455162961593e-02
6.879961029936869366e-02
5.744929219285647287e-02
6.261184479420384141e-02
5.847939006052911559e-02
5.698889188468456157e-02
5.744007015600800792e-02
6.839018585160375197e-02
5.776394821082552616e-02
7.065792931243777830e-02
5.690475064019362428e-02
6.781320225447416694e-02
5.789643083388607003e-02
5.755464783559242903e-02
6.551366738975047954e-02
6.708171504239240912e-02
6.143068884809811669e-02
5.717400863145788437e-02
6.427819369360804336e-02
5.909178515275319288e-02
5.764045208071669202e-02
6.361320519198973567e-02
5.693241958816846332e-02
6.159482079247633607e-02
6.112788310895363175e-02
6.275048802296320782e-02
5.698168572038411761e-02
5.594253922502200049e-02
5.643654153371850668e-02
7.195332180087765650e-02
6.288795490749179984e-02
5.643043949579198970e-02
6.453701953093210486e-02
5.515265964592496600e-02
6.074850091089804838e-02
5.685116983018815434e-02
5.706245170595745236e-02
5.608133665286004627e-02
5.819525684540470534e-02
7.365882726386190071e-02
6.131363710388541138e-02
5.895840926095843176e-02
6.762922309339046423e-02
6.039817046374082454e-02
5.877146734856068810e-02
6.228666094442208284e-02
7.206684796760479128e-02
6.335284965112805700e-02
5.583040190239747097e-02
6.228490991517901532e-02
6.189564436053236057e-02
5.846067018806934412e-02
6.223836300273736383e-02
5.810261490444341981e-02
6.183778395876288192e-02
5.867388842006524691e-02
6.253906197225053698e-02
6.608986321215827575e-02
6.113233294958869690e-02
7.718488148724039766e-02
5.762189230881631374e-02
5.626374248104790837e-02
5.866789520718157513e-02
5.598535090684890470e-02
5.586129479731122977e-02
6.042327435066302543e-02
5.625558523771663488e-02
5.671793635003268691e-02
6.008302748203277893e-02
5.494269012783964401e-02
5.877099945520361524e-02
6.908398346354563402e-02
5.625743826230367173e-02
5.810489367383221693e-02
5.586916362245877843e-02
5.605559562022487119e-02
6.221511155366897527e-02
5.636759787797927801e-02
5.738292365645369236e-02
5.873553888872265483e-02
6.162598048647244947e-02
5.688551189377903661e-02
5.731898890808224956e-02
5.538266474381089294e-02
5.688417925809820253e-02
5.734107098852594953e-02
6.020794243862231249e-02
5.625789968296885518e-02
5.751335980991522517e-02
5.463158844349284837e-02
6.397233429054419163e-02
5.759453278655807251e-02
5.985602575975159517e-02
5.580238082756598661e-02
5.607853132610519931e-02
6.130153612544139013e-02
5.470748898262779020e-02
6.113091809054215647e-02
5.474513753627737594e-02
5.470830932259559964e-02
5.949944719982643709e-02
5.547319302645822153e-02
5.607864368086060147e-02
5.526491903389493809e-02
6.217384868301450984e-02
5.813152718978623762e-02
6.450293754227459653e-02
5.885371431087454280e-02
5.661939731488625088e-02
5.855760224784414131e-02
5.660615873212615501e-02
5.564467939858635387e-02
5.878966540408631092e-02
6.052928190057476482e-02
6.288343501587709272e-02
5.590129664167761692e-02
5.717350057015816583e-02
5.922978622838855067e-02
6.155526093207299571e-02
5.695734304686387445e-02
5.477441814417640525e-02
5.591361970951159999e-02
6.158670674388607574e-02
5.679264506946007235e-02
6.283428418760497736e-02
5.676134404415885543e-02
5.368365776414672774e-02
6.262412214651703890e-02
5.866605764254927829e-02
5.812629421552022169e-02
5.686091523927946922e-02
5.448731609620154070e-02
5.849830623095234050e-02
5.816422970344622967e-02
5.651193788896004266e-02
5.476445972919464361e-02
6.423544565215706659e-02
5.695402674997846609e-02
5.753951088214914050e-02
5.846284587557117052e-02
6.174982487534483311e-02
5.775223509098093011e-02
5.476038326198855860e-02
5.567918203771114044e-02
5.670531249915559957e-02
5.591669283496836923e-02
6.008431360746423200e-02
5.877844436094165070e-02
6.006624612957239123e-02
5.437741072227557371e-02
5.483576276029149960e-02
5.472179279662668649e-02
5.508722079296906465e-02
6.060974126681685503e-02
5.283234347278872867e-02
5.617071892445286291e-02
5.650467849957446081e-02
5.705193656807144159e-02
5.928679601910213925e-02
5.872239761675397685e-02
5.652714455810686073e-02
5.769740055004755896e-02
5.848471911624073677e-02
5.620160774017373545e-02
5.599755719304085055e-02
5.610720166005193910e-02
5.517903203765551351e-02
6.001613803207874603e-02
5.536200004629790450e-02
5.540615340073903189e-02
5.775762951001525008e-02
6.043599507150550915e-02
5.650409485523899544e-02
5.455705671881636021e-02
5.706935450434684476e-02
5.733960616091886980e-02
6.378379223247368501e-02
5.319359980523586523e-02
5.634146177520354265e-02
5.633485281839966524e-02
5.449865923573573440e-02
5.911357180525859262e-02
5.932310905928413203e-02
5.356700324142972536e-02
5.422546547527114236e-02
5.675393934051195521e-02
6.585605242600044151e-02
5.529941604162255664e-02
5.484041009719173299e-02
5.824114130189021743e-02
5.684521679456035204e-02
5.403594399491946226e-02
5.659100566680232841e-02
5.768737717221180533e-02
5.361899352322022083e-02
6.379218254859249371e-02
5.934799333413442318e-02
5.698176162938276695e-02
5.478717767323056792e-02
6.160728699527680957e-02
5.396449701860547149e-02
6.055985117952029234e-02
5.746540432795882447e-02
5.837365500008066810e-02
5.527353466798861498e-02
5.492710193308691230e-02
5.562442441781361574e-02
6.031654333695769116e-02
6.207782219784955396e-02
5.854305639242132764e-02
6.006941943118969396e-02
5.278622350345055225e-02
5.264741110304991395e-02
5.580717252567410358e-02
7.005336881304780050e-02
5.518503997474908523e-02
5.676431953907012939e-02
5.634656189009547289e-02
5.377825597922007012e-02
5.459381004795432063e-02
5.638236206024885289e-02
5.215258405233422906e-02
5.616602956627805843e-02
5.599339356645941651e-02
5.387323951969544278e-02
5.789818190348645227e-02
5.284689563016096991e-02
5.852185708160202032e-02
5.870215708079437600e-02
5.409353943852086843e-02
6.267998670538266204e-02
5.338936227063337953e-02
5.689118200292189731e-02
5.805617292722066447e-02
5.337650980179508425e-02
5.528021196524302017e-02
5.547745082527399257e-02
5.853304368133346175e-02
5.611457718536257827e-02
5.429674901378651192e-02
5.664883444706599047e-02
5.378324100126823104e-02
5.369056972985466331e-02
5.554974479600786885e-02
5.738689011583725935e-02
5.839595180004834851e-02
5.925066861013571218e-02
5.565499387681484278e-02
5.593408259873589028e-02
5.990138553082943046e-02
5.623549547356863909e-02
5.417218227870762570e-02
5.783910371984044702e-02
5.644092823689182692e-02
5.378991920811434374e-02
5.847734548151493211e-02
5.490471547469497060e-02
5.787852990751465171e-02
5.445491934505601594e-02
5.473398935670654303e-02
5.490723244224985505e-02
5.551817093665400993e-02
5.502372524390618247e-02
5.562973451490203780e-02
5.660118900239467787e-02
5.724406606207291248e-02
5.618586546430984902e-02
5.387666887914140806e-02
5.457310143237312922e-02
5.725667918721834976e-02
5.678585131031771427e-02
5.641165344044565821e-02
5.586594335734844374e-02
5.393567580729723143e-02
6.170592201563219331e-02
5.774321479101975768e-02
5.674932273104786595e-02
6.449408397699395168e-02
5.359491249546408792e-02
5.655432998513181680e-02
5.540293979768951688e-02
5.599240530903140667e-02
5.417383029436071556e-02
5.518918232371410049e-02
5.623816046863794327e-02
5.278082146619757220e-02
5.406714432562390732e-02
5.473395196720957923e-02
5.784358374464015212e-02
5.884056544552247053e-02
5.734835460161169518e-02
5.495496546228726548e-02
5.481514402354756982e-02
5.594010709474483978e-02
5.531390049805243875e-02
5.575369843592246216e-02
6.164963563283284292e-02
6.057913048813740736e-02
5.164283073817690223e-02
5.443272581944862826e-02
5.372778110827008957e-02
5.414045850435892510e-02
5.493083834027250728e-02
5.392585690443714441e-02
5.544393749286730816e-02
5.636565817520022142e-02
5.885123586903015513e-02
5.693495664435128251e-02
5.399094542488455661e-02
6.023911062007149264e-02
5.552278803351024666e-02
5.880841372534632849e-02
5.613093335802356310e-02
5.442228578962385321e-02
5.466784943205615227e-02
5.187641585866609867e-02
5.636437331015865110e-02
5.416864440465966879e-02
5.996677719056606182e-02
5.284603419403235275e-02
5.856458847721417865e-02
5.552971770986914885e-02
5.464335919047395157e-02
5.470241717994213382e-02
5.627938104793429180e-02
5.905915676305691087e-02
5.511482497677207271e-02
5.885721610859036279e-02
5.416435756720602845e-02
5.765505248680710682e-02
5.566673021763562934e-02
5.714450706106920935e-02
5.415537907431523107e-02
5.407943282276392316e-02
5.413574344788988496e-02
5.428377144659558839e-02
5.737541936337947623e-02
5.392215755457679255e-02
5.999702278524637195e-02
5.515449031566579952e-02
5.731201548129320061e-02
5.794783704603712060e-02
5.603766602774461203e-02
5.563949940105279018e-02
5.451188628251353585e-02
5.382334060035645629e-02
5.366202294205625611e-02
5.414290313919385006e-02
5.666988469660282079e-02
5.613316517633696462e-02
5.607557777004937294e-02
