9.163504062841336395e-02
8.317989597303999949e-02
7.981101833283901770e-02
7.850822785662280034e-02
7.778835335953368513e-02
7.264659044643242969e-02
7.688718256023195641e-02
7.569708346078793393e-02
7.455973970807261431e-02
7.357117345349656334e-02
7.375358347263601122e-02
7.299661650839779636e-02
7.104005787728560894e-02
7.092034495953056239e-02
7.262122788363033210e-02
7.210254967212677280e-02
7.248821612447500784e-02
7.086671189301543827e-02
6.997627495891517446e-02
6.911176093336608706e-02
7.155795730650424402e-02
6.851932197395298185e-02
7.111217704498105918e-02
6.975963299887047442e-02
6.714429791188902819e-02
6.807834851659005926e-02
6.919587949911752689e-02
6.783379697137409403e-02
7.083507035341528313e-02
6.910849035614066715e-02
6.679055861507852965e-02
6.740699501501189184e-02
6.800751003126302707e-02
6.548930818421973277e-02
6.718866520871719095e-02
6.747995983395312092e-02
6.651227795001533882e-02
6.611164543363783064e-02
6.683604543407757614e-02
6.469188653346565065e-02
6.392445757778154880e-02
6.688427997546063375e-02
6.508020549598667048e-02
6.690732271720965796e-02
6.109435615233248934e-02
6.495528745775420998e-02
6.549015190038416645e-02
6.445711293361253147e-02
6.615222081955936251e-02
6.018776718734038939e-02
6.593031097824374187e-02
6.120016390664709954e-02
6.055845460957950954e-02
6.475451236797703791e-02
6.492921187438899233e-02
6.448786905449298279e-02
6.160655143774217829e-02
6.379757317610912359e-02
6.502355038084917105e-02
6.505558505240413569e-02
6.006344627175066314e-02
6.190230873309903598e-02
6.309054150349563406e-02
6.236369586032297629e-02
6.014920166797108059e-02
6.263034603455000515e-02
6.305378811019990426e-02
6.220940970298316497e-02
6.326841692336732104e-02
6.306202649656268699e-02
5.978096612832612539e-02
6.239080322492453895e-02
6.181652014040284887e-02
6.234948595778809499e-02
6.242147689271304589e-02
6.209831525468163804e-02
6.271053069374626920e-02
6.148030167031619253e-02
6.181479072612192788e-02
5.995224010613229432e-02
5.987001403959261309e-02
6.027117107684413361e-02
6.126020207173294568e-02
6.213486531956328301e-02
6.242882754239770932e-02
5.458783719481693358e-02
6.234339604982071237e-02
5.891104138766725673e-02
6.083077758343683611e-02
6.048077444235484129e-02
6.048847625239028164e-02
6.168440515175462047e-02
6.137125092662042841e-02
6.210233433586027918e-02
6.112784010668595447e-02
6.206211066908306345e-02
5.795156494196918029e-02
5.897059494422541431e-02
6.073054512962698659e-02
6.053055929433968224e-02
6.066668204342325760e-02
5.949532782865895458e-02
5.953742894861432933e-02
6.000035124727421537e-02
6.083557512611150603e-02
5.905080247256491027e-02
5.773264618797434994e-02
6.022216552454564414e-02
5.911502505963047577e-02
6.027805656194686751e-02
5.879009068012237826e-02
5.703518933927019530e-02
5.703356821710865027e-02
6.022322325863772169e-02
5.956752651060621268e-02
5.828692312869760556e-02
5.766454313157333422e-02
5.706620237065686274e-02
5.933885528809494658e-02
5.896130982372495971e-02
5.944255426939990677e-02
5.892908457252714338e-02
5.851216336919201622e-02
5.820233318954706053e-02
5.898358307571874987e-02
5.695050444660915145e-02
5.936005736390749521e-02
5.908549225164784480e-02
5.727499705842799271e-02
6.004042897580398608e-02
5.914036180410120469e-02
5.821568345030148778e-02
5.924964942451980271e-02
5.818751665453116007e-02
5.937926282899247399e-02
5.856631180892388211e-02
6.047436249338918046e-02
5.804475441368089905e-02
5.807375615048739753e-02
5.868101767781708222e-02
5.896334893380602432e-02
5.554463207307788752e-02
5.966315176337957243e-02
5.555279664695263186e-02
5.823581600561737737e-02
5.746026810051666628e-02
5.781060689025455113e-02
5.841661498157514620e-02
5.813900075025028868e-02
5.691139334812760076e-02
5.671508292564087644e-02
5.930756411204735762e-02
5.780557966273691672e-02
5.772878576277030993e-02
5.818783077928754710e-02
5.540854301717546004e-02
5.605550135175386972e-02
5.586233857191270913e-02
5.741391921829846340e-02
5.655944500532415070e-02
5.679781742187010180e-02
5.753683405410912194e-02
5.839089717095096582e-02
5.078764023880164014e-02
5.736351909322871118e-02
5.771215355230702171e-02
5.774454392699731459e-02
5.721589988097548762e-02
5.788726486886541095e-02
5.741299306973814826e-02
5.856727736277712870e-02
5.827992932043141866e-02
5.707500061641136713e-02
5.485384220050441156e-02
5.714805171721511201e-02
5.839463346120384035e-02
5.687384154233667694e-02
5.780635158427887416e-02
5.828397903177473527e-02
5.150704667386081514e-02
5.634266500257783389e-02
5.334773008815116291e-02
5.874326117336749892e-02
5.685404207971361118e-02
5.632572851868139496e-02
5.631036236882210055e-02
5.691671227622363549e-02
5.554131029380692669e-02
5.725041292607783994e-02
5.511929260359869909e-02
5.425383422730697264e-02
5.267923449476560188e-02
5.696559830879171366e-02
5.569693840419252806e-02
5.685053977908359479e-02
5.702825070669253343e-02
5.512487202261884961e-02
5.756893586367368976e-02
5.599758756450480546e-02
5.740781901404261311e-02
5.393067218570245930e-02
5.627583349123597284e-02
5.440371587044662977e-02
5.553518927966554636e-02
5.278553445306088943e-02
5.250787757751014528e-02
5.661921846783823237e-02
5.606576538541251098e-02
5.705976803890532717e-02
5.611201980047755833e-02
5.253734175736705231e-02
5.469773028873735343e-02
5.588456072534123825e-02
5.727429591740171300e-02
5.455415365803573113e-02
5.588824692078762923e-02
5.699513171696000968e-02
5.428112059210737222e-02
5.541547903170188083e-02
5.621913445906506768e-02
5.268659570978747458e-02
5.515430212641755925e-02
5.541905216458770794e-02
5.570069413839114775e-02
5.742140607908367833e-02
5.621127051611741338e-02
5.547055055697758946e-02
5.596224500073326835e-02
5.623568499253855935e-02
5.667379212876160616e-02
5.482964295273026062e-02
5.671930554219418302e-02
5.440965641496910143e-02
5.646287256644831609e-02
5.409306598206361366e-02
5.577148721656865343e-02
5.546481192318929859e-02
5.547491874959734059e-02
5.554417797053853856e-02
5.498435015065802206e-02
5.497567677456471902e-02
5.158556749423345161e-02
5.326526001509693242e-02
5.609210883784625234e-02
5.503700436610314828e-02
5.479493128756682263e-02
5.656969438617428375e-02
5.584288450578848290e-02
5.599004358260167846e-02
5.342859749992688589e-02
5.467708641663193703e-02
5.567492448414365636e-02
5.492111212677425885e-02
5.260949781578447976e-02
5.476456276244587307e-02
5.352795607306891357e-02
5.435032635513278865e-02
5.567348314863112407e-02
5.483581867689887868e-02
5.588054916717939691e-02
5.572791339622603507e-02
5.026672932629783902e-02
5.657612724850575453e-02
5.333093119164308143e-02
5.400058440864086151e-02
5.692756147020393287e-02
5.166548483280671705e-02
5.215681298739380245e-02
5.497359580670793666e-02
5.632490422576665740e-02
5.504119133369789890e-02
5.526638685001267204e-02
5.485527234979802047e-02
5.273151662614610630e-02
5.431601325463917412e-02
5.581096053744356161e-02
5.483110429098208422e-02
5.526312436494562608e-02
5.472094262432720957e-02
5.654393056821491875e-02
5.387752119244800658e-02
5.396314268517825308e-02
5.459375428035855016e-02
5.474005457427766341e-02
5.368823571544554391e-02
5.328771326070030206e-02
5.577422045171261111e-02
5.148439617413613778e-02
5.457187358082996737e-02
5.018476210534572601e-02
5.457381393967403183e-02
5.446465828766425266e-02
5.540691478591826258e-02
5.452248299908307033e-02
5.372191903491815163e-02
5.334504952447281789e-02
5.341129088774323325e-02
5.192812254859341392e-02
5.621914700087574102e-02
5.157775420488582702e-02
5.479306477225488747e-02
5.606117070549064552e-02
5.324276134164796642e-02
5.357000803988840737e-02
5.426773021204604058e-02
5.427407064578599477e-02
5.307798868873053050e-02
5.478113127044505204e-02
5.404179471855362349e-02
5.444481857120990476e-02
5.375116982807715688e-02
5.379214405806528182e-02
5.662303789415293331e-02
5.495459304915534249e-02
5.307867383170458697e-02
5.537549805723958329e-02
5.389232271247439837e-02
5.411242181435227394e-02
5.536694890922970458e-02
5.492497668084170975e-02
5.455801350375016207e-02
5.288071825893388839e-02
5.515517200239830609e-02
5.476881693013840174e-02
5.430232248165541009e-02
5.187939918703503295e-02
5.478749650840957636e-02
5.380822813345326194e-02
5.291497414517733894e-02
5.375384950182503924e-02
5.352357346564531188e-02
5.362498656743102526e-02
5.497590061277150830e-02
5.590013432213002120e-02
5.391282445440689908e-02
5.523354112067156707e-02
5.489207995641562365e-02
5.477309131787883034e-02
5.366403038303057399e-02
5.203360881035526408e-02
5.316285581017533846e-02
5.361028492657674699e-02
5.405952190566393895e-02
5.541199503673447518e-02
5.392593890428543091e-02
5.487927209792865801e-02
5.400435490947630424e-02
5.465969158750441648e-02
5.162513554096222201e-02
5.494537098954121318e-02
5.314696947526600934e-02
5.452900628248850273e-02
5.336828418076038083e-02
5.426884910298718223e-02
5.416705953992075051e-02
5.451787072751257401e-02
5.089258962414330845e-02
5.389858413901593703e-02
5.181637467402550740e-02
5.222256755870249845e-02
5.421967323248585297e-02
5.489977071475651837e-02
5.402362331127127243e-02
5.131896562460395994e-02
5.425626290962100307e-02
5.399844998286829761e-02
5.334499174108107977e-02
5.429911620707975756e-02
5.487311387227641196e-02
5.304117515269252819e-02
5.482962300173110232e-02
5.425663422793149809e-02
5.450811904544631409e-02
5.367994798968235559e-02
4.808812373214298164e-02
5.373588251984781627e-02
5.317606164349449743e-02
4.791975736411081127e-02
5.476530292588803472e-02
5.116789406165480475e-02
5.436256855933202514e-02
5.290944124054577924e-02
5.496082951625188423e-02
5.223572619466317762e-02
5.492030684318807698e-02
5.454152846294972601e-02
5.298046581447124481e-02
5.284294323581788244e-02
5.305475047272112388e-02
5.348657849762174926e-02
5.421050673143731208e-02
5.410551882038514004e-02
5.376112251025107203e-02
5.167513001296255432e-02
5.246962416503164750e-02
5.014866408374574203e-02
5.408734630586372466e-02
5.430433946765131359e-02
5.344888180908229786e-02
5.198607212967342600e-02
5.309662577799624528e-02
5.366735582550366535e-02
5.215721281452311703e-02
5.075390306818816644e-02
5.290591724009977709e-02
5.363632112534509611e-02
5.233361662055055485e-02
5.362169133085343403e-02
5.412934606687890005e-02
5.132053298875689784e-02
5.476439225797851557e-02
5.205019722796148940e-02
5.176562446479995860e-02
5.242275821252001533e-02
5.397278565085596169e-02
5.334602497104141278e-02
5.326045679135454902e-02
5.231056931532091642e-02
5.093906531110405783e-02
5.087164265828000159e-02
5.284422711572712983e-02
5.209525668372710222e-02
5.304798102006316046e-02
4.998068694646159993e-02
5.365449343290593781e-02
5.279504814081721620e-02
5.281537082046270509e-02
5.390554943846331826e-02
5.247515349959333553e-02
5.189230422385864711e-02
5.377828850307398573e-02
5.313413006563981467e-02
5.166983983168999678e-02
5.285830741955174078e-02
5.351244939698113212e-02
5.289546714888678641e-02
5.317829955990115848e-02
4.698572526168492275e-02
5.209686921702490897e-02
5.306143721358643622e-02
5.244034658082657313e-02
5.208919867873192111e-02
5.111785476199454809e-02
5.112528822695215636e-02
5.282984987522165027e-02
5.034795084761248957e-02
5.002811608008212590e-02
5.368538612706793417e-02
5.397513020369741621e-02
5.294977028129829039e-02
5.426506886465681800e-02
5.257672235990563936e-02
5.269900735260711622e-02
4.958150079473853250e-02
5.324861485924985843e-02
5.205585119417972112e-02
5.047844858426187020e-02
5.446628083785375052e-02
5.247049693846040502e-02
5.229547786422901468e-02
5.308027334718240509e-02
5.291913472529914675e-02
5.237012880129946618e-02
5.255287741828296166e-02
5.261221758814321747e-02
5.314163215872313994e-02
5.318821248494916276e-02
5.168036830921967500e-02
5.277534610488348460e-02
5.340489659251438509e-02
5.191281674843695182e-02
4.997087275195452594e-02
5.242064331347743439e-02
5.168530383250779375e-02
5.098745844637354169e-02
5.269507812336086949e-02
5.320039365647567797e-02
5.163801254497633886e-02
5.012790695246722994e-02
5.239423250572548818e-02
5.178807412998543552e-02
5.260039711784985500e-02
5.230169833327333317e-02
5.234347416294945349e-02
5.208570360102587199e-02
5.167606067326333680e-02
5.361535972398188271e-02
5.338767897337674817e-02
4.912330664487348647e-02
5.089536955994036771e-02
5.213742315148314072e-02
5.080490791135364170e-02
5.118663279960553036e-02
5.274857570313744998e-02
5.353953900436560220e-02
5.298521674962507200e-02
5.030220295819971127e-02
5.154791305669480239e-02
5.305840170217884788e-02
5.139894823854167932e-02
