1.073776126187294677e-01
6.446814292576164007e-02
6.085740526672452771e-02
6.148842160124332046e-02
5.990854953881353390e-02
5.944214969873428539e-02
5.860520522110164443e-02
5.846016412135213863e-02
5.704435389954596453e-02
5.779088226146995855e-02
5.771819140762090433e-02
5.718593650497496433e-02
5.708024528808891551e-02
5.269683215301483592e-02
5.540326127782464055e-02
5.652849209494888866e-02
5.424104517791419888e-02
5.646948026493191913e-02
5.593982419464737371e-02
5.552468248642981191e-02
5.583245223853736811e-02
5.499828272499143744e-02
5.375618334393948011e-02
5.550113486591726208e-02
5.460588127374649270e-02
5.458908168133348032e-02
5.450002613477408775e-02
5.338159959297627405e-02
5.395946046337485313e-02
5.359258965589105972e-02
5.385314033366740000e-02
5.302396089769900039e-02
5.381939566694200067e-02
5.322965341620147089e-02
5.348367251921445215e-02
5.255374061875045522e-02
5.304522544611245394e-02
5.355959984473884078e-02
5.332712985109537562e-02
5.267493502236902936e-02
5.284382123965770256e-02
5.324117824435234403e-02
5.242317909374832885e-02
5.154685527551919333e-02
5.261773807927966340e-02
5.225515475030988177e-02
5.149293733760714614e-02
5.225664763711392741e-02
5.191921441815793709e-02
5.054664081428199979e-02
4.952887040097266741e-02
5.299845097586512732e-02
5.154778809286653801e-02
5.236646700184792447e-02
5.221487150993198156e-02
5.029162277933209996e-02
5.119157116394489754e-02
5.142324556596577362e-02
5.118042936548590494e-02
5.083151622209697990e-02
5.096025918144733019e-02
5.094017433002591411e-02
5.045769917778671065e-02
5.125613600015640342e-02
5.067446906119585370e-02
5.117078612092882534e-02
5.125669604167341908e-02
5.065737578552216569e-02
4.989733554888516748e-02
4.968837725464254895e-02
4.981713232584297768e-02
5.146658210083842472e-02
4.974375257734209299e-02
5.047508922405540693e-02
4.899036544375121732e-02
5.070998350158333751e-02
5.023572191130369624e-02
5.050377700477838572e-02
5.074796363245695496e-02
5.064721608068793735e-02
4.954766341950744141e-02
4.980521581135690518e-02
5.015725182835012452e-02
4.958017995115369253e-02
4.942619028035551143e-02
5.008594869170338026e-02
4.987287783063948376e-02
5.019262202084064789e-02
5.029291555285454046e-02
5.046213696245104019e-02
4.995216285344213081e-02
5.054058318492025276e-02
4.990292375441640615e-02
5.055247866548597674e-02
4.987688636407255904e-02
5.033350958023220106e-02
4.940003516618162588e-02
5.015604396816342875e-02
4.967311121057718659e-02
4.892093987669796085e-02
