1.901614120781421668e+00
2.461134766452014455e-01
1.439250335469841879e-01
9.043832074664533149e-02
7.889722199551761628e-02
8.322365205362439178e-02
7.264364212006330090e-02
7.314281563647091755e-02
7.171356008760630674e-02
6.919225022383033996e-02
7.032352069485932333e-02
7.056164366006850708e-02
6.673800037056207279e-02
7.639030558988452180e-02
6.838917250558733396e-02
6.824247602373362254e-02
7.098310297913849876e-02
6.682429973781109367e-02
6.798051919788122843e-02
6.690570359304547077e-02
6.584934299066662333e-02
6.558032936044037864e-02
6.594825542531906892e-02
6.447791235707700519e-02
6.712586590275168574e-02
6.650214119255543066e-02
6.399385148473084317e-02
6.452446069940924456e-02
6.464411175809800514e-02
7.002782266214489792e-02
6.318075727485120141e-02
6.972867208253592797e-02
6.340864003449678266e-02
6.590730112418533015e-02
6.421288868412375339e-02
6.707716537453234373e-02
6.508357547596096970e-02
6.278845787048339955e-02
6.682781125046312332e-02
6.417491846252232346e-02
6.482613934949039980e-02
6.287412270717322726e-02
6.245105289295315582e-02
6.685070070065557424e-02
6.348371945600957134e-02
6.241483838856220351e-02
6.601860148832201791e-02
6.523550554923712719e-02
6.266175870597362474e-02
6.524825104791670549e-02
6.698672655131668319e-02
6.131020158343017390e-02
6.249416539445519503e-02
6.264932468906045382e-02
6.201218471862375570e-02
6.692631729133427521e-02
6.474093825556337389e-02
6.199804874137043731e-02
6.400985061004757504e-02
6.138762158714234501e-02
6.275030336342751758e-02
6.347059749998151812e-02
6.248644301202148366e-02
6.530777491908520971e-02
6.210997349862009548e-02
6.333340204507112436e-02
6.089697442390024779e-02
6.250330857560038034e-02
6.130954081565141711e-02
6.456762897409498714e-02
6.262510950770229512e-02
6.265619286615400907e-02
6.317349620163441315e-02
6.528893206734209809e-02
6.552857641968876101e-02
6.082370730862021735e-02
5.982271395809948128e-02
6.218102228827774441e-02
6.365939061529934939e-02
6.044051602296530989e-02
6.267743453569710188e-02
6.390136771090328127e-02
6.187675522547215340e-02
6.209817617665976119e-02
6.024803650192916277e-02
5.939102052524685565e-02
6.205777992308139646e-02
6.014098224416375427e-02
6.093892516568302775e-02
5.980134017392992746e-02
6.026038596406579212e-02
6.165586175583302742e-02
6.024335348792374256e-02
6.181886771973222477e-02
6.160726991295814581e-02
6.320183686353265939e-02
6.127973727229982931e-02
5.998364218696951994e-02
6.006845400854945310e-02
6.208981825225055179e-02
