2.380206137336790539e-01
1.037488656118512181e-01
9.365091292187571748e-02
8.583567444235086497e-02
8.491485813632607127e-02
8.152751600369810558e-02
8.071138216182589809e-02
7.820459404960274086e-02
7.663867665454744682e-02
7.431368431076407211e-02
7.589033296331763878e-02
7.496555773541331569e-02
7.253046775236725308e-02
7.274759190157055466e-02
7.205556388944386881e-02
7.086359826847911381e-02
7.184952059760689458e-02
7.055340979248285460e-02
7.115182179957628417e-02
6.956235267221927421e-02
7.080676177516580239e-02
7.051387725397945117e-02
6.917686495929956103e-02
6.971469696611165556e-02
6.801290541887283769e-02
7.005586512386799414e-02
6.842522805556655596e-02
6.780491001904011272e-02
6.781306214630604401e-02
6.624063264578580745e-02
6.753633974120021310e-02
6.705017684027553271e-02
6.551446603611112141e-02
6.582322337664664458e-02
6.557205695658922806e-02
6.678736856207251327e-02
6.580678072758018582e-02
6.653919860720634849e-02
6.579142865724861566e-02
6.598196954466402364e-02
6.477721919305622078e-02
6.441254571080207159e-02
6.593334256671369575e-02
6.598153466358780417e-02
6.496026736684143432e-02
6.459493884816765175e-02
6.489841651171446291e-02
6.501727358438075255e-02
6.459065747447312322e-02
6.362573613412678131e-02
6.468714665621519422e-02
6.483648280613124593e-02
6.151408196426928071e-02
6.490284443832933237e-02
6.468215407803654116e-02
6.371232315897941423e-02
6.273629973642527724e-02
6.333783303387463537e-02
6.345531180500983692e-02
6.559456812217831501e-02
6.349202812649309968e-02
6.392449619248509463e-02
6.397674279287457466e-02
6.278363131918013318e-02
6.450472557917237559e-02
6.191402319818735400e-02
6.413074099458754285e-02
6.346450967714190039e-02
6.272315901704132723e-02
6.333070701919496504e-02
6.224689708091318829e-02
6.301525686867534559e-02
6.401909398846328259e-02
6.124092862941324378e-02
6.252421483397484214e-02
6.118497457355261127e-02
6.321154088713228092e-02
6.296245418488979895e-02
6.177530041895806789e-02
6.154990306124091121e-02
6.038635507225990212e-02
6.086187084205448711e-02
6.147530898451804976e-02
6.171579944901168374e-02
6.003636308945715233e-02
6.183150047436356683e-02
6.086884475313127096e-02
6.256312389858066647e-02
6.057749954983591978e-02
6.092958785593509397e-02
6.158714958466589284e-02
6.183725129812955856e-02
5.841611508280038917e-02
6.281082606874406615e-02
6.184180188924073840e-02
6.099541169591247980e-02
6.150680102407932170e-02
6.165386776439845534e-02
5.974457317031919845e-02
6.255459122359752211e-02
