4.710698234587907818e-01
3.059590017534792317e-01
2.705044742971658978e-01
2.160036473423242454e-01
1.639484504051506586e-01
1.307860656883567674e-01
1.188213414959609499e-01
1.040191011596471038e-01
9.368871086649596669e-02
9.197364241816102792e-02
9.099168547429144216e-02
8.532980543561280440e-02
8.857762328162789578e-02
8.382239118032157321e-02
8.366640536487102153e-02
8.467862635664641369e-02
8.669112759642302879e-02
8.198091592453420062e-02
8.057913656905293931e-02
8.319785526022314970e-02
8.284388309530914263e-02
7.958873396925628119e-02
7.984111649170518021e-02
7.967561319842934864e-02
7.914918847009540237e-02
7.889405400864779594e-02
7.886966931819915094e-02
7.825447673536836679e-02
7.981413530744611851e-02
8.191548808105289514e-02
7.905646539106965520e-02
7.697312966175377802e-02
7.905868080630898409e-02
7.856894761137664385e-02
7.957963985949755015e-02
7.726793867722153708e-02
7.884526124037802286e-02
8.002909369021654618e-02
7.977175886556506224e-02
7.595025208219885471e-02
7.701977463625371556e-02
7.769644180499017672e-02
7.928079700469971292e-02
7.614015958644450299e-02
7.876349715702235521e-02
7.584489749185741037e-02
7.537165662087499940e-02
7.569806941226124575e-02
7.782333227992058178e-02
7.671815408393740932e-02
8.001154937595128525e-02
7.459566505625843391e-02
7.917367628403007562e-02
7.875951698422431480e-02
7.572383972257375195e-02
7.408059960976243197e-02
7.595193840004503538e-02
7.590843656100332293e-02
7.583595746010542149e-02
7.509028713218868223e-02
7.577078380994498041e-02
7.651144427619874233e-02
7.533610404282808926e-02
7.697362537495791579e-02
7.342900493182241695e-02
7.537728900834918255e-02
7.859716026112437137e-02
7.401401606202125116e-02
7.286221721954644348e-02
7.315069000609218663e-02
7.610416034795343398e-02
7.324612426757812211e-02
7.302950643189251578e-02
7.238529620505869400e-02
7.320710570551454410e-02
7.639892626926303443e-02
7.502148648165166134e-02
7.244487594813107945e-02
7.321378047391771671e-02
7.468826829642057075e-02
7.220418166369199642e-02
7.655892566591501747e-02
7.635843642987311108e-02
7.319828927703202204e-02
7.293921912088990878e-02
7.300532889924943314e-02
7.569808476604521219e-02
7.235270195640623736e-02
7.671457423642277784e-02
7.329428053647280006e-02
7.044872784242034447e-02
7.164680470898747433e-02
7.887102375365794005e-02
7.691565021872520669e-02
7.300515874288976415e-02
7.091070014424621926e-02
7.443132270686328433e-02
7.116481677070260470e-02
8.125132489018142834e-02
7.273181882686913236e-02
