9.822839204635884502e-02
8.252054920627011070e-02
7.820476272867785128e-02
7.499106377363204401e-02
7.092764079570770819e-02
7.077063119245899370e-02
7.098748663233386824e-02
6.445390840785371334e-02
7.107624005940225975e-02
6.716799061331484022e-02
7.061700427697764626e-02
6.517393185446659909e-02
6.351623177114459895e-02
7.027180964748064307e-02
6.857362468209531048e-02
6.973148994147777835e-02
6.762918672627872552e-02
6.635989790989292592e-02
6.319162938743830282e-02
6.677398371199766425e-02
6.791248400178220845e-02
6.447282067189613608e-02
6.624210468596881951e-02
6.629367549386289138e-02
6.416001688275072001e-02
6.412787797550360824e-02
6.511087473481894095e-02
6.440980550315644759e-02
6.500884501470459431e-02
6.564113179014788302e-02
6.649998269147343322e-02
6.549996965461307719e-02
6.453887116577890215e-02
6.536604252954324179e-02
6.325075969927840269e-02
6.557884965505865471e-02
5.707996365510754899e-02
6.203375512527094932e-02
5.692595024075772919e-02
6.409156256251864747e-02
6.382795108689201524e-02
6.359076675855451777e-02
6.283376022345489587e-02
5.762056457913584256e-02
6.387101295921537858e-02
6.207101603762971154e-02
6.192750086386998587e-02
6.463987986660665874e-02
6.290685265428490325e-02
6.062655061897304076e-02
6.507718387163347051e-02
6.367263332423236943e-02
5.539505692819754468e-02
6.215387688328822408e-02
6.206845071994596119e-02
6.006316577808724216e-02
6.239730258368783589e-02
6.039155264281564212e-02
6.268892811818255195e-02
5.494949828005499248e-02
5.448885497947533740e-02
6.349933261258734751e-02
5.964635892046822596e-02
6.235629667838414603e-02
6.208272491478257493e-02
5.910395530776844930e-02
6.170417420152160548e-02
6.017809859994385085e-02
6.062948554754257063e-02
5.918798063778214769e-02
5.782359391450882236e-02
5.945296608325507937e-02
6.178534769763548845e-02
5.973309446126222333e-02
5.520433528969685005e-02
5.973616792923874125e-02
5.924250822928216892e-02
6.070307929896646276e-02
5.871086621450053583e-02
6.078924383554193400e-02
5.982764735817909518e-02
6.072803917858335399e-02
5.961534983168045865e-02
5.771125954472356573e-02
5.285836669305960661e-02
6.247858235405551186e-02
6.012233208037084942e-02
4.841139016466008277e-02
5.362403024401929397e-02
5.807147771120071272e-02
5.975992402268780895e-02
5.935211469315820193e-02
5.985125605430868106e-02
5.993465491467052375e-02
5.968370499710241861e-02
5.967268066273795357e-02
5.791211672541168171e-02
5.746458907508188163e-02
5.955817817399899211e-02
5.922916937205526672e-02
5.905664316895935240e-02
5.928212611211670924e-02
5.951872420393758412e-02
5.746012810203764143e-02
6.051957327872514725e-02
5.930490508261654359e-02
5.451974411391549702e-02
5.788185778591367625e-02
5.986642905821402960e-02
5.862157135787937623e-02
5.672973077744245668e-02
5.946836643334892092e-02
5.792737207892868084e-02
5.611592309756411462e-02
5.808917261246177716e-02
5.824159062984916868e-02
5.926858327454991027e-02
5.765279734300242376e-02
5.926586404028866273e-02
5.814844057377841630e-02
5.209634929067558790e-02
5.828491068548626031e-02
5.831867119090424628e-02
5.731129402087794394e-02
5.777928427689605489e-02
5.139462664309474987e-02
5.368695430871513186e-02
5.934766878684361729e-02
5.520570369230376473e-02
5.464670399410857110e-02
5.438750907778740207e-02
5.813985798094007534e-02
5.650920803762144590e-02
5.766508448868989944e-02
5.798194952723052797e-02
5.811321513934267907e-02
5.455283013482888771e-02
5.956698730587959428e-02
5.656452549414502096e-02
5.844614894853698145e-02
5.528406461493836493e-02
5.871840870628754205e-02
5.785521026700735092e-02
5.512045828832520117e-02
5.815644284917248497e-02
5.814952051473988581e-02
5.605225892116626196e-02
5.752799984895520802e-02
5.551350569973389354e-02
5.929520606166786834e-02
5.776098763777150202e-02
5.736076713850100928e-02
5.444561116811302143e-02
5.321853945238722711e-02
5.654846580906047054e-02
5.324210021644830426e-02
5.844033935831653009e-02
5.743948949707879115e-02
5.523278386228614584e-02
5.793422874477174855e-02
5.779449976980686327e-02
5.316093243244621180e-02
5.849888823512527924e-02
5.270271675868166972e-02
5.682169151388936912e-02
4.995710081938239955e-02
5.826731810553206076e-02
4.725048833837111606e-02
5.703957755532529372e-02
5.413175583299663363e-02
5.704946184737814951e-02
5.558246003670824775e-02
5.673913821164104643e-02
5.546452382372485390e-02
5.826729881680674239e-02
4.699648811171452251e-02
5.895956361459361167e-02
5.351903482029835707e-02
5.580051648947927795e-02
5.187331678138838720e-02
5.717610658870803109e-02
5.564992065644926156e-02
5.652799916764100069e-02
5.617063645687368073e-02
5.673966215302547050e-02
5.619352553039789339e-02
5.493610091507435123e-02
5.517008693681822729e-02
5.365929638759957265e-02
5.192838139418098908e-02
5.318259410560131212e-02
5.059986946483453069e-02
5.771238075362311593e-02
5.555711711446444101e-02
5.425900839683082261e-02
5.563343804743554888e-02
5.572598243339194068e-02
5.471152975741359892e-02
5.814525404324134145e-02
5.451170744167433552e-02
5.368354564739598322e-02
5.619509189079205380e-02
5.243535706152518266e-02
5.529464160402616096e-02
5.564910183764166379e-02
5.477213447706567179e-02
5.316605400294065198e-02
5.345020383182499252e-02
5.791802559461858846e-02
5.466462340619829274e-02
5.487651251670386948e-02
5.450818275825845133e-02
5.246877573016617280e-02
5.254034666965404915e-02
5.409387165887487997e-02
5.543430329610903734e-02
5.539719930125607678e-02
5.274101377775271965e-02
5.569772277441289998e-02
5.451120487931701564e-02
5.616200860175821208e-02
5.634763505723741628e-02
5.602971834854947319e-02
5.378370936959982196e-02
4.682106611629326814e-02
5.488118543807003064e-02
4.371265692429410210e-02
5.511718901495139128e-02
5.471315930287043439e-02
5.410479954961273236e-02
5.584125485685136753e-02
5.573709083514081369e-02
5.230010075287686716e-02
5.578774000621504470e-02
5.389378033578395844e-02
5.299149097667799763e-02
5.061924443062808948e-02
5.418720357120036801e-02
5.120285395532846173e-02
5.648715785808033213e-02
5.490723531693220139e-02
4.677291104776992031e-02
5.400362608747349968e-02
5.575230597621864959e-02
5.472778197791841603e-02
5.309414128876394773e-02
5.626448094844817976e-02
5.398242018289035882e-02
4.865813607143031072e-02
5.115965176373719892e-02
5.204499852326181092e-02
5.486751801023880687e-02
5.382800079468223753e-02
5.029051177617576557e-02
5.366821166955762501e-02
5.455617012663020043e-02
5.587285707394282208e-02
5.055163455092244462e-02
5.167926696853505225e-02
5.374761792934602822e-02
5.555518741408983774e-02
5.303289050029384027e-02
4.676730202303992084e-02
4.599465040696992107e-02
5.070795027746094474e-02
5.520858642541699723e-02
5.470003123498624886e-02
5.360823712415165032e-02
5.287166275084018846e-02
5.402255697796742168e-02
5.212331362482574421e-02
5.252728302859598075e-02
5.349401090708044010e-02
5.293304531110657601e-02
5.437512913097938133e-02
5.432126950472593307e-02
5.000165572596920738e-02
5.268435896270805274e-02
5.385056522985299382e-02
5.345923915091488343e-02
5.386821302688783730e-02
5.447943759047323142e-02
5.392538619538148059e-02
5.115576756911145023e-02
5.304472833457920394e-02
5.335386633459064665e-02
5.444984429826339040e-02
5.054950004236565680e-02
5.273926243599918323e-02
4.863501400169398942e-02
5.371492734799782759e-02
5.466355122625828067e-02
5.411795294947094326e-02
5.196977957255310282e-02
5.304735129078229361e-02
5.212070374853081112e-02
5.111598759475681486e-02
5.080576841202047444e-02
5.255856540881925082e-02
5.238814465701580048e-02
5.515950976146592050e-02
5.056588788413339530e-02
5.381543625973993217e-02
5.076486354486809544e-02
5.164568293839692792e-02
5.368975152571996146e-02
5.270718137423197752e-02
4.950460917833778701e-02
5.282456429882181892e-02
5.382652733888890900e-02
5.281938264767328806e-02
5.309853284723228817e-02
5.101573107143243108e-02
5.266223272515668102e-02
5.172872924142413870e-02
5.254306004693110738e-02
5.106801531381077036e-02
5.059532885336213981e-02
5.071243006322118801e-02
5.473082055234246984e-02
4.781241319659683409e-02
5.392359420657157759e-02
5.463786319726043200e-02
5.432687300360865279e-02
5.206813052710559941e-02
5.386786164922846565e-02
4.967771189080344429e-02
5.041286810818645936e-02
5.474712594101826396e-02
5.285961758345365802e-02
5.089477741469939504e-02
4.873279333114623885e-02
5.273977611213922362e-02
5.281876592586438185e-02
5.170654294391473227e-02
5.474455729126929959e-02
5.303958954496516137e-02
4.945360974719126973e-02
5.306764263659715514e-02
4.280099785990185146e-02
5.126227132148213073e-02
5.238411238210068793e-02
5.193177329169379464e-02
4.902662727981806079e-02
5.366620359321435524e-02
5.288168589274088588e-02
5.172481592744589129e-02
5.223517012264993625e-02
5.205194262994660565e-02
5.376277565956115445e-02
5.272810539851586348e-02
5.419408664521244146e-02
5.230412806073824611e-02
5.371702311353551001e-02
5.019010108792119895e-02
5.115846830109755522e-02
4.793575346055958114e-02
5.404684709178076557e-02
5.216551770766576085e-02
5.373447328392002426e-02
5.131777769161595393e-02
5.249689339349667555e-02
5.134906905392806059e-02
5.406447483433617779e-02
5.187901790357297982e-02
5.172581275304158344e-02
5.401079979621702110e-02
5.047535695549514728e-02
4.708451730095677967e-02
4.443861773858467923e-02
5.043362312846713658e-02
4.691848605871200284e-02
5.229408022844129339e-02
5.338054953349961190e-02
5.158991511497232341e-02
5.234874702162212873e-02
5.301572276900212016e-02
5.298225068383746739e-02
5.191402658820152421e-02
5.141622444821728616e-02
5.275812016593085102e-02
4.709962542272276564e-02
5.065692818413178311e-02
5.301807131618261476e-02
4.962436428500546087e-02
5.310070036600033488e-02
4.972222451534535903e-02
5.308648563093609080e-02
5.230502943611807509e-02
4.644947931584384598e-02
5.382107403129339496e-02
5.069044716656208316e-02
5.276799711088339673e-02
5.311008497244781856e-02
5.307381755361954140e-02
5.302020083698961300e-02
5.326529139031966481e-02
4.993004668503999571e-02
5.200576920890145893e-02
5.284333504322502595e-02
5.063612086491452169e-02
5.078588773806889944e-02
5.160628681381543292e-02
5.175584378755754972e-02
5.054252207693126636e-02
3.827081827653779078e-02
4.764918010267946147e-02
4.880612987197107538e-02
4.932892842011319529e-02
4.933961023473077551e-02
4.865190620637602215e-02
4.593730028718710084e-02
4.992620288911792797e-02
5.460196232630146890e-02
4.756982049180401989e-02
5.198185708787705916e-02
4.756105769839551883e-02
5.506155321167575251e-02
5.000583026558160643e-02
5.139317462841670042e-02
5.307984561141994295e-02
5.084822175817357154e-02
5.318623671515120693e-02
5.326999678379959469e-02
5.329930923051304226e-02
4.500921300301949368e-02
4.602105054590437117e-02
5.073143680476480122e-02
5.277183885789579754e-02
5.151669240246216364e-02
4.326441749516460322e-02
5.218400872415966674e-02
5.166975824783245907e-02
5.168352692077557431e-02
4.720950141135189099e-02
5.133557383798890983e-02
4.921694729063245954e-02
5.265578097767299737e-02
5.129317740599314418e-02
5.149669876943031854e-02
5.167774442169401072e-02
5.171267524775531588e-02
5.273328433848089442e-02
4.719955637637111845e-02
5.213662777096032819e-02
5.171425681975153066e-02
5.267428788873884660e-02
5.119544056554635458e-02
4.736599889066483993e-02
5.102303028106689592e-02
4.854056330190764657e-02
4.825082605497704735e-02
5.233590849157836872e-02
5.136887234532171165e-02
4.954194846666521573e-02
5.360371520121891969e-02
5.308448007951180325e-02
5.206018698712189946e-02
5.193741998324791914e-02
5.269692556725608101e-02
5.164503016405635333e-02
4.725073066850503378e-02
4.978038529968924208e-02
5.090130728979905261e-02
5.007927378432618093e-02
5.184285566210746626e-02
5.223480980429384690e-02
5.298789514021740726e-02
5.155235897335741502e-02
5.064034571664200596e-02
4.926102480126751809e-02
4.890634510666132251e-02
5.051350322448545233e-02
5.176088905168903936e-02
4.435888961371448058e-02
5.047590066161420502e-02
4.940494470712211705e-02
5.112858031772905126e-02
5.038322315861781114e-02
4.984113362928231650e-02
5.029511615220043363e-02
5.173823721706867496e-02
5.208535372383064910e-02
5.087445200317435717e-02
5.173532828274700346e-02
5.215061869886186696e-02
4.644625669138299079e-02
5.068136749582158318e-02
5.028534945514467197e-02
5.006872345176008321e-02
4.881317878348959832e-02
4.922093136443032174e-02
5.129046257999208408e-02
5.110447928309440335e-02
4.715269408706161680e-02
4.780119187715980988e-02
4.696882747941547032e-02
5.029046690712372231e-02
5.184827242046594759e-02
5.088069027082787327e-02
