2.215780233542124389e+00
7.421063693861166266e-01
2.595877400288978953e-01
1.285880842184027040e-01
8.523033931851387024e-02
9.071581428870559294e-02
8.759718398874004330e-02
8.078711633260050873e-02
7.448154335220655287e-02
8.198282757773994733e-02
7.187934814020990881e-02
7.256519471605618610e-02
7.410616411517063906e-02
6.902197487652302066e-02
6.747312740733225900e-02
6.690341167772809183e-02
6.691306610281268219e-02
7.516071639334162557e-02
6.879720513398449033e-02
6.640320525815089636e-02
6.716438190390666696e-02
6.969822350889444407e-02
6.543182019144296035e-02
6.599563959365090104e-02
7.364361106107632227e-02
7.322863534713784650e-02
7.029090711226065880e-02
6.329812722901503874e-02
7.023274960617224838e-02
6.574888403837879369e-02
6.454960682118932036e-02
6.498253762722015769e-02
6.259588814030091208e-02
6.495597117270032750e-02
6.630019545555114469e-02
6.253917270650466431e-02
7.387990962713956999e-02
6.915474553902943577e-02
7.162615221304198532e-02
7.500231184686223518e-02
6.806850235288341988e-02
6.373462775722145424e-02
6.758786291504899346e-02
6.587756200383107497e-02
6.326202322418490731e-02
6.483817928160230670e-02
6.663785524045427733e-02
6.253907776748141023e-02
6.547397042314211102e-02
6.978623657176892536e-02
6.291865775982538600e-02
6.481346222882469754e-02
7.422040518373250462e-02
6.269667843977609623e-02
6.002453424657384212e-02
6.154879537100593073e-02
6.219413683439294765e-02
6.457937140638629614e-02
6.218832509592175234e-02
7.703270640224219035e-02
8.533582024276256672e-02
6.933038919543225986e-02
7.176855573430657165e-02
6.216892485817273467e-02
6.245776881774266903e-02
6.709654737263917590e-02
6.664096802473068459e-02
6.508710884799559504e-02
6.376154458150268267e-02
6.822249287118514749e-02
7.548752763619025197e-02
6.446528557067116028e-02
6.000571943819522913e-02
6.224297445267439055e-02
7.058309188733498385e-02
6.967457526052991956e-02
6.878197216118375756e-02
6.557565048957864073e-02
6.498497347657879175e-02
6.112931425993640977e-02
6.634331854681173313e-02
6.254999090606967738e-02
6.516203125317891753e-02
6.106139337954422097e-02
7.042060611148674709e-02
6.172396758571267045e-02
6.127501546715696801e-02
7.228190971538424325e-02
6.747113550081848543e-02
6.348519981528322198e-02
6.796485303590694971e-02
6.433410347128908080e-02
6.543880652636289985e-02
6.128344562215109342e-02
6.192171057686209762e-02
6.429103789230188049e-02
6.432651331648230053e-02
6.339044343059262177e-02
6.362966174259782060e-02
6.163163521016637447e-02
6.481464225177963057e-02
6.464022511616349109e-02
6.116140782833099504e-02
6.851827125375468952e-02
6.278970067699750357e-02
6.215348663118978184e-02
7.133591449509064930e-02
6.059047431374589565e-02
6.557702572395404661e-02
6.162815976267059515e-02
6.440897207086285214e-02
6.313992969070870986e-02
6.415251672578355102e-02
6.408007048070431255e-02
6.258587049941222169e-02
6.445197646195689745e-02
6.007677297418316520e-02
6.210956359903017920e-02
6.475978789851069561e-02
6.447172638028859926e-02
7.011214535683393811e-02
6.203351201489568090e-02
6.124639599894483866e-02
5.965369957809647100e-02
6.370154132756093712e-02
7.250147684787711100e-02
6.817386745164791262e-02
6.462272065381209629e-02
6.559891092901427856e-02
6.357038259506225808e-02
6.289298798268040669e-02
6.129770456502835196e-02
5.952243219440182115e-02
6.380027419577041781e-02
6.135973693182070893e-02
6.109433635448416333e-02
6.578066771849989947e-02
6.106065660094221748e-02
6.692547629276911214e-02
6.327698621898888987e-02
6.670335605119664946e-02
6.897229775786399564e-02
6.140054050212104958e-02
5.933998323976993894e-02
6.016258694852391620e-02
6.054140706236163516e-02
6.440098116174340637e-02
6.297427784030636133e-02
6.134960595518350324e-02
5.934188643470406782e-02
6.107543524354696468e-02
6.440507206444938404e-02
6.562690349916616706e-02
7.028211604182918459e-02
6.514133552089333701e-02
6.215469018556177283e-02
5.920393986627459776e-02
6.120327707380056326e-02
6.104971143727501437e-02
6.038050918529431349e-02
5.898433541879057745e-02
6.361999228596687539e-02
6.124613794187704768e-02
7.203822306667764797e-02
6.021326773489515255e-02
6.478075992626448898e-02
6.109215383107463593e-02
7.515091490931809226e-02
6.130574553584058894e-02
6.303651360794901293e-02
6.224705570687850270e-02
6.220248306170105684e-02
6.068997984752058650e-02
6.101926739638050684e-02
5.997074716414014378e-02
6.813954141301413470e-02
6.078538243969281579e-02
6.302301024397213847e-02
6.436588921273747599e-02
7.438397041832407741e-02
5.922199105223020094e-02
5.974116874237855174e-02
5.836190024390816578e-02
6.271424327977001556e-02
6.101665172725916075e-02
6.335953488945961221e-02
6.100227120953301274e-02
5.795881863062580380e-02
6.174785053978363442e-02
6.109377178673942865e-02
6.139602394153674536e-02
7.166939000909526569e-02
6.005432122697432901e-02
5.840637151151895773e-02
5.874852428212761629e-02
5.915966854120294216e-02
6.021108277762929339e-02
6.807584158455332046e-02
6.322368248055378059e-02
6.142098816732565608e-02
7.315466726819673526e-02
6.093664531596004741e-02
6.157783038914203810e-02
6.144167857865492216e-02
6.465208994224667938e-02
6.372981036081909467e-02
6.913457488020260944e-02
6.494548573469122177e-02
6.148717548698186958e-02
6.543805195018649601e-02
6.144406054168939646e-02
5.923961672311028187e-02
6.263549685167769943e-02
6.335369485119977939e-02
6.550587590783835124e-02
6.219954323644439481e-02
5.993391294032335281e-02
6.325214321414629470e-02
6.188772310192386383e-02
6.467179380978146930e-02
5.756584176172812456e-02
5.847106621290246858e-02
6.180402071525652880e-02
6.006717385103305107e-02
8.194945237288872586e-02
6.774552779272198511e-02
8.654061701148747787e-02
6.105984147638082726e-02
6.063306320148209583e-02
6.451357995780805654e-02
5.755174893264969338e-02
6.200609596446156335e-02
6.217369378854831208e-02
6.022050764411687740e-02
5.859968073045213749e-02
6.336600961784522035e-02
7.496709924812118564e-02
5.836935461498796857e-02
6.251343363896012806e-02
6.102482213949163986e-02
6.170793072630961773e-02
8.121424507970610718e-02
5.796206086874008262e-02
6.087399348616599759e-02
6.335990416817366411e-02
6.028890028595924183e-02
5.964950451006491988e-02
6.023553994794686450e-02
7.301694814115762544e-02
5.940536914393305945e-02
6.831263762588302146e-02
5.963868599385022812e-02
6.275604833538334093e-02
6.935138811046878682e-02
5.774286804720759475e-02
6.103228233133753400e-02
5.699097933247685571e-02
6.107945601766308352e-02
6.010388703706363855e-02
5.978376494099696403e-02
6.014795274163285688e-02
6.488897853841384122e-02
6.010800054296851214e-02
6.261146164188782781e-02
6.922536346440513744e-02
5.665173481528957417e-02
5.810973305255174443e-02
5.780709703763325935e-02
6.084912558396657345e-02
5.853702180708448416e-02
6.132603053624430950e-02
6.910241865242520987e-02
5.910813278829057937e-02
6.457833347221215992e-02
6.032251921171943171e-02
6.198723779991269223e-02
6.681200712298353273e-02
6.141481989994645313e-02
5.799793207397063721e-02
5.924491653839747407e-02
6.159341748182971948e-02
6.504939038927357031e-02
5.862216211855411641e-02
6.416195359081029725e-02
6.321437542016307420e-02
5.972838780842721490e-02
5.815803547700246212e-02
6.049038003819684484e-02
6.112998553862174222e-02
7.248143466189503614e-02
6.147861175549527296e-02
6.097678799803058630e-02
5.776868840679526274e-02
6.416541640957196257e-02
6.149775578329960690e-02
6.346189707517624345e-02
6.013396828745802558e-02
6.038183664903044867e-02
6.103364078948895349e-02
6.243237594452997336e-02
5.878453851367036742e-02
6.205369920469820666e-02
5.979535902539889064e-02
6.530045751482248251e-02
6.542814256623387392e-02
6.183912290570636738e-02
6.247842489431301716e-02
7.016050101568301056e-02
6.274936707069476982e-02
5.985252893840273258e-02
6.114716265350580299e-02
5.904410038764278112e-02
6.576817200208703862e-02
5.856437153182923738e-02
6.038944980750481084e-02
5.995782274131973566e-02
5.976548134349286834e-02
5.928928331782420263e-02
6.086957904199759295e-02
5.641409766549865257e-02
6.241603947555025150e-02
5.996250715727607233e-02
5.866711471229791447e-02
6.073683462416132328e-02
6.282833111472427290e-02
5.874791269811491246e-02
6.134071291734775194e-02
6.308761443321903029e-02
5.894179963817199053e-02
5.698912955199678804e-02
5.829816222811738669e-02
6.100421153940260161e-02
5.851294261092940957e-02
5.728094028308987340e-02
6.370409659420450676e-02
5.767945269122719959e-02
5.763284876942634249e-02
6.014071111256877322e-02
6.340153557558854402e-02
7.815766034647822491e-02
6.418387080232301756e-02
5.826586553206046515e-02
5.905822804197669029e-02
6.043088517151772726e-02
6.116097087661425541e-02
5.908834255921344147e-02
6.299006533498564819e-02
6.447593093539277787e-02
6.428349511077006972e-02
5.777693940637012443e-02
6.042434555788835093e-02
5.966171865041057509e-02
6.054757041235764997e-02
5.796483933925628690e-02
6.094998020989199350e-02
6.168119860813021937e-02
6.591883789747952915e-02
5.878480243186155751e-02
5.679389444800714976e-02
5.874467520974576557e-02
5.954702197263637975e-02
5.725421849017341830e-02
6.329541324948270709e-02
5.861458785211046824e-02
6.015023797750473217e-02
6.385093617563446233e-02
5.724958920230468346e-02
6.285715016846855907e-02
6.520911807194351706e-02
7.279418021440506315e-02
6.269338271891077008e-02
6.435744474641978685e-02
5.938918963695565684e-02
5.964944224183758165e-02
5.786330045200884648e-02
5.840927629731595266e-02
5.942493881409367101e-02
6.016247479555507371e-02
6.196930887798468568e-02
5.699898411209384369e-02
5.995714841410517554e-02
6.827777189202606511e-02
6.753884491821129932e-02
6.230443834016720361e-02
5.879569794361790003e-02
5.800530077268679918e-02
6.528473171095053318e-02
5.888801621894041577e-02
6.357591689253846989e-02
5.505502477288246044e-02
6.105331230287750627e-02
5.862398742387692208e-02
5.884450607001781575e-02
5.875227421522140336e-02
5.859328375197946775e-02
5.859385224059224240e-02
5.716143116975824084e-02
5.872842551209032230e-02
5.800845230619112308e-02
5.923903934036692243e-02
6.591299400043984513e-02
6.816361962507168359e-02
5.699989572167396545e-02
5.666294233252604923e-02
6.255034112992385875e-02
9.378342244774102998e-02
6.074386688880622359e-02
7.532156091338644555e-02
6.139296093955635969e-02
6.896673671590784760e-02
7.167308195804555915e-02
7.268327727292975271e-02
6.824784711624184985e-02
5.747003746529420060e-02
6.541566573704282739e-02
6.232627050951123487e-02
6.169829628740747945e-02
5.914643613000710592e-02
6.921519231982528608e-02
6.383074544991056143e-02
6.290325366581479838e-02
6.478328824353714321e-02
5.889601781964302202e-02
5.850115447926024920e-02
5.809732504809896059e-02
7.513968728482722792e-02
7.039946091050902632e-02
6.180648221634328643e-02
5.909423358738422061e-02
6.312123709047834375e-02
6.308590481989086174e-02
6.094389701262116488e-02
5.921893952414393480e-02
5.853779687235752954e-02
5.762417270181079826e-02
6.206054190173745239e-02
6.311428438251216744e-02
6.109155719478925189e-02
6.719680930177371336e-02
5.562963589715461121e-02
5.955479154984156392e-02
5.990733126799265701e-02
6.102321297551194929e-02
6.964533569291234127e-02
5.905127379422386164e-02
5.809037316590547756e-02
5.835407807181278855e-02
6.009065048769116069e-02
6.555948706964652428e-02
6.145244942357142720e-02
6.516813703812658620e-02
6.417367871540288760e-02
5.835239115481575395e-02
6.214839522416393258e-02
6.315609546999136070e-02
5.916925517842173271e-02
5.943689101686080306e-02
5.798274673521518902e-02
5.845723992834488819e-02
5.747733706608414844e-02
5.798927388774852143e-02
6.381580273931225511e-02
6.556886878485480852e-02
5.990282251499592925e-02
5.825303781777620149e-02
5.705480182232956082e-02
5.639717875669399832e-02
5.735575741777817343e-02
5.635589200071990795e-02
5.787135645747185086e-02
6.379290262858072769e-02
6.182478795448938941e-02
6.041416137789686752e-02
5.954780567126969487e-02
6.507575181312859336e-02
5.561070579414566228e-02
5.989088254670302258e-02
5.970455603674054007e-02
6.957778518088161834e-02
5.751797842482726103e-02
5.831556526323159600e-02
5.773556770756840817e-02
5.798031834264596313e-02
5.955447141701976366e-02
5.463917697158952869e-02
5.970801646510760091e-02
6.193893591252466052e-02
6.495735867569843447e-02
5.696994971483945736e-02
5.978361569965879446e-02
6.908902484302718860e-02
6.838024396759768975e-02
5.783533226388196113e-02
5.635580156619349884e-02
6.159351194898287502e-02
6.922110009007155507e-02
6.416717424367865408e-02
5.512954839194814105e-02
5.798010786374410003e-02
6.226979725683728928e-02
