1.330930668711662213e+00
1.221370759904384595e+00
1.187114111781120362e+00
1.158226491659879676e+00
1.143443453460931680e+00
1.124448017030954317e+00
1.110038735419511813e+00
1.098251395076513370e+00
1.091776155680417970e+00
1.080239891707897248e+00
1.069219574332237244e+00
1.065366990864276886e+00
1.058499541282653889e+00
1.049284847676754007e+00
1.044411262720823297e+00
1.035238031744956988e+00
1.032827474027872006e+00
1.029156524986028609e+00
1.023345592916011793e+00
1.017754793316125950e+00
1.015715471655130431e+00
1.007630739212036053e+00
1.006415697336196846e+00
1.000574539452791178e+00
9.944353233277797299e-01
9.899026846885681241e-01
9.853156897425651151e-01
9.836764430999755948e-01
9.808417566120624098e-01
9.769272418320178453e-01
9.753679478168487682e-01
9.671302860975266036e-01
9.666434529423714173e-01
9.628670978546142178e-01
9.632525511085987535e-01
9.577144300937652233e-01
9.536109538376331685e-01
9.500178322196006775e-01
9.487207357585429879e-01
9.495113259553908946e-01
9.435007570683956457e-01
9.440438047051429304e-01
9.360146643221378682e-01
9.388770565390587297e-01
9.317625142633915170e-01
9.264761857688427193e-01
9.315296891331672491e-01
9.297097277641296342e-01
9.284145449101924852e-01
9.239429877698421834e-01
9.214037433266639709e-01
9.195140999555587724e-01
9.177947606146336090e-01
9.130899877846241353e-01
9.171232214570045338e-01
9.140715751051903259e-01
9.129831928014755515e-01
9.122728656232357292e-01
9.067609792947769476e-01
9.063288670778274492e-01
9.025507797300815760e-01
9.030297116935253054e-01
9.059134355187415943e-01
9.001735360920428697e-01
9.005590704083442644e-01
8.960004097223281949e-01
8.980376079678535906e-01
8.975751933455466958e-01
8.945227049291133437e-01
8.932074511051177890e-01
8.906399402022361356e-01
8.918394945561886056e-01
8.897737105190753892e-01
8.907842174172401206e-01
8.889636422693729667e-01
8.831194804608821780e-01
8.882003742456435758e-01
8.831784981489181341e-01
8.817385773360729706e-01
8.835884135961532548e-01
8.797467496991157043e-01
8.773069888353347556e-01
8.787477387487888647e-01
8.801037496328354415e-01
8.765177959203720448e-01
8.734894111752510293e-01
8.727633698284625874e-01
8.756273619830607924e-01
8.767089724540710893e-01
8.713651704788207830e-01
