1.345122911930084264e+00
1.248684710413217491e+00
1.203960028588771713e+00
1.167128711044788325e+00
1.156921286731958487e+00
1.144604122489690790e+00
1.124139161854982305e+00
1.107945970445871398e+00
1.089656237959861773e+00
1.097594802528619740e+00
1.083587428033351951e+00
1.068655850291252207e+00
1.063787821382284227e+00
1.067232053428888383e+00
1.053064192682504618e+00
1.043494851589202854e+00
1.042168816030025535e+00
1.043174355775117856e+00
1.032115256935357994e+00
1.022527679949998936e+00
1.021509689390659226e+00
1.018501507639884895e+00
1.013386855423450417e+00
1.011030477583408249e+00
1.010029951035976481e+00
9.994555373489856231e-01
1.000298491567373382e+00
9.896279715001583543e-01
9.876802299916743744e-01
9.860482533276081485e-01
9.852875933051109536e-01
9.946340693533420874e-01
9.789196375012397811e-01
9.790265887975693193e-01
9.732121673226356018e-01
9.617261247336864605e-01
9.598289875686168982e-01
9.626032638549805176e-01
9.573317754268646507e-01
9.623146544396877777e-01
9.510038571059703516e-01
9.534780023992062148e-01
9.515425622463226096e-01
9.545502287149428833e-01
9.436915664374828649e-01
9.371090114116669145e-01
9.432813921570777360e-01
9.377032954990863756e-01
9.325421579182148202e-01
9.331681941449642137e-01
9.357620474696158874e-01
9.320622304081916942e-01
9.306805403530598042e-01
9.287248167395592002e-01
9.237510435283183829e-01
9.187721484899520341e-01
9.217378428578376637e-01
9.213592775166035143e-01
9.146926331520081055e-01
9.158643366396427288e-01
9.197812892496586290e-01
9.112574811279773312e-01
9.140862882137298362e-01
9.138840948045253709e-01
9.095435458421706754e-01
9.106625293195247384e-01
9.059208092093468112e-01
9.071439923346042988e-01
9.040786941349506778e-01
9.044732289016246263e-01
9.066645684838294805e-01
8.984899710118771088e-01
9.015013407170772153e-01
9.034826552867889493e-01
8.976524271070956962e-01
9.040606527775526535e-01
8.948940753936767134e-01
8.913481590896844553e-01
8.945403465628624096e-01
8.922544935345649852e-01
8.899445456266402710e-01
8.925015176832675756e-01
8.908924780786037223e-01
8.919447842240333379e-01
8.864047604054212659e-01
8.909284733235836029e-01
8.872025312483310389e-01
8.853467504680156974e-01
8.797137913852930424e-01
8.868370866775512340e-01
