1.050825291778892251e-01
6.617283953353762793e-02
6.398825726937502900e-02
6.169890415389090582e-02
6.092834368348121893e-02
5.856068826746195499e-02
5.909520748537033796e-02
5.816286589484662151e-02
5.838101055007428181e-02
5.743535654153674591e-02
5.634276925120502988e-02
5.735687827225774416e-02
5.668048601131886466e-02
5.617490978445857652e-02
5.598999791312962715e-02
5.602649249136448101e-02
5.501974426209926827e-02
5.525680906139314452e-02
5.483454362954944677e-02
5.438836974091827703e-02
5.462235039100050982e-02
5.490450473036617013e-02
5.439189831260591440e-02
5.387759842444211217e-02
5.420747256837785133e-02
5.434462300036102533e-02
5.355119918473064816e-02
5.415633675176650258e-02
5.283613361418246918e-02
5.373246612027287455e-02
5.264394288416952145e-02
5.296936444938182831e-02
5.156971597578376837e-02
5.255050214007497139e-02
5.334069344680756469e-02
5.061060067266225787e-02
5.152275389991700649e-02
5.182876579463482208e-02
5.223847263026982352e-02
5.141252783127128745e-02
5.210150280501693598e-02
5.209627084899693533e-02
5.122082340996712141e-02
5.209948102012276760e-02
5.165287649724632779e-02
5.112425136379897261e-02
5.219276390969753571e-02
4.823299112729727972e-02
5.210129381157457829e-02
5.108107107225805243e-02
5.056552622932940916e-02
5.120739828795194820e-02
5.091159657109528558e-02
5.062986812554300109e-02
5.131544439122080747e-02
5.074985744431614876e-02
5.100316989701240977e-02
4.967969817575067226e-02
5.096399935893714678e-02
5.028182789217680582e-02
5.079913509078323730e-02
5.040861665736883629e-02
5.082301482558250483e-02
5.089490931481122776e-02
5.032160031143576018e-02
5.084757343400269497e-02
5.030739917885512086e-02
5.038948505651205667e-02
4.970562318805605423e-02
4.984860257245600501e-02
5.018343188799917476e-02
5.005386756733060105e-02
4.947877028957009538e-02
5.041918121743946962e-02
4.997212707996368658e-02
4.990346456412225740e-02
4.968403300270438083e-02
5.037845709361135627e-02
5.006983679719269331e-02
4.920978785958141088e-02
5.003336795140057858e-02
4.877781331073492710e-02
4.916210988536477006e-02
4.940225504338741080e-02
4.968899071216583557e-02
4.927175512071699237e-02
4.952743631321936818e-02
4.828711675945669690e-02
4.933291445020586419e-02
4.917152886278927659e-02
5.007564526051282855e-02
4.930840079206973148e-02
4.997327685356139915e-02
4.973889707121997850e-02
4.903365423902869558e-02
4.961372640915215348e-02
4.955842581577599160e-02
4.927449621725827483e-02
4.941180570051074278e-02
4.949886014685035002e-02
