4.677580548971891350e-01
1.047653626147657668e-01
8.697907995432614670e-02
7.827323465235531963e-02
7.165458200313150339e-02
7.057676976174116767e-02
7.083331680856645718e-02
7.158736086823046241e-02
7.693904613889754329e-02
7.428025283291936343e-02
7.507156407088041994e-02
7.097349550388754036e-02
6.655744556151330094e-02
7.089056841842830692e-02
6.773320060782134222e-02
6.622387948539107394e-02
6.760971067287027680e-02
6.797765623219310938e-02
6.853002959117293624e-02
7.214876111783087576e-02
7.229230665788054233e-02
6.416024712473153424e-02
6.727921979874372516e-02
7.332849782705307129e-02
7.306020726636051899e-02
6.643015294894576150e-02
6.748523172922432645e-02
6.506337563693523340e-02
6.882926373369992190e-02
6.669392808433621811e-02
6.438492136448621672e-02
6.534750884026288564e-02
7.046548073180020078e-02
6.502680964022874988e-02
6.329047177731990381e-02
7.343249376025050290e-02
6.544884535949677118e-02
6.463790168799460334e-02
6.908558068517595130e-02
6.591016365028917745e-02
6.494105879776179702e-02
6.247532814461737721e-02
6.530409629084170386e-02
6.487252956815063587e-02
6.328247496858238619e-02
6.191482704319059560e-02
7.006263205781579351e-02
6.627712371759116039e-02
6.125267116352915708e-02
6.121159378066658857e-02
6.221032432094216608e-02
6.188767586834728607e-02
6.223505217581987159e-02
6.161356762796640213e-02
6.084016944840550667e-02
6.584654826112092130e-02
6.581084582954645212e-02
6.231148042529821574e-02
6.185218407772481719e-02
6.632344125583768124e-02
6.101764700002968583e-02
6.228813269082456722e-02
6.031487886793911180e-02
6.468933677952735939e-02
6.034033727832138760e-02
6.156512209400534508e-02
6.690404837764798995e-02
6.867336929775774701e-02
6.172023892588913291e-02
6.357512305118143137e-02
6.875080300867557337e-02
5.980841016769409407e-02
6.874558764509856867e-02
6.385606610774993697e-02
6.304035260248928851e-02
6.175892363954335607e-02
6.202140340209007230e-02
6.264814035408199089e-02
6.140404136665165297e-02
6.280296546127647761e-02
6.159026377554983195e-02
6.774547572433949061e-02
6.184753063321113409e-02
6.131127199158072777e-02
6.025858285650610713e-02
6.974732695892453538e-02
6.040540910512209177e-02
6.308791488874704312e-02
5.931730070710182490e-02
6.769071822986007236e-02
6.105608392134308920e-02
6.042923168838024162e-02
5.959916746243834607e-02
5.951961963251233001e-02
6.189514341112226092e-02
5.967575835436582377e-02
6.055692752636969434e-02
6.130820571631193094e-02
6.211584107019007400e-02
5.955285457335412341e-02
