1.565625839948654230e+00
4.151428564906120222e+00
2.804203718960285308e+00
1.213325213521718959e+00
6.351289000809192675e-01
2.785754925981164254e-01
2.454353062175214373e-01
1.905962119996547632e-01
1.354617864415049444e-01
1.170754133556038135e-01
1.630219170115888017e-01
1.258126782029867219e-01
1.055618385951966054e-01
9.045807047933339395e-02
8.938870244473219595e-02
7.882465714402496493e-02
8.674975659139454176e-02
8.362444136478007495e-02
8.546695940196513686e-02
8.150822072476147928e-02
7.489677539654075733e-02
7.368059024028479620e-02
7.845106900483370116e-02
7.240841159783303893e-02
7.439273740351200204e-02
8.003464963100850871e-02
7.531495068781077218e-02
7.682665167190134980e-02
8.030531376972795121e-02
7.479849015921354038e-02
6.990437873080372622e-02
7.234779534488916530e-02
7.238217901811003219e-02
7.339393917843699267e-02
7.181791964359580949e-02
6.887407822161913107e-02
6.873673795349896642e-02
6.958540518209338499e-02
6.830282600224017731e-02
6.982785317674279624e-02
6.824535249732434361e-02
6.857332351058721687e-02
7.051663201674819581e-02
7.587193454150110983e-02
6.766215837374330022e-02
6.893765086121857177e-02
7.177774325758218277e-02
7.043502785637974217e-02
7.023177223652601886e-02
7.098819100670517024e-02
7.009597667120397169e-02
6.996068484336137594e-02
7.162318492680788684e-02
7.119234813004732265e-02
7.099505699053407226e-02
6.831962081044912205e-02
6.832459157705307595e-02
6.980380790494382370e-02
6.801487357169390402e-02
7.075092417187989202e-02
6.994777190126479083e-02
7.453843887057155781e-02
7.634050640556960809e-02
6.966779874451457799e-02
7.012970496900379491e-02
6.720254767872392565e-02
7.392321806028485931e-02
6.700642913952470359e-02
6.791778204776346972e-02
6.894269489869475631e-02
6.741755162924528699e-02
6.869774388521909803e-02
7.063797979801893223e-02
7.614833559654653194e-02
7.772822439298034125e-02
7.241388770099729810e-02
6.694267748668790430e-02
7.232555565424263200e-02
6.924836879037320203e-02
7.037789244763553720e-02
6.624384682998060714e-02
6.828968827147036125e-02
6.961392550077288854e-02
6.857331709936261011e-02
6.933217736892402505e-02
6.705354182235896687e-02
6.818219135701655831e-02
7.011925343982874925e-02
6.669536212831735089e-02
6.852335900068283470e-02
7.353364611789584004e-02
7.258089936524629582e-02
6.601663834787904750e-02
6.560095856711269102e-02
7.455583588592708255e-02
6.824946436285972418e-02
7.341480437293648742e-02
6.884740373305976713e-02
6.642749346233904617e-02
6.483835678361356269e-02
