3.586033426970243188e-01
1.070413372665643681e-01
8.660632569342852083e-02
7.873836833983659245e-02
7.427947644144296258e-02
7.362276226282120362e-02
6.907843340188264680e-02
7.189198538661002724e-02
6.751896683126687448e-02
6.421928178519011043e-02
6.924573700875043258e-02
6.301041228696703522e-02
6.656691916286945621e-02
6.437819035723806038e-02
6.629329793155193384e-02
6.380423713475465164e-02
6.445600522682071176e-02
6.216922426596283718e-02
6.446382120251654968e-02
6.079528981819749128e-02
6.453496312722563355e-02
6.424566701054573725e-02
5.851346541196107698e-02
6.208607081323862242e-02
6.018084771931171695e-02
5.964711640030145867e-02
5.972234783694148341e-02
5.915548486635088810e-02
6.023917566984891836e-02
6.292259771376848554e-02
6.110058944672346060e-02
6.139914285391569193e-02
6.157462857663631439e-02
6.028335731476545251e-02
6.258030733093619680e-02
6.110463935881853270e-02
6.177142990753054647e-02
5.972296750172972901e-02
6.149988004937768232e-02
6.150863964110613036e-02
6.252661393955349922e-02
6.255141900852322079e-02
6.029941450804471997e-02
5.921920582652091813e-02
6.259305102750659100e-02
6.072620270773768092e-02
6.049589812755584717e-02
6.007262095808982988e-02
6.173238594084978076e-02
6.114461282268166681e-02
5.994933711364865137e-02
5.988391688093543108e-02
6.030188972130418046e-02
5.963651120662689237e-02
5.936681019142270310e-02
5.870634898543358043e-02
6.090242836624384232e-02
5.969656242057681111e-02
6.034588521346449796e-02
5.990656005218625291e-02
5.843037394806742391e-02
5.243240382522344756e-02
6.123852698132395411e-02
6.130904572084545923e-02
5.999441646039485598e-02
6.032931603491306638e-02
5.960117975249886596e-02
6.054592553526163407e-02
5.870248394086956950e-02
5.789172111079096683e-02
5.927597317844629510e-02
5.717251528054476117e-02
5.632052460685372380e-02
5.646291041746735739e-02
5.414247570559382189e-02
5.405122788622975655e-02
6.152318967506289343e-02
5.392632694914936686e-02
6.059673812240361918e-02
5.801991619169712122e-02
5.861895278096199147e-02
5.839231872931122808e-02
5.548659851774573326e-02
5.868708429858088271e-02
5.918058615177870102e-02
5.921087730675935606e-02
5.876090886071324432e-02
5.432261649519205121e-02
5.863120602443814416e-02
5.733879547566175794e-02
5.403124110773206007e-02
5.341533554717898397e-02
5.868572182953357697e-02
5.759876791387796152e-02
5.364115385338664305e-02
5.951338708400726041e-02
5.652933262288570293e-02
5.411721117794513619e-02
5.972039397805928990e-02
5.849108258262276927e-02
