1.930475386619567857e+01
3.544638015031814415e+00
1.666675919204950285e+00
6.960539640337228828e-01
8.577395840287208584e-01
6.676157683655619124e-01
4.333988532200455657e-01
1.958689527548849452e-01
2.139255747124552687e-01
2.997374961636960489e-01
1.554673047978430978e-01
1.680915639288723396e-01
1.627139481119811437e-01
1.594502030722796948e-01
2.302237976267933750e-01
1.446633134000003262e-01
1.451284322105348135e-01
2.168378087282180899e-01
1.321505309399217398e-01
1.733549612350761826e-01
1.420947019979357795e-01
1.235547425970435209e-01
1.230145852249115712e-01
1.106490398403257164e-01
1.689345390703529126e-01
8.694136434793472978e-02
1.387127771265804776e-01
1.578465776592493097e-01
9.258240182697773102e-02
1.416367821693420292e-01
1.866636455245316017e-01
1.433375044297426903e-01
9.509756519831716326e-02
1.181898415554314824e-01
1.480067961104214180e-01
2.287301117032766451e-01
1.219395224303007064e-01
8.985144487023354054e-02
8.563778221420943748e-02
9.523933878354727545e-02
1.333876715637743460e-01
1.118729500994086329e-01
1.308755212575197224e-01
1.535342314355075399e-01
8.709850049018859341e-02
8.105996731482446871e-02
9.465687957592308632e-02
1.338939103074371917e-01
8.910191081464290119e-02
8.958295977860689097e-02
1.181355944313108863e-01
9.282046610116959084e-02
8.428173957206308575e-02
9.386642153933644206e-02
1.212034589573740967e-01
1.241453057080507266e-01
1.096713324002921569e-01
7.718173886463046418e-02
8.553428351692855813e-02
9.941345153190195294e-02
7.810059551708400938e-02
7.900753336213528488e-02
8.106255575828254234e-02
8.148461473733187299e-02
1.138764140754938148e-01
8.163936971127987163e-02
8.470312023628502607e-02
8.285880706366151316e-02
8.643091526627540155e-02
9.419434516690670944e-02
7.783593811094760562e-02
7.705967624112963765e-02
8.468673272058367674e-02
8.862456804513930975e-02
9.589534973353147640e-02
7.734557006880640739e-02
8.098213367164135146e-02
9.935276916436851236e-02
7.256077624484896793e-02
7.420547890290618565e-02
8.022822312358766916e-02
8.001515608467162088e-02
8.503657316043973513e-02
7.271532497182488231e-02
8.093287787027657332e-02
9.961367158778011710e-02
7.345445516519248652e-02
7.050438610278070284e-02
8.574365908000618208e-02
8.010587165132164456e-02
7.717981853801757219e-02
7.833248598594218237e-02
7.153744299896061531e-02
7.322497867047786380e-02
7.538544400222599307e-02
8.004444737546145827e-02
6.984346507489681832e-02
7.568236335739493559e-02
7.022158898971975205e-02
7.038571206666528746e-02
