2.506176187098026475e-01
1.187731619924306814e-01
9.971547566354274639e-02
8.682086631655692999e-02
7.687589801847934112e-02
8.366728641092777141e-02
8.227240212261677232e-02
7.388740733265876381e-02
6.811936512589454595e-02
7.878465071320533974e-02
7.563260242342949302e-02
7.030541889369487651e-02
7.369231149554252014e-02
6.384084966033697073e-02
7.673263922333717346e-02
7.227305561304092629e-02
6.947643961757421494e-02
7.567851468920708258e-02
7.048234559595584203e-02
6.576689563691616447e-02
6.789931975305080192e-02
6.670514531433582861e-02
6.470226310193538666e-02
6.449493966996669436e-02
6.854484498500823531e-02
6.763404961675405225e-02
6.592174515128135237e-02
7.344302542507648301e-02
6.598492808640003815e-02
6.762731231749058436e-02
5.971325866878032795e-02
6.685829367488622943e-02
7.176387995481491033e-02
6.818797715008258209e-02
6.337531328201294334e-02
6.753605034202336821e-02
6.488855004310607744e-02
6.837716978043317795e-02
7.182279959321022367e-02
6.575964421033858587e-02
6.191685304045677074e-02
6.603283908218145204e-02
5.896445102989673892e-02
5.989095967262983433e-02
6.140972498804330576e-02
6.874303910881281177e-02
6.797454982995987383e-02
6.354877121746539681e-02
6.863561086356639862e-02
5.848486632108688271e-02
5.807556010782718992e-02
6.510775130242109354e-02
6.487134076654911541e-02
6.417799115180969349e-02
6.259301826357840937e-02
6.189793687313795145e-02
6.114460658282041411e-02
6.602345865219831633e-02
6.126998383551836291e-02
6.494899757206440416e-02
7.164126962423324196e-02
6.203020509332418664e-02
5.997427765280008427e-02
6.287454739212990085e-02
6.600993540138005988e-02
6.330555584281682968e-02
5.937194921076297677e-02
6.161852132529020004e-02
6.146629862487316270e-02
6.904347926378250067e-02
6.654932171106338334e-02
6.305213052779436167e-02
5.989910468459129500e-02
6.187741879373789139e-02
5.793598197400569999e-02
6.576363015919924060e-02
5.830763794481754608e-02
5.166671022772788974e-02
7.540222391486167686e-02
6.356471072882413642e-02
5.526666473597287993e-02
6.342572286725044195e-02
5.530175380408763885e-02
6.860615029931067810e-02
5.883152816444635336e-02
5.710456635802984432e-02
6.730824325233697447e-02
6.443603716790675950e-02
5.430868331342935534e-02
7.743620082736014931e-02
6.280433457344770931e-02
6.466407492756844066e-02
6.299939226359128897e-02
6.207552451640367674e-02
5.942426010966300742e-02
6.281198106706142870e-02
6.841938421130180914e-02
5.769346624612808200e-02
6.223254058510065134e-02
5.989552509039640371e-02
