6.825006205916404944e+00
7.194430473297834805e-01
2.222988603822886877e-01
1.122755846548825487e-01
9.133066409453749479e-02
9.548545050248503918e-02
8.352294017188251207e-02
7.683395510166883546e-02
7.399180816486478074e-02
8.005121424980461697e-02
7.484525220841169169e-02
7.410877969488501027e-02
7.112197154387832343e-02
7.388649230450392014e-02
7.457121305353939245e-02
7.161242424137889695e-02
7.036908380128442664e-02
6.824091446399688232e-02
6.914640507847071016e-02
6.879909819923341052e-02
6.935044054873287789e-02
6.761589951068162907e-02
6.653165228851139201e-02
7.610815039370208424e-02
7.169005616754293986e-02
6.991617915406822537e-02
6.926748672686516839e-02
6.797283998131752047e-02
6.823627348057925701e-02
6.965807990357279766e-02
6.674695320986211156e-02
6.863460019975900495e-02
7.088420396484435004e-02
6.534978177770972563e-02
6.615360171720385818e-02
6.656859633326529802e-02
6.571242962032557144e-02
6.654759223945438951e-02
6.530565346404909599e-02
7.021964301168918954e-02
7.151733345352112581e-02
6.445385962352156994e-02
6.605910149961710665e-02
6.705116438865661721e-02
6.471723059751093021e-02
6.491510571911930649e-02
6.454196875356137120e-02
6.497942039743065390e-02
6.394028163515030894e-02
6.987322348449379050e-02
6.820727999694645161e-02
6.591578281112014936e-02
6.369761632569134746e-02
6.958349903114140200e-02
6.342828403972089468e-02
6.388210425153374727e-02
6.868823883403092634e-02
6.877988624759018288e-02
6.382826949656009163e-02
6.731567133404314784e-02
6.338789849914609753e-02
6.418106113746761821e-02
6.636386934667826143e-02
6.667248790338635434e-02
6.300916185230016897e-02
6.633900280110538450e-02
6.582654493488371283e-02
6.400471999868750927e-02
6.340425751172006075e-02
6.363924296386540280e-02
6.282638645730913296e-02
6.831975863501429935e-02
6.492083615344017289e-02
6.257509055919945051e-02
6.709662401024252265e-02
6.425137834809720172e-02
6.310618563927709868e-02
6.665585755370556642e-02
6.884432698599994571e-02
6.184465399198234292e-02
6.278104004170745323e-02
6.391934604384004459e-02
6.908216951042413234e-02
6.116463361494243328e-02
6.282174062822014349e-02
6.364120721444486983e-02
6.313633843138813373e-02
6.542228661663830602e-02
6.289642422366886754e-02
6.555949989426880509e-02
6.287556670978665385e-02
6.237182850018143515e-02
6.277592520229519080e-02
6.702061277814209961e-02
6.210399087704718268e-02
6.138106972072273487e-02
6.355168194882571120e-02
6.360717616602779012e-02
6.260607412084936985e-02
6.190601979102939439e-02
