1.748993201926350716e-01
8.609466454014182146e-02
7.924099357798695953e-02
7.513471363112329826e-02
7.538459833711386171e-02
7.002857433632016237e-02
7.294836711138487362e-02
6.859841157682239343e-02
6.904257955029606542e-02
7.049245668575167267e-02
7.046881319954990952e-02
6.974819591268896501e-02
6.927009452134370859e-02
6.950576849281787928e-02
6.623496741056442150e-02
6.956046231091023158e-02
6.866154776886106148e-02
6.761185129173100106e-02
6.715422831475734156e-02
6.764747579582035264e-02
6.543569085188209733e-02
6.848461473360657747e-02
6.603374060243367982e-02
6.407303350046276991e-02
6.632384864613413700e-02
6.485294211655855123e-02
6.380140317603945344e-02
6.679589601233601459e-02
6.641621029935777798e-02
6.281341507099569288e-02
6.413155964575707746e-02
6.472068852744997103e-02
6.412500193342567101e-02
6.675936304032802082e-02
6.403594610281287958e-02
6.535401795990765372e-02
6.533010398969053834e-02
6.521590293385087778e-02
6.574183577671646739e-02
6.333252873271703887e-02
6.070980075746774951e-02
6.571445640176534764e-02
6.363876993767916823e-02
6.349002260714770030e-02
6.522416440770030521e-02
6.417125070467591397e-02
6.458841668441892003e-02
6.033831896260380412e-02
6.390618819743394685e-02
6.359431022778153086e-02
6.220193179324269572e-02
6.271914193406701032e-02
6.289272316731513157e-02
5.904307430610060414e-02
6.339948138222098462e-02
6.309301663190126919e-02
6.126503069885075314e-02
6.189501519314944550e-02
6.327245213091373111e-02
6.079991237260401471e-02
6.338692381046712176e-02
6.319444902241229400e-02
6.032823600806296038e-02
5.990103512071073139e-02
6.362139495089649821e-02
6.223150092177093251e-02
6.264987790957093905e-02
6.213989604264497785e-02
6.181298767216503870e-02
6.257807119749486668e-02
6.186929611489176695e-02
5.995063615962863135e-02
6.240838480181992026e-02
6.236717370338738103e-02
5.825680472888052769e-02
6.182833069004118470e-02
6.170151825994252964e-02
6.079078568145632883e-02
5.937885454855859613e-02
6.065647472627461179e-02
6.056623610667884183e-02
6.029237327165901800e-02
5.895116385072469989e-02
6.116606786847114674e-02
6.042371195740997569e-02
6.057258822023868505e-02
6.159953675232827941e-02
5.670801701024174440e-02
5.982696057297289677e-02
5.925058930180966688e-02
6.170007861219346801e-02
6.091192593798041427e-02
6.007093371823429839e-02
5.671133335679769821e-02
6.120395031757652760e-02
6.020098100416362147e-02
5.964789800345897397e-02
6.048870582133531598e-02
6.067245589569211089e-02
6.026222630403935826e-02
