1.703607110040528394e-01
1.611299717000552467e-01
1.739505965794835851e-01
1.637134812772274017e-01
1.740455824349607661e-01
1.696461130465780065e-01
1.657723991998604485e-01
1.645530818828514763e-01
1.655211448669433594e-01
1.616185951445783808e-01
1.645319738558360390e-01
1.607245121683393285e-01
1.612174580139773272e-01
1.481492753539766505e-01
1.594990928258214757e-01
1.562077823494161799e-01
1.555545718542167000e-01
1.531411058136395165e-01
1.610550295029367640e-01
1.536042461437838458e-01
1.648259929248264977e-01
1.600095081542219355e-01
1.582867849086012080e-01
1.498149894177913666e-01
1.504441105893679909e-01
1.630387322178908638e-01
1.567654002990041540e-01
1.547725860561643407e-01
1.576044463685580543e-01
1.562912794096129321e-01
1.574241338031632520e-01
1.509477560009275243e-01
1.449777334928512573e-01
1.613262295722961426e-01
1.536721124180725762e-01
1.543533578515052795e-01
1.589090877345629982e-01
1.513412365955965899e-01
1.472335175744124702e-01
1.563614037420068548e-01
1.628551264958722211e-01
1.571881020707743548e-01
1.637344174087047577e-01
1.470898602690015600e-01
1.594308971294335076e-01
1.608989472900118067e-01
1.476832330226898193e-01
1.543896762388093091e-01
1.545269739414964483e-01
1.534934182252202794e-01
1.526610074298722364e-01
1.559559686907700249e-01
1.491423350359712408e-01
1.597101502120494843e-01
1.506186854094266891e-01
1.502608050193105504e-01
1.586563294487340070e-01
1.505462303757667542e-01
1.497799477406910607e-01
1.501835478203637220e-01
1.553357765078544617e-01
1.490435185176985644e-01
1.471959538757801056e-01
1.524237277252333544e-01
1.544335250343595312e-01
1.600220772836889460e-01
1.582124281142439082e-01
1.518293842673301697e-01
1.508371819342885778e-01
1.578636946422713183e-01
1.572144510490553759e-01
1.461435002940041639e-01
1.548080832830497078e-01
1.488773679094655134e-01
1.595954533134187892e-01
1.600038563566548444e-01
1.505480962140219592e-01
1.444571151265076348e-01
1.535814915384565160e-01
1.491695967103753850e-01
1.554910460753100299e-01
1.592094185096877001e-01
1.480235505316938593e-01
1.623513805014746569e-01
1.513600109943321892e-01
1.434104926884174347e-01
1.491865377340997889e-01
1.548717639275959679e-01
1.500370433287961103e-01
1.422978197889668561e-01
1.465086740042482183e-01
1.407767201640776344e-01
1.520285483981881902e-01
1.436567857329334452e-01
1.426308037979262255e-01
1.402538743402276800e-01
1.547260066228253461e-01
1.522805525788239189e-01
1.443713131759847834e-01
1.397563213748591326e-01
1.511567101946898750e-01
1.505550848586218737e-01
1.429219586508614637e-01
1.491853552205222033e-01
1.418946044785635852e-01
1.538467157099928095e-01
1.413886767945119194e-01
1.540533288248947807e-01
1.503600989069257543e-01
1.524028799363545128e-01
1.472336809550012782e-01
1.513202360698155113e-01
1.450718460338456250e-01
1.498917751014232635e-01
1.513328201004437157e-01
1.560236944683960625e-01
1.460633198065417193e-01
1.507326939276286415e-01
1.508902763681752301e-01
1.563894248434475609e-01
1.500189171305724434e-01
1.423603232417787745e-01
1.474530249834060669e-01
1.581628072474683955e-01
1.482013328266995333e-01
1.554055437445640564e-01
1.474446994917733289e-01
1.412290536931582741e-01
1.421680333358900927e-01
1.555368165884699061e-01
1.390271069748061084e-01
1.477580086461135200e-01
1.419847942888736725e-01
1.350358064685548976e-01
1.456334569624491981e-01
1.459902099200657555e-01
1.487796322575637153e-01
1.487462914415768334e-01
1.460724579436438464e-01
1.474816274962254814e-01
1.379925959876605324e-01
1.429129248218876935e-01
1.447300724685192108e-01
1.474323474935122780e-01
1.467757783830165863e-01
1.561741552182606407e-01
1.489467405314956472e-01
1.561567613056727699e-01
1.454149191933018781e-01
1.552471507872854040e-01
1.485408150724002174e-01
1.460435342575822637e-01
1.361834774059908770e-01
1.484104182038988307e-01
1.526166067591735176e-01
1.485242902168205925e-01
1.459199261984654716e-01
1.454672749553407862e-01
1.496039841856275365e-01
1.390673007283891871e-01
1.457131654024124146e-01
1.484815350600651451e-01
1.434835951243128016e-01
1.519915807460035517e-01
1.508351069475923345e-01
1.500019388539450549e-01
1.393150671252182671e-01
1.416580905871731855e-01
1.472768874040671638e-01
1.430430002510547638e-01
1.464592798479965874e-01
1.476860158145427704e-01
1.354598360402243518e-01
1.456942127219268135e-01
1.512011805815356158e-01
1.575028954872063347e-01
1.475785651377269081e-01
1.537888443895748802e-01
1.518938552056040003e-01
1.466494500637054443e-01
1.440303799297128484e-01
1.465235453631196783e-01
1.450525580772331902e-01
1.444554940930434517e-01
1.521746867469378761e-01
1.465375354247433759e-01
1.468854589121682264e-01
1.440326528889792346e-01
1.453116019921643354e-01
1.487688118857996844e-01
1.558622872190816022e-01
1.405486315488815308e-01
1.402560544333287529e-01
1.442628598638943382e-01
1.434324926563671776e-01
1.473622173070907593e-01
1.420360707810946754e-01
1.423018446990421959e-01
1.454074702092579552e-01
1.528270760817187213e-01
1.471935244543211840e-01
1.475300485534327410e-01
1.506807591233934596e-01
1.460011787712574005e-01
1.502064695315701581e-01
1.458783053926059059e-01
1.494409117315496638e-01
1.401934096855776690e-01
1.366100816854408928e-01
1.467297364558492467e-01
1.400184692548853971e-01
1.504028317119394109e-01
1.498642329658780858e-01
1.493755115994385430e-01
1.452775475169931219e-01
1.331725910838161275e-01
1.451359894126653671e-01
1.420453448912926964e-01
1.476142731096063421e-01
1.392135236944471166e-01
1.415495875158480354e-01
1.425305658153125099e-01
1.463576619114194677e-01
1.409498139151505181e-01
1.388373909784214877e-01
1.383479748453412816e-01
1.413968051118510150e-01
1.400480483259473607e-01
1.398849918373993584e-01
1.454656837241990186e-01
1.442985476127692512e-01
1.415127659482615374e-01
1.503046623298100182e-01
1.462820017976420306e-01
1.458349116146564484e-01
1.486841461488178917e-01
1.476235006536756322e-01
1.521018493388380244e-01
1.416542764220918849e-01
1.441629196384123512e-01
1.507575315024171636e-01
1.441971819315637782e-01
1.412154680916241356e-01
1.433190338845763967e-01
1.415216324052640251e-01
1.408562857125486567e-01
1.400673735354627802e-01
1.484639229519026660e-01
1.315343356026070498e-01
1.437469630369118401e-01
1.405230292252131752e-01
1.361445718045745656e-01
1.469840135957513616e-01
1.492284001516444303e-01
1.310671748859541796e-01
1.385753910456384852e-01
1.461617345256464862e-01
1.428048882101263239e-01
1.421953610011509606e-01
1.410274766385555267e-01
1.388534307479858398e-01
1.505986617079802803e-01
1.458992401936224648e-01
1.450839870210204885e-01
1.385413791452135279e-01
1.439527959695884041e-01
1.464057713747024536e-01
1.423362615917410090e-01
1.493939427392823316e-01
1.505374887159892372e-01
1.547447639916624262e-01
1.376146296305315875e-01
1.485287642904690453e-01
1.446814127266407013e-01
1.447315146880490400e-01
1.427163638706718252e-01
1.371683712516512110e-01
1.374355357672487066e-01
1.430972628295421600e-01
1.518210864492825218e-01
1.447327477591378309e-01
1.457374276859419726e-01
1.414792990045888044e-01
1.441763543656894020e-01
1.417823553617511556e-01
1.415291146508284859e-01
1.427878644317388535e-01
1.448935855712209508e-01
1.409302289996828272e-01
1.414586209825106911e-01
1.445844466132777117e-01
1.361619686441762067e-01
1.454979936991419032e-01
1.319158359297684380e-01
1.418208070099353790e-01
1.405099087527819923e-01
1.517160497605800629e-01
1.534206643700599670e-01
1.378786963011537359e-01
1.395378038287162781e-01
1.387245338410139084e-01
1.373228345598493383e-01
1.375005995588643171e-01
1.481785870024136254e-01
1.478828511067799278e-01
1.375034603157213875e-01
1.345238384923764519e-01
1.415480492370469190e-01
1.389003050114427373e-01
1.458112091890403084e-01
1.448713163180010699e-01
1.462063677608966827e-01
1.412761466843741320e-01
1.365069715040070630e-01
1.522468621177332782e-01
1.385162012385470487e-01
1.438932791352272034e-01
1.412556352359908007e-01
1.467976745750222967e-01
1.403158911104713247e-01
1.416171403335673429e-01
1.375127471983432770e-01
1.471623943320342354e-01
1.434202524168150805e-01
1.477707028388977051e-01
1.333601144807679273e-01
1.359563640185764977e-01
1.394465368773256109e-01
1.387516433107001401e-01
1.460231893828936867e-01
1.462895194334643267e-01
1.423362315233264730e-01
1.485603137740067192e-01
1.341952069529465386e-01
1.381969928209270670e-01
1.358303459627287768e-01
1.438734558011804388e-01
1.390876360237598419e-01
1.489149034023284912e-01
1.413245525743280218e-01
1.380529289266892723e-01
1.372412709253174878e-01
1.442775215421404078e-01
1.446130712117467687e-01
1.411698918257440760e-01
1.408135513109820269e-01
1.432861228074346349e-01
1.380193579409803584e-01
1.431522954787526891e-01
1.403573253857237912e-01
1.395188160240650177e-01
1.348391295011554525e-01
1.448859455330031298e-01
1.374267243913241676e-01
1.407152648483003810e-01
1.430559328624180504e-01
1.403070033660956673e-01
1.436891135360513494e-01
1.494065360831362821e-01
1.435597690620592781e-01
1.424599066376686096e-01
1.380548716655799202e-01
1.460200851517064191e-01
1.403822055352585696e-01
1.381004473992756554e-01
1.453735546341964058e-01
1.429621220699378303e-01
1.430385368210928820e-01
1.363410337695053764e-01
1.421175114810466766e-01
1.407686924295765973e-01
1.405744265232767298e-01
1.373582886798041247e-01
1.410574662898267939e-01
1.398923189512320808e-01
1.370677684566804222e-01
1.395230495503970436e-01
1.416791124003274061e-01
1.357151174119540504e-01
1.387125977448054603e-01
1.406546772590705208e-01
1.410284223301070117e-01
1.387294610696179487e-01
1.422307121434382149e-01
1.444601576243128016e-01
1.423344468431813337e-01
1.388810021536690809e-01
1.328826480145965383e-01
1.415878547621624850e-01
1.391508651099034599e-01
1.449081929666655444e-01
1.287197396159172058e-01
1.340513261301176928e-01
1.350945569574832916e-01
1.331217379442282966e-01
1.439586026327950574e-01
1.364164512072290614e-01
1.308684822704110906e-01
1.307701005467346855e-01
1.271900723555258461e-01
1.359095488275800512e-01
1.332137882709503174e-01
1.427246781864336678e-01
1.331421626465661145e-01
1.440475332949842646e-01
1.454409052218709753e-01
1.405756941863468834e-01
1.367197542318276116e-01
1.478673267577375605e-01
1.442081718040364169e-01
1.378154499190194227e-01
1.385256685316562653e-01
1.415626837738922783e-01
1.403923758438655189e-01
1.384444694433893397e-01
1.367993184498378090e-01
1.397290224475520037e-01
1.358226016163825989e-01
1.408647357353142449e-01
1.356482979442392156e-01
1.418844682297536186e-01
1.432019732892513275e-01
1.433392060654503919e-01
1.456366474074976824e-01
1.367679326129811190e-01
1.352466839764799311e-01
1.415580936840602211e-01
1.395865258361612127e-01
1.378115266561508179e-01
1.436606049537658691e-01
1.393231507390737534e-01
1.328832709363528541e-01
1.387549037379877948e-01
1.419094683868544482e-01
1.369710804096289924e-01
1.387322640844753929e-01
1.465909294784069061e-01
1.435856930911540985e-01
1.348116256828819082e-01
1.431586609355040840e-01
1.482525712677410790e-01
1.388556483600820735e-01
1.374612894973584465e-01
1.454102178769452192e-01
1.304335615464619347e-01
1.393665378647191144e-01
1.310927758791617104e-01
1.407275835850409218e-01
1.377727724611759186e-01
1.303146992410932348e-01
1.346041900771004773e-01
1.460035182535648346e-01
1.415456309914588928e-01
1.370686029217072777e-01
1.388797233147280596e-01
1.346024205642087079e-01
1.386730795992272280e-01
1.447591302650315381e-01
1.436690767960888959e-01
1.387129896985632993e-01
1.273443885147571564e-01
1.437631590025765516e-01
1.427956548120294378e-01
1.421242569174085424e-01
1.398754412574427508e-01
1.387099621019192985e-01
1.441135480999946594e-01
1.338255918983902171e-01
1.395778166396277331e-01
1.453907787799835205e-01
1.428824019219194219e-01
1.319380764450345800e-01
1.427568452698843859e-01
1.440422614770276166e-01
1.410953407841069318e-01
1.350029664380209826e-01
1.359881210540022090e-01
1.311687486512320422e-01
1.351548954844474792e-01
1.464896127581596375e-01
1.323595688279186056e-01
1.334175374358892441e-01
1.344574285405022718e-01
1.360995828041008660e-01
1.341901586524077705e-01
1.332890231694494054e-01
1.365707929113081642e-01
1.419859879783221535e-01
1.449602115899324417e-01
1.387247682682105354e-01
1.440120094588824562e-01
1.358953634543078326e-01
1.422161853739193627e-01
1.373628279460328006e-01
1.413867705102477834e-01
1.420008939291749761e-01
1.403315567544528297e-01
1.423132243965353205e-01
1.372292150876351646e-01
1.427391203386443042e-01
1.332994406776768781e-01
1.261518246361187645e-01
1.301898942994219877e-01
1.366941199770995430e-01
1.321825060461248591e-01
1.438865831920078941e-01
1.478325485118797966e-01
1.387883619006191060e-01
1.339959323938403890e-01
1.393678081887108899e-01
1.355164870619773865e-01
1.376733747976166822e-01
1.400314468358244135e-01
1.396961025893688202e-01
1.419955201979194448e-01
1.414906308054924011e-01
1.424160503915377907e-01
1.466267252607005023e-01
1.455972833292824842e-01
1.347891919847045705e-01
1.469312858368669317e-01
1.441785054547446154e-01
1.385649384132453255e-01
1.391635169940335370e-01
1.337769736668893150e-01
1.431898695549794487e-01
1.359635772449629687e-01
1.441934241780213066e-01
1.464414969086647034e-01
1.455437737916197016e-01
1.395654034401689336e-01
1.298191185508455470e-01
1.374499068728514961e-01
1.445486066596848584e-01
1.346932798624038696e-01
1.330067749534334376e-01
1.327272855809756569e-01
1.402796762330191516e-01
1.412619373628071495e-01
1.416327987930604271e-01
1.412835211626120857e-01
1.429310709770236776e-01
1.419376523366996101e-01
1.423417516052722931e-01
1.333061688180480764e-01
1.326718721538782120e-01
1.357724775693246178e-01
1.355988926121166893e-01
1.314469373651913353e-01
1.417902968823909760e-01
1.357910675661904432e-01
1.350254166339124873e-01
1.410369537770748138e-01
1.375055480748414993e-01
1.380569216396127508e-01
1.314038022288254448e-01
1.314814394073826886e-01
1.385800790573869512e-01
1.382997690566948601e-01
1.404479130038193413e-01
1.366722030299050428e-01
1.290447898209095001e-01
1.365137345024517723e-01
1.363764841641698644e-01
1.421935318836144158e-01
1.397726400090115451e-01
1.299856805375644020e-01
1.387633271515369415e-01
1.355107908270188621e-01
1.407281019325767324e-01
1.436304886426244543e-01
1.364705363022429563e-01
1.347181062613214686e-01
1.374371097023998067e-01
1.384885460138320923e-01
1.344537389065538213e-01
1.406078418450696088e-01
1.359034611710480400e-01
1.433044139828000829e-01
1.357362217136791893e-01
1.362287295716149427e-01
1.397186954106603429e-01
1.356629463178770922e-01
1.348655002989939400e-01
1.378172481698649310e-01
1.397589567516531184e-01
1.309001919414315984e-01
1.411290663693632319e-01
1.370329926056521319e-01
1.356629809098584272e-01
1.308946279542786695e-01
1.321770335946764185e-01
1.444850822112389854e-01
1.326469837554863640e-01
1.366079846130950071e-01
1.427662846233163640e-01
1.375742339129958913e-01
1.383709585560219668e-01
1.330998585160289571e-01
1.407997161149978638e-01
1.327318309673241326e-01
1.387032717466354370e-01
1.348139175346919350e-01
1.345013744596924021e-01
1.328764520585536957e-01
1.419167875179222771e-01
1.318238885807139493e-01
1.432572991720267586e-01
1.330708451569080353e-01
1.339949483850172707e-01
1.286336707749537178e-01
1.438420186085360430e-01
1.367737097399575330e-01
1.411269424217087842e-01
1.306972477052892878e-01
1.431171776992934130e-01
1.422251468258244611e-01
1.437005565634795479e-01
1.390722218368734553e-01
1.336298441248280622e-01
1.390178932675293633e-01
1.410947918359722331e-01
1.347028586481298640e-01
1.314894950815609642e-01
1.413756523813520238e-01
1.362121570855379105e-01
1.410667848374162481e-01
1.358024531177111915e-01
1.322038008698395439e-01
1.434555258601903915e-01
1.345197255057948016e-01
1.345147474535874077e-01
1.335812567600182243e-01
1.396411742482866480e-01
1.328878205801759527e-01
1.442783783589090540e-01
1.348805289183344081e-01
1.393167150339909843e-01
1.321046645087855242e-01
1.348002776503562927e-01
1.292149334081581780e-01
1.364379120724541761e-01
1.402555613645485588e-01
1.363169404545000740e-01
1.374279792819704249e-01
1.426721034305436231e-01
1.441621216280119799e-01
1.329143638057368182e-01
1.369874876524720952e-01
1.371657449219907954e-01
1.425719553870814227e-01
1.371121880199228094e-01
1.389906715069498255e-01
1.370025404861995033e-01
1.346308184521538831e-01
1.359287186392716118e-01
1.360633756433214381e-01
1.304925054843936727e-01
1.354098224214144996e-01
1.330047164644513891e-01
1.326077263802289963e-01
1.338926080082143977e-01
1.375250962695905022e-01
1.440663289810930059e-01
1.352751167224986173e-01
1.361614372581243515e-01
1.382411446954522893e-01
1.398510794554437831e-01
1.370785659445183657e-01
1.404336754764829442e-01
1.316509824246168137e-01
1.439630729811532117e-01
1.255272360784666918e-01
1.295366760875497625e-01
1.383042295596429161e-01
1.435110531747341156e-01
1.394194311329296776e-01
1.388447880744934082e-01
1.373537595250776955e-01
1.300244634704930402e-01
1.383897132639373972e-01
1.378493005675928973e-01
1.305726609591926768e-01
1.384759002498217872e-01
1.406062468886375427e-01
1.363565788737365059e-01
1.417706936065639689e-01
1.397044389907802775e-01
1.364626549184322357e-01
1.388360607836927607e-01
1.457188185304403305e-01
1.314060954110962964e-01
1.320389801902430438e-01
1.381516509822436622e-01
1.400918412421430781e-01
1.426338925957679749e-01
1.449035645595618538e-01
1.374629986073289678e-01
1.360122880765370079e-01
1.355232628328459643e-01
1.339358926883765510e-01
1.398455101464475825e-01
1.318660303950309753e-01
1.348788820739303396e-01
1.379974122558321192e-01
1.314147343592984296e-01
1.336348724684544853e-01
1.345837965075458720e-01
1.375348248652049354e-01
1.295941429478781604e-01
1.449070668646267601e-01
1.464246729654925250e-01
1.446963367717606641e-01
1.340192183852195740e-01
1.299934717161314868e-01
1.341028514185122200e-01
1.411091419202940844e-01
1.408673194902283765e-01
1.302014605275222114e-01
1.367415471800736138e-01
1.338917102132524684e-01
1.376510379569871045e-01
1.331775457199130819e-01
1.360410526394844055e-01
1.438084164900439166e-01
1.339295269655329801e-01
1.332867637808833883e-01
1.396358726280076124e-01
1.307453082076140694e-01
1.354062772755111888e-01
1.395033496831144526e-01
1.395539236920220472e-01
1.408734667514051631e-01
1.377902121416159920e-01
1.392220423689910225e-01
1.400641894766262718e-01
1.349173781595059685e-01
1.312608498015574165e-01
1.391654456300394915e-01
1.394152274089200116e-01
1.390219229672636225e-01
1.390797527773039721e-01
1.412391101143189720e-01
1.400833177779401972e-01
1.356488008584295080e-01
1.316812256617205523e-01
1.355619994657380201e-01
1.310567603047405050e-01
1.388214214571884819e-01
1.396385362105710126e-01
1.375928531799997523e-01
1.403205623584134198e-01
1.424848916275160693e-01
1.260903788996594332e-01
1.385138183832168579e-01
1.369636505842208862e-01
1.367330748055662348e-01
1.352156270295381546e-01
1.306054727839572049e-01
1.377320071416241742e-01
1.306566910019942573e-01
1.370523140898772529e-01
1.315922830253839493e-01
1.326781790703535080e-01
1.342174847211156652e-01
1.323081457189151100e-01
1.369970377002443507e-01
1.353899988212755867e-01
1.376218239643744179e-01
1.301165215138878062e-01
1.324350315013102242e-01
1.357927184019769862e-01
1.358200833201408386e-01
1.369949345077787206e-01
1.442520277840750598e-01
1.352847277053765007e-01
1.287287926035267926e-01
1.401018675948892400e-01
1.288577054760285667e-01
1.384208612143993378e-01
1.434644279735428907e-01
1.299201995134353638e-01
1.409489858363355830e-01
1.352615095674991608e-01
1.331803335675171562e-01
1.382540349981614403e-01
1.369887994868414782e-01
1.375703753105231575e-01
1.439854646367686175e-01
1.391049234994820305e-01
1.375719359410660647e-01
1.368258018046617508e-01
1.339772287756204605e-01
1.375480719975062660e-01
1.335311164813382245e-01
1.348970330187252709e-01
1.417415296392781354e-01
1.365488246083259583e-01
1.356162556580134682e-01
1.389927044510841370e-01
1.329244683895792201e-01
1.349658625466483020e-01
1.338023963783468440e-01
1.374294752521174334e-01
1.453570215297596835e-01
1.282878550035612963e-01
1.314987923417772486e-01
1.310005826609475232e-01
1.391601259154932879e-01
1.390574633010796257e-01
1.349175112055880643e-01
1.392293285046304896e-01
1.316099499485322288e-01
1.353398332638399981e-01
1.339603172881262683e-01
1.409254249717508123e-01
1.323343185441834546e-01
1.329787575772830299e-01
1.306099830461399935e-01
1.329447065613099388e-01
1.427154700670923426e-01
1.268772613257169724e-01
1.300375642521040820e-01
1.420821669910635188e-01
1.330335028469562531e-01
1.366684133453028582e-01
1.352076610284192182e-01
1.375050049807344243e-01
1.281714652265821264e-01
1.420436623905386164e-01
1.332854442298412323e-01
1.338435427418776802e-01
1.326219330408743569e-01
1.381086052528449348e-01
1.423978943909917638e-01
1.423000177102429487e-01
1.412779518536158851e-01
1.438799612224102020e-01
1.368201712944678017e-01
1.391882428101130775e-01
1.332028633249657534e-01
1.323061252811125466e-01
1.391729132405349068e-01
1.357713975012302399e-01
1.333512235432863235e-01
1.381877596889223292e-01
1.390419730118342689e-01
1.330780583832945063e-01
1.280624744083200262e-01
1.394098624587059021e-01
1.316363699734210968e-01
1.336455973131316088e-01
1.393926231456654452e-01
1.364181645746742055e-01
1.354648747614451698e-01
1.338728911110333153e-01
1.383379128362451360e-01
1.416408722954136945e-01
1.321472600102424622e-01
1.327592046665293790e-01
1.443629882165363976e-01
1.335731630346604637e-01
1.377276442945003510e-01
1.312326235430581189e-01
1.441774746137005903e-01
1.368208415806293488e-01
1.266568454780749031e-01
1.364520000559943103e-01
1.364855289991412923e-01
1.329679451882839203e-01
1.285600851156881996e-01
1.363418722259146787e-01
1.313535427408558942e-01
1.410255762083189868e-01
1.426428439361708544e-01
1.290409445230449870e-01
1.441315572176660731e-01
1.347426463450704381e-01
1.361916602722235969e-01
1.377651888344968989e-01
1.315665133297443390e-01
1.345314604363271049e-01
1.313202413065092944e-01
1.347947865724563599e-01
1.341218823300940610e-01
1.373068445495196632e-01
1.319614185818604180e-01
1.324739309826067635e-01
1.335527500403778933e-01
1.289973131247929283e-01
1.320438621831791781e-01
1.335752425449235059e-01
1.339921961937631800e-01
1.417589299380779266e-01
1.304018984415701576e-01
1.470711342990398407e-01
1.362124548426696113e-01
1.340437393103326991e-01
1.373120394668408684e-01
1.362164132297039032e-01
1.436576582491397858e-01
1.360483595303126625e-01
1.329531927726098350e-01
1.378057492630822278e-01
1.352135799825191498e-01
1.364186006997312739e-01
1.392134843128068067e-01
1.400920267083815285e-01
1.342261923210961438e-01
1.328660435974597931e-01
1.417378155248505689e-01
1.358890613274914838e-01
1.406282170542648979e-01
1.329642433140958979e-01
1.320883511964763835e-01
1.291559945259775355e-01
1.330692818654435061e-01
1.232342020209346439e-01
1.305160557052918724e-01
1.348771825432777405e-01
1.273807694337197594e-01
1.380352165017809107e-01
1.334614072527204320e-01
1.356163541121142291e-01
1.406277540538992121e-01
1.397217991096632861e-01
1.467961812657969378e-01
1.414864701884133436e-01
1.404802533132689379e-01
1.374033024268490888e-01
1.245105085628373243e-01
1.297131561275039480e-01
1.261623682720320605e-01
1.345309945089476489e-01
1.326626470046383954e-01
1.296210105397871681e-01
1.387387812137603760e-01
1.381641259150845624e-01
1.391285184238638117e-01
1.374447114233459666e-01
1.333586233002798938e-01
1.355851212782519244e-01
1.356377705399479106e-01
1.375297898692744158e-01
1.356021793825285815e-01
1.361522951296397499e-01
1.367803524647440150e-01
1.362596665109906957e-01
1.409077053623540021e-01
1.402067028518234060e-01
1.335452052631548592e-01
1.312603631189891151e-01
1.306354387530258843e-01
1.354705848331962392e-01
1.430480804826532171e-01
1.405848528125456520e-01
1.302851560924734309e-01
1.350184742893491552e-01
1.401999736470835589e-01
1.303234132272856616e-01
1.280379729079348661e-01
1.363115568778344444e-01
1.395161210426262566e-01
1.409404336341789910e-01
1.319633743592671105e-01
1.284618840685912422e-01
1.274481830852372266e-01
1.345493998378515244e-01
1.349371317774057388e-01
1.331505740859678932e-01
1.364150536911828138e-01
1.348053214273282341e-01
1.415310470121247388e-01
1.402599582714693927e-01
1.334234468106712534e-01
1.325704692197697543e-01
1.394755414554051109e-01
1.388515904545783997e-01
1.374282006706510351e-01
1.269802975335291573e-01
1.358491969960076429e-01
1.343748457729816437e-01
1.334402790027005292e-01
1.316323841788939186e-01
1.361573588635240362e-01
1.298264704112495616e-01
1.354060159730059720e-01
1.408154826079096034e-01
1.406562009028025917e-01
1.329156751079218768e-01
1.388508102723530480e-01
1.348587785448346898e-01
1.423524346734796331e-01
1.386923135391303352e-01
1.314253682004553891e-01
1.383677007896559619e-01
1.353585379464285754e-01
1.315428901995931432e-01
1.385238654911518097e-01
1.380236156816993520e-01
