1.654366478323936462e-01
1.594123952090740204e-01
1.458290144801139832e-01
1.529812514781951904e-01
1.516096144914627075e-01
1.556046791374683380e-01
1.455216724425554276e-01
1.560753732919692993e-01
1.564050838351249695e-01
1.571134068071842194e-01
1.636123508214950562e-01
1.666164621710777283e-01
1.574284546077251434e-01
1.749797128140926361e-01
1.542753353714942932e-01
1.603680439293384552e-01
1.532273329794406891e-01
1.453891620039939880e-01
1.551012732088565826e-01
1.545083113014698029e-01
1.583232022821903229e-01
1.660053320229053497e-01
1.681833155453205109e-01
1.627623140811920166e-01
1.510916240513324738e-01
1.639258749783039093e-01
1.477275863289833069e-01
1.690297238528728485e-01
1.598844565451145172e-01
1.501164063811302185e-01
1.522070616483688354e-01
1.451325900852680206e-01
1.461606882512569427e-01
1.494773551821708679e-01
1.553637981414794922e-01
1.626121588051319122e-01
1.538621261715888977e-01
1.631599664688110352e-01
1.551433615386486053e-01
1.560883186757564545e-01
1.663784086704254150e-01
1.571813598275184631e-01
1.468711830675601959e-01
1.612826324999332428e-01
1.525627896189689636e-01
1.533291824162006378e-01
1.632497198879718781e-01
1.467345431447029114e-01
1.571571715176105499e-01
1.459796801209449768e-01
1.429969854652881622e-01
1.551708094775676727e-01
1.580809950828552246e-01
1.609520837664604187e-01
1.542132534086704254e-01
1.545304395258426666e-01
1.598003208637237549e-01
1.529311463236808777e-01
1.611942723393440247e-01
1.520954035222530365e-01
1.565789654850959778e-01
1.392166577279567719e-01
1.632525213062763214e-01
1.570116207003593445e-01
1.641738973557949066e-01
1.442258246243000031e-01
1.569718383252620697e-01
1.611069329082965851e-01
1.481286659836769104e-01
1.506304480135440826e-01
1.584333702921867371e-01
1.581964381039142609e-01
1.590589024126529694e-01
1.592093743383884430e-01
1.445408537983894348e-01
1.490462161600589752e-01
1.551104374229907990e-01
1.462163329124450684e-01
1.583072654902935028e-01
1.528499349951744080e-01
1.585963591933250427e-01
1.388024315237998962e-01
1.475248187780380249e-01
1.581475250422954559e-01
1.600852794945240021e-01
1.428699977695941925e-01
1.563121564686298370e-01
1.521150395274162292e-01
1.627040356397628784e-01
1.519659720361232758e-01
1.447248458862304688e-01
1.526040434837341309e-01
1.532828137278556824e-01
1.482142657041549683e-01
1.454475410282611847e-01
1.553885713219642639e-01
1.548647359013557434e-01
1.468303538858890533e-01
1.608486622571945190e-01
1.551535204052925110e-01
1.394855882972478867e-01
1.617500670254230499e-01
1.532922387123107910e-01
1.445562019944190979e-01
1.558172404766082764e-01
1.605181582272052765e-01
1.585372015833854675e-01
1.500736884772777557e-01
1.495153792202472687e-01
1.440073419362306595e-01
1.479016020894050598e-01
1.567548587918281555e-01
1.448229998350143433e-01
1.471168417483568192e-01
1.526077240705490112e-01
1.510989703238010406e-01
1.528996527194976807e-01
1.455623246729373932e-01
1.599899083375930786e-01
1.428562030196189880e-01
1.427366603165864944e-01
1.570547036826610565e-01
1.467325799167156219e-01
1.426183655858039856e-01
1.540418602526187897e-01
1.433022730052471161e-01
1.564320288598537445e-01
1.634111553430557251e-01
1.487592123448848724e-01
1.514198221266269684e-01
1.493097916245460510e-01
1.428396776318550110e-01
1.554335951805114746e-01
1.597393043339252472e-01
1.409461423754692078e-01
1.548407711088657379e-01
1.341069638729095459e-01
1.486542597413063049e-01
1.435074135661125183e-01
1.263929717242717743e-01
1.482927501201629639e-01
1.508992910385131836e-01
1.398250348865985870e-01
1.483235545456409454e-01
1.499229520559310913e-01
1.396858878433704376e-01
1.451788153499364853e-01
1.457438543438911438e-01
1.461099721491336823e-01
1.450689956545829773e-01
1.486556567251682281e-01
1.516801975667476654e-01
1.441411450505256653e-01
1.431459076702594757e-01
1.507497131824493408e-01
1.520560160279273987e-01
1.496264897286891937e-01
1.503630951046943665e-01
1.370489224791526794e-01
1.461385376751422882e-01
1.594906188547611237e-01
1.468375027179718018e-01
1.435715407133102417e-01
1.409728676080703735e-01
1.484940722584724426e-01
1.451626792550086975e-01
1.502299122512340546e-01
1.330726575106382370e-01
1.301125474274158478e-01
1.365756243467330933e-01
1.408380940556526184e-01
1.508254371583461761e-01
1.398138049989938736e-01
1.514088138937950134e-01
1.492862254381179810e-01
1.409659832715988159e-01
1.433535516262054443e-01
1.270261537283658981e-01
1.451515182852745056e-01
1.413044445216655731e-01
1.499388106167316437e-01
1.487631089985370636e-01
1.498356722295284271e-01
1.462391540408134460e-01
1.344505120068788528e-01
1.557861231267452240e-01
1.402414590120315552e-01
1.358666457235813141e-01
1.388710327446460724e-01
1.366788111627101898e-01
1.345329433679580688e-01
1.436350382864475250e-01
1.502481885254383087e-01
1.452452987432479858e-01
1.428940258920192719e-01
1.385850384831428528e-01
1.356465481221675873e-01
1.538084261119365692e-01
1.490641161799430847e-01
1.522051133215427399e-01
1.455360874533653259e-01
1.508663631975650787e-01
1.475973799824714661e-01
1.542987674474716187e-01
1.422118619084358215e-01
1.534815728664398193e-01
1.559545658528804779e-01
1.381946280598640442e-01
1.483801566064357758e-01
1.498968042433261871e-01
1.448880359530448914e-01
1.465966403484344482e-01
1.439922004938125610e-01
1.448660939931869507e-01
1.358145102858543396e-01
1.497679166495800018e-01
1.399252936244010925e-01
1.379107888787984848e-01
1.297160685062408447e-01
1.414874978363513947e-01
1.379239447414875031e-01
1.451772712171077728e-01
1.362501457333564758e-01
1.446424983441829681e-01
1.399558670818805695e-01
1.397212743759155273e-01
1.523768417537212372e-01
1.383771505206823349e-01
1.501112915575504303e-01
1.415099725127220154e-01
1.430151537060737610e-01
1.389877591282129288e-01
1.455806307494640350e-01
1.484576724469661713e-01
1.520431600511074066e-01
1.458551883697509766e-01
1.397535726428031921e-01
1.504383422434329987e-01
1.397751607000827789e-01
1.441009715199470520e-01
1.445068307220935822e-01
1.374187730252742767e-01
1.391829960048198700e-01
1.383077893406152725e-01
1.427065916359424591e-01
1.478355489671230316e-01
1.493536531925201416e-01
1.460355035960674286e-01
1.343331933021545410e-01
1.473767906427383423e-01
1.441093683242797852e-01
1.374066509306430817e-01
1.468626558780670166e-01
1.321675628423690796e-01
1.391817666590213776e-01
1.379406861960887909e-01
1.467522867023944855e-01
1.453885287046432495e-01
1.389320865273475647e-01
1.483228057622909546e-01
1.492025032639503479e-01
1.459119953215122223e-01
1.425109058618545532e-01
1.339689083397388458e-01
1.529074050486087799e-01
1.455105319619178772e-01
1.440593618899583817e-01
1.442595198750495911e-01
1.438423953950405121e-01
1.365068163722753525e-01
1.287746224552392960e-01
1.471626423299312592e-01
1.461764536798000336e-01
1.514676213264465332e-01
1.491921320557594299e-01
1.315241772681474686e-01
1.390275657176971436e-01
1.451522372663021088e-01
1.378737017512321472e-01
1.370044499635696411e-01
1.477667093276977539e-01
1.451220735907554626e-01
1.544122174382209778e-01
1.477959789335727692e-01
1.287849899381399155e-01
1.348590180277824402e-01
1.516643501818180084e-01
1.436604633927345276e-01
1.531409695744514465e-01
1.489969752728939056e-01
1.388586834073066711e-01
1.379275117069482803e-01
1.488802433013916016e-01
1.450521089136600494e-01
1.425944715738296509e-01
1.372234299778938293e-01
1.422276385128498077e-01
1.439272686839103699e-01
1.457653306424617767e-01
1.454198546707630157e-01
1.269637905061244965e-01
1.476772427558898926e-01
1.397208347916603088e-01
1.352666988968849182e-01
1.361728310585021973e-01
1.446060128509998322e-01
1.455195471644401550e-01
1.352644618600606918e-01
1.457663476467132568e-01
1.566335186362266541e-01
1.501552946865558624e-01
1.367556750774383545e-01
1.418735347688198090e-01
1.343709453940391541e-01
1.324556022882461548e-01
1.444067545235157013e-01
1.449235193431377411e-01
1.360255498439073563e-01
1.389882899820804596e-01
1.363948285579681396e-01
1.332401037216186523e-01
1.443337313830852509e-01
1.348772924393415451e-01
1.428029127418994904e-01
1.374969035387039185e-01
1.366162113845348358e-01
1.241041552275419235e-01
1.399528272449970245e-01
1.292148455977439880e-01
1.444687992334365845e-01
1.483386307954788208e-01
1.446629613637924194e-01
1.353261452168226242e-01
1.269451528787612915e-01
1.412070430815219879e-01
1.487534418702125549e-01
1.320744082331657410e-01
1.404568776488304138e-01
1.392646171152591705e-01
1.377081200480461121e-01
1.334373503923416138e-01
1.384634450078010559e-01
1.455606594681739807e-01
1.406885497272014618e-01
1.375885140150785446e-01
1.299109850078821182e-01
1.508055999875068665e-01
1.423254720866680145e-01
1.295908056199550629e-01
1.405545100569725037e-01
1.342863049358129501e-01
1.350317969918251038e-01
1.466745436191558838e-01
1.348824091255664825e-01
1.455795280635356903e-01
1.308614201843738556e-01
1.378853358328342438e-01
1.414950098842382431e-01
1.501169390976428986e-01
1.398712098598480225e-01
1.385886445641517639e-01
1.399493776261806488e-01
1.449375897645950317e-01
1.355273593217134476e-01
1.416946537792682648e-01
1.372603774070739746e-01
1.411762684583663940e-01
1.469031237065792084e-01
1.373746041208505630e-01
1.432502903044223785e-01
1.422574035823345184e-01
1.465740315616130829e-01
1.369989700615406036e-01
1.465559229254722595e-01
1.404666565358638763e-01
1.341544799506664276e-01
1.366060450673103333e-01
1.317082457244396210e-01
1.481396220624446869e-01
1.481186673045158386e-01
1.358817666769027710e-01
1.415816731750965118e-01
1.433123461902141571e-01
1.363121420145034790e-01
1.362796612083911896e-01
1.284995824098587036e-01
1.392407529056072235e-01
1.334196534007787704e-01
1.427296586334705353e-01
1.502152457833290100e-01
1.349753849208354950e-01
1.436414830386638641e-01
1.391864791512489319e-01
1.377409454435110092e-01
1.348626744002103806e-01
1.444156095385551453e-01
1.421337015926837921e-01
1.291390806436538696e-01
1.346374228596687317e-01
1.395477168262004852e-01
1.386675760149955750e-01
1.356528177857398987e-01
1.407329291105270386e-01
1.397214010357856750e-01
1.306803748011589050e-01
1.387215442955493927e-01
1.355041153728961945e-01
1.396671645343303680e-01
1.333510037511587143e-01
1.402865201234817505e-01
1.391255315393209457e-01
1.449156142771244049e-01
1.394160129129886627e-01
1.317692771553993225e-01
1.293902173638343811e-01
1.377963460981845856e-01
1.430025771260261536e-01
1.372491717338562012e-01
1.433200351893901825e-01
1.430222429335117340e-01
1.433472782373428345e-01
1.403445750474929810e-01
1.334831118583679199e-01
1.426795050501823425e-01
1.397283002734184265e-01
1.442864499986171722e-01
1.396074201911687851e-01
1.477096118032932281e-01
1.466791741549968719e-01
1.512785069644451141e-01
1.412277705967426300e-01
1.356789208948612213e-01
1.419346779584884644e-01
1.425358429551124573e-01
1.447416618466377258e-01
1.456777900457382202e-01
1.393931768834590912e-01
1.378853544592857361e-01
1.410854384303092957e-01
1.506994292140007019e-01
1.403525769710540771e-01
1.414275728166103363e-01
1.312113180756568909e-01
1.403772644698619843e-01
1.427184864878654480e-01
1.470576561987400055e-01
1.368627939373254776e-01
1.378930658102035522e-01
1.339275427162647247e-01
1.400549225509166718e-01
1.429241299629211426e-01
1.387210562825202942e-01
1.436277516186237335e-01
1.342328861355781555e-01
1.404935810714960098e-01
1.397709175944328308e-01
1.442756392061710358e-01
1.362523175776004791e-01
1.434672623872756958e-01
1.387355513870716095e-01
1.432404629886150360e-01
1.479555405676364899e-01
1.448004990816116333e-01
1.350741963833570480e-01
1.416455991566181183e-01
1.363916303962469101e-01
1.376804560422897339e-01
1.304145120084285736e-01
1.412274446338415146e-01
1.374365091323852539e-01
1.359723955392837524e-01
1.436113640666007996e-01
1.402129046618938446e-01
1.359887626022100449e-01
1.361279301345348358e-01
1.346371732652187347e-01
1.363916657865047455e-01
1.299144402146339417e-01
1.406184658408164978e-01
1.316825672984123230e-01
1.408969759941101074e-01
1.464236080646514893e-01
1.359176635742187500e-01
1.433006674051284790e-01
1.409024186432361603e-01
1.428287252783775330e-01
1.456166282296180725e-01
1.363782584667205811e-01
1.435800865292549133e-01
1.382013745605945587e-01
1.336211655288934708e-01
1.417389661073684692e-01
1.436771117150783539e-01
1.293681245297193527e-01
1.470628678798675537e-01
1.420140340924263000e-01
1.362551301717758179e-01
1.403832025825977325e-01
1.296885516494512558e-01
1.433038078248500824e-01
1.318452395498752594e-01
1.343684270977973938e-01
1.412314809858798981e-01
1.399040743708610535e-01
1.300306059420108795e-01
1.321265753358602524e-01
1.435828357934951782e-01
1.453589685261249542e-01
1.404729764908552170e-01
1.283927448093891144e-01
1.288964804261922836e-01
1.350017637014389038e-01
1.367676407098770142e-01
1.368734389543533325e-01
1.347897462546825409e-01
1.431777402758598328e-01
1.415536850690841675e-01
1.403337456285953522e-01
1.370589956641197205e-01
1.376250013709068298e-01
1.378306001424789429e-01
1.412615925073623657e-01
1.435018591582775116e-01
1.403137706220149994e-01
1.419552713632583618e-01
1.321900896728038788e-01
1.331055276095867157e-01
1.441466771066188812e-01
1.320773027837276459e-01
1.324245482683181763e-01
1.384202390909194946e-01
1.459213942289352417e-01
1.418058164417743683e-01
1.382166277617216110e-01
1.373195853084325790e-01
1.386383548378944397e-01
1.213505472987890244e-01
1.343705058097839355e-01
1.320522166788578033e-01
1.366264782845973969e-01
1.365840174257755280e-01
1.358222253620624542e-01
1.484963931143283844e-01
1.424411907792091370e-01
1.406946666538715363e-01
1.286179367452859879e-01
1.455348245799541473e-01
1.319308895617723465e-01
1.244182661175727844e-01
1.365593969821929932e-01
1.369634494185447693e-01
1.428352817893028259e-01
1.431463882327079773e-01
1.338448002934455872e-01
1.478314325213432312e-01
1.263831127434968948e-01
1.404031403362751007e-01
1.330937352031469345e-01
1.348636373877525330e-01
1.370517052710056305e-01
1.443090774118900299e-01
1.235686894506216049e-01
1.371386088430881500e-01
1.331638917326927185e-01
1.388958059251308441e-01
1.391999348998069763e-01
1.381783634424209595e-01
1.381868049502372742e-01
1.394424866884946823e-01
1.399340759962797165e-01
1.308754030615091324e-01
1.285630837082862854e-01
1.468112654983997345e-01
1.370998527854681015e-01
1.383575238287448883e-01
1.416586861014366150e-01
1.404441706836223602e-01
1.321620550006628036e-01
1.345759443938732147e-01
1.242619138211011887e-01
1.343814283609390259e-01
1.370723135769367218e-01
1.352660004049539566e-01
1.400653608143329620e-01
1.470110490918159485e-01
1.396462582051753998e-01
1.341918967664241791e-01
1.438020579516887665e-01
1.315660886466503143e-01
1.438168212771415710e-01
1.432773508131504059e-01
1.328488197177648544e-01
1.374409459531307220e-01
1.450010389089584351e-01
1.394533291459083557e-01
1.340801045298576355e-01
1.358227394521236420e-01
1.454308107495307922e-01
1.310533843934535980e-01
1.421790681779384613e-01
1.356452442705631256e-01
1.395351514220237732e-01
1.396068446338176727e-01
1.533102542161941528e-01
1.359982509166002274e-01
1.452433094382286072e-01
1.437023021280765533e-01
1.389036662876605988e-01
1.339741870760917664e-01
1.347864009439945221e-01
1.338455453515052795e-01
1.344148330390453339e-01
1.350193712860345840e-01
1.355573013424873352e-01
1.383425183594226837e-01
1.413801200687885284e-01
1.378959082067012787e-01
1.340715438127517700e-01
1.309165246784687042e-01
1.317092329263687134e-01
1.371461451053619385e-01
1.312750540673732758e-01
1.420276649296283722e-01
1.393757201731204987e-01
1.359356679022312164e-01
1.352203413844108582e-01
1.393442712724208832e-01
1.291470602154731750e-01
1.365077830851078033e-01
1.380666233599185944e-01
1.346677802503108978e-01
1.416048444807529449e-01
1.341056972742080688e-01
1.433650255203247070e-01
1.356998980045318604e-01
1.387406922876834869e-01
1.429201811552047729e-01
1.386817172169685364e-01
1.363099254667758942e-01
1.320504732429981232e-01
1.411166638135910034e-01
1.340812966227531433e-01
1.352878697216510773e-01
1.282534226775169373e-01
1.263488586992025375e-01
1.400164775550365448e-01
1.309782676398754120e-01
1.379093863070011139e-01
1.395405828952789307e-01
1.384261064231395721e-01
1.377719454467296600e-01
1.375398058444261551e-01
1.383472755551338196e-01
1.415482740849256516e-01
1.349292322993278503e-01
1.437933146953582764e-01
1.405789628624916077e-01
1.374443639069795609e-01
1.395623162388801575e-01
1.314224377274513245e-01
1.271388083696365356e-01
1.343745663762092590e-01
1.336699314415454865e-01
1.347384061664342880e-01
1.414168886840343475e-01
1.423985920846462250e-01
1.364511922001838684e-01
1.291962135583162308e-01
1.405852213501930237e-01
1.413755007088184357e-01
1.370469778776168823e-01
1.418344303965568542e-01
1.393043100833892822e-01
1.379112228751182556e-01
1.365044750273227692e-01
1.458262391388416290e-01
1.377647258341312408e-01
1.351687572896480560e-01
1.421193927526473999e-01
1.386713981628417969e-01
1.346181444823741913e-01
1.393547803163528442e-01
1.361380405724048615e-01
1.359531134366989136e-01
1.306124906986951828e-01
1.422438211739063263e-01
1.347852293401956558e-01
1.269801799207925797e-01
1.429002992808818817e-01
1.472006402909755707e-01
1.385019980370998383e-01
1.348274759948253632e-01
1.419264264404773712e-01
1.251392774283885956e-01
1.354789324104785919e-01
1.338124014437198639e-01
1.373955123126506805e-01
1.348648294806480408e-01
1.420016512274742126e-01
1.347440183162689209e-01
1.349666491150856018e-01
1.335785128176212311e-01
1.397448703646659851e-01
1.383450217545032501e-01
1.410452388226985931e-01
1.405680365860462189e-01
1.267488282173871994e-01
1.351660080254077911e-01
1.309387125074863434e-01
1.468067467212677002e-01
1.456455886363983154e-01
1.281477622687816620e-01
1.496150679886341095e-01
1.302628032863140106e-01
1.368665955960750580e-01
1.348790600895881653e-01
1.366879306733608246e-01
1.469596661627292633e-01
1.233869455754756927e-01
1.324962936341762543e-01
1.351333521306514740e-01
1.392918825149536133e-01
1.411553248763084412e-01
1.353302411735057831e-01
1.410487778484821320e-01
1.399250961840152740e-01
1.335572116076946259e-01
1.497517861425876617e-01
1.345635019242763519e-01
1.293777208775281906e-01
1.293275449424982071e-01
1.424126960337162018e-01
1.351390443742275238e-01
1.307921558618545532e-01
1.397177986800670624e-01
1.430119648575782776e-01
1.252394318580627441e-01
1.327643934637308121e-01
1.331461444497108459e-01
1.398337036371231079e-01
1.277555394917726517e-01
1.363686062395572662e-01
1.347244121134281158e-01
1.346011273562908173e-01
1.341183464974164963e-01
1.360230110585689545e-01
1.378464773297309875e-01
1.390192136168479919e-01
1.351119317114353180e-01
1.325344927608966827e-01
1.312828250229358673e-01
1.376768462359905243e-01
1.340292058885097504e-01
1.466102674603462219e-01
1.389887519180774689e-01
1.387008205056190491e-01
1.321559548377990723e-01
1.342249214649200439e-01
1.255846731364727020e-01
1.342559233307838440e-01
1.418968699872493744e-01
1.337757185101509094e-01
1.319715343415737152e-01
1.380813159048557281e-01
1.372828893363475800e-01
1.389836259186267853e-01
1.356398761272430420e-01
1.379143837839365005e-01
1.398372203111648560e-01
1.456611156463623047e-01
1.290723532438278198e-01
1.313608586788177490e-01
1.349930018186569214e-01
1.384982056915760040e-01
1.431965045630931854e-01
1.370271295309066772e-01
1.405423693358898163e-01
1.344621889293193817e-01
1.363491415977478027e-01
1.415906958281993866e-01
1.429550237953662872e-01
1.368239093571901321e-01
1.309857368469238281e-01
1.308361422270536423e-01
1.394688785076141357e-01
1.311257556080818176e-01
1.358402166515588760e-01
1.430545747280120850e-01
1.419019773602485657e-01
1.373330466449260712e-01
1.386114507913589478e-01
1.339649092406034470e-01
1.367797926068305969e-01
1.342464275658130646e-01
1.385215669870376587e-01
1.376188956201076508e-01
1.406723521649837494e-01
1.382599510252475739e-01
1.398711912333965302e-01
1.304696016013622284e-01
1.310129649937152863e-01
1.360726077109575272e-01
1.319595966488122940e-01
1.260131150484085083e-01
1.377481594681739807e-01
1.461546644568443298e-01
1.321970783174037933e-01
1.407233066856861115e-01
1.321334708482027054e-01
1.352805439382791519e-01
1.450438909232616425e-01
1.297343932092189789e-01
1.304967068135738373e-01
1.358257886022329330e-01
1.313372813165187836e-01
1.363154295831918716e-01
1.398744434118270874e-01
1.361699961125850677e-01
1.349738575518131256e-01
1.382483281195163727e-01
1.344547569751739502e-01
1.392341256141662598e-01
1.380370818078517914e-01
1.329239699989557266e-01
1.331675928086042404e-01
1.315369792282581329e-01
1.450003571808338165e-01
1.409065388143062592e-01
1.282922569662332535e-01
1.360240541398525238e-01
1.296167969703674316e-01
1.335567254573106766e-01
1.357980109751224518e-01
1.423111483454704285e-01
1.330244969576597214e-01
1.334898658096790314e-01
1.395245827734470367e-01
1.370361484587192535e-01
1.336994208395481110e-01
1.391985267400741577e-01
1.344675570726394653e-01
1.432890854775905609e-01
1.427245400846004486e-01
1.423588208854198456e-01
1.364382654428482056e-01
1.408707648515701294e-01
1.336213666945695877e-01
1.288954932242631912e-01
1.267697867006063461e-01
1.352949589490890503e-01
1.418030932545661926e-01
1.328236758708953857e-01
1.331079229712486267e-01
1.295221354812383652e-01
1.288022287189960480e-01
1.184382252395153046e-01
1.314314622431993484e-01
1.411968357861042023e-01
1.314198225736618042e-01
1.408945918083190918e-01
1.306614112108945847e-01
1.321918424218893051e-01
1.364525854587554932e-01
1.302612982690334320e-01
1.382639929652214050e-01
1.240334957838058472e-01
1.353479009121656418e-01
1.400894299149513245e-01
1.324220448732376099e-01
1.416176930069923401e-01
1.371652930974960327e-01
1.390471868216991425e-01
1.326795294880867004e-01
1.262006200850009918e-01
1.355058625340461731e-01
1.347240395843982697e-01
1.399245560169219971e-01
1.317594312131404877e-01
1.446103490889072418e-01
1.304723713546991348e-01
1.281792335212230682e-01
1.265756916254758835e-01
1.402500383555889130e-01
1.428997460752725601e-01
1.345070600509643555e-01
1.343585420399904251e-01
1.351436600089073181e-01
1.383321527391672134e-01
1.377643309533596039e-01
1.350735351443290710e-01
1.348047927021980286e-01
1.322303749620914459e-01
1.365054808557033539e-01
1.315656881779432297e-01
1.245338395237922668e-01
1.289902236312627792e-01
1.454323492944240570e-01
1.401634775102138519e-01
1.448782347142696381e-01
1.421278528869152069e-01
1.291704811155796051e-01
1.375647354871034622e-01
1.128617897629737854e-01
1.335715427994728088e-01
1.331967972218990326e-01
1.317803766578435898e-01
1.412081196904182434e-01
1.352199502289295197e-01
1.334800478070974350e-01
1.319994777441024780e-01
1.408067755401134491e-01
1.273226533085107803e-01
1.347536928951740265e-01
1.321228016167879105e-01
1.321268938481807709e-01
1.418114118278026581e-01
1.329875923693180084e-01
1.343547403812408447e-01
1.361482553184032440e-01
1.399265155196189880e-01
1.402852348983287811e-01
1.393955238163471222e-01
1.372878495603799820e-01
1.361521482467651367e-01
1.335381977260112762e-01
1.321887485682964325e-01
1.455098465085029602e-01
1.347906924784183502e-01
1.349183060228824615e-01
1.342456154525279999e-01
1.369972322136163712e-01
1.261671148240566254e-01
1.374177038669586182e-01
1.466202102601528168e-01
1.342481076717376709e-01
1.380307450890541077e-01
1.434075236320495605e-01
1.407200023531913757e-01
1.300459206104278564e-01
1.343059055507183075e-01
1.329705789685249329e-01
1.473855264484882355e-01
1.391460262238979340e-01
1.367999203503131866e-01
1.372546032071113586e-01
1.218638923019170761e-01
1.333196051418781281e-01
1.418554112315177917e-01
1.335863750427961349e-01
1.338167525827884674e-01
1.384950838983058929e-01
1.324157640337944031e-01
1.328146196901798248e-01
1.390548571944236755e-01
1.399033665657043457e-01
1.335770841687917709e-01
1.349138468503952026e-01
1.384501606225967407e-01
1.351655479520559311e-01
1.313720829784870148e-01
1.415512114763259888e-01
1.360722128301858902e-01
1.366586722433567047e-01
1.341133862733840942e-01
1.360258087515830994e-01
1.383753977715969086e-01
1.305977143347263336e-01
1.326458528637886047e-01
1.318845599889755249e-01
1.269808355718851089e-01
1.417069956660270691e-01
1.441771946847438812e-01
1.381577923893928528e-01
1.371870823204517365e-01
1.230498440563678741e-01
1.325301807373762131e-01
1.432635001838207245e-01
1.376043707132339478e-01
1.313084252178668976e-01
1.473137214779853821e-01
1.332576163113117218e-01
1.368186846375465393e-01
1.289743725210428238e-01
1.359600983560085297e-01
1.360834278166294098e-01
1.230655983090400696e-01
1.335131078958511353e-01
1.345798373222351074e-01
1.331239268183708191e-01
1.419532671570777893e-01
1.334236599504947662e-01
1.376218348741531372e-01
1.391166038811206818e-01
1.414440460503101349e-01
1.264048330485820770e-01
1.417143158614635468e-01
1.255610939115285873e-01
1.426321044564247131e-01
1.376355104148387909e-01
1.311822962015867233e-01
