2.009019634425639911e+00
1.691792877614498147e+00
1.604123968780040821e+00
1.541934285759925860e+00
1.514810872077941850e+00
1.485495367944240641e+00
1.460209165811538590e+00
1.444377240538597063e+00
1.427356318533420598e+00
1.411655173897743198e+00
1.398112798631191200e+00
1.387607111632823909e+00
1.376280810534953991e+00
1.363512167036533329e+00
1.355445655882358658e+00
1.346284354925155746e+00
1.339044923484325356e+00
1.338275458812713703e+00
1.329816435873508507e+00
1.325316307842731467e+00
1.319164182543754560e+00
1.316456950306892359e+00
1.305480890572071173e+00
1.304924121499061673e+00
1.295856327414512732e+00
1.288470182418823162e+00
1.284261462986469260e+00
1.283766016364097595e+00
1.276976094543933904e+00
1.276411903202533615e+00
1.268872066140174892e+00
1.267941132187843323e+00
1.261948426365852249e+00
1.259895893335342354e+00
1.257075581252574903e+00
1.252475683689117325e+00
1.251392706036567715e+00
1.245862002670764968e+00
1.241920373737811945e+00
1.242214016616344452e+00
1.238760394752025595e+00
1.236655373573303240e+00
1.234691275954246548e+00
1.229097163677215665e+00
1.227096966505050624e+00
1.221418109536170915e+00
1.220502726435661378e+00
1.218071819543838474e+00
1.213606885671615565e+00
1.214118927270174009e+00
1.213292167186737158e+00
