2.110224059820175135e+00
1.681808293461799719e+00
1.607685824632644644e+00
1.614747155904769915e+00
1.532786704599857330e+00
1.504682008922100023e+00
1.509490416347980535e+00
1.501287223696708750e+00
1.454392969310283723e+00
1.455017170757055389e+00
1.451193693876266400e+00
1.435846848785877317e+00
1.413942430913448289e+00
1.405487373620271763e+00
1.397927502244710851e+00
1.445403698384761793e+00
1.383290607780218062e+00
1.374923705160617793e+00
1.380531233847141159e+00
1.414876232743263351e+00
1.421300145536661175e+00
1.348948402553796777e+00
1.347202806323766655e+00
1.345288670063018888e+00
1.350934199094772303e+00
1.343856902569532386e+00
1.342216975241899535e+00
1.328312686234712547e+00
1.319182277321815588e+00
1.311731467992067302e+00
1.315333404839038822e+00
1.309432266056537619e+00
1.321839581578969858e+00
1.307074114531278530e+00
1.295003556162118930e+00
1.298507515788078326e+00
1.286864860951900447e+00
1.298642309606075296e+00
1.296338306665420603e+00
1.286465216428041458e+00
1.276272409409284547e+00
1.285633063912391627e+00
1.280128788352012714e+00
1.280317967385053546e+00
1.277301201522350382e+00
1.258371229171753036e+00
1.269308066517114586e+00
1.265917380303144490e+00
1.264847646057605690e+00
1.289178317189216605e+00
1.253792528510093707e+00
