4.398883927147835549e-02
3.030148754827678356e-02
2.905787823256105254e-02
2.839423547033220405e-02
2.768683628644794115e-02
2.725782310590147903e-02
2.685162315145134954e-02
2.639658978208899581e-02
2.602309246547520119e-02
2.590861931443214430e-02
2.549164900090545444e-02
2.532993477769196131e-02
2.512262946926057186e-02
2.493582586292177397e-02
2.476160618476569777e-02
2.461019072216004064e-02
2.444160242099314984e-02
2.432526030577719309e-02
2.430152853485196759e-02
2.412985516246408252e-02
2.402743899729102919e-02
2.390091966371983220e-02
2.377870298922062087e-02
2.364422964863479096e-02
2.359858667477965355e-02
2.355232240632176496e-02
2.334664986934512770e-02
2.323061628732830258e-02
2.339514337014406836e-02
2.312191241886466658e-02
2.312670622020959743e-02
2.302356211002916028e-02
2.296484903432428892e-02
2.292130670044571078e-02
2.289808412548154440e-02
2.274234543554484733e-02
2.268014310393482585e-02
2.269444801844656620e-02
2.253428713884204557e-02
2.257790309842675966e-02
2.246792363002896378e-02
2.245233274064958179e-02
2.238084937445819489e-02
2.237320046871900392e-02
2.228401936590671678e-02
2.224904866889119287e-02
2.229245236609131084e-02
2.213014179840683965e-02
2.213831935543567053e-02
2.208718246780335889e-02
2.204981124494224953e-02
2.201411383226513710e-02
2.192281128838658236e-02
2.202235795091837811e-02
2.182160482276231106e-02
2.186034352518618010e-02
2.177151150070130714e-02
2.184933170676231495e-02
2.168590307701379061e-02
2.178489047102630249e-02
2.168239667546004168e-02
2.162229635287076304e-02
2.159074991010129577e-02
2.162817158736288561e-02
2.145695281680673472e-02
2.156003391370177324e-02
2.149310083128511822e-02
2.153207687195390560e-02
2.140873678494244897e-02
2.134756224229931998e-02
2.142657893709838321e-02
2.148415921255946229e-02
2.138386401813477389e-02
2.136130583006888572e-02
2.123335876967757940e-02
2.136499001644551893e-02
2.129846458323299968e-02
2.129869400523603032e-02
2.128454002086073091e-02
2.132009900175034847e-02
2.116895161103457199e-02
2.116106701083481437e-02
2.116921099834144157e-02
2.112929900176823209e-02
2.111477810889482443e-02
2.104294077958911505e-02
2.099649021867662502e-02
2.104955573100596514e-02
2.114312067162245345e-02
2.105104213580489061e-02
2.104264981113374358e-02
2.088511933106929064e-02
2.095739458221942270e-02
2.082649810705334073e-02
2.081528452690690686e-02
2.089559846557676945e-02
2.094041894655674849e-02
2.086644025985151529e-02
2.084381411783397045e-02
2.080409729853272341e-02
2.088854968082159633e-02
2.079065700527280708e-02
2.085400133393704863e-02
2.076521476730704141e-02
2.068800169508904288e-02
2.086921500973403301e-02
2.072029519826173657e-02
2.072064411826431835e-02
2.067117547150701395e-02
2.068706686142832152e-02
2.065476177725941026e-02
2.073357610031962422e-02
2.064725334756076225e-02
2.074242929928004839e-02
2.056854933500289889e-02
2.057919256389141235e-02
2.054923283867537975e-02
2.058138433378189913e-02
2.065972091630101370e-02
2.055978356860578213e-02
2.049743893556296714e-02
2.048865179065614828e-02
2.050630951300263377e-02
2.049210530240088562e-02
2.051782811526208991e-02
2.049909518565982622e-02
2.045486691407859270e-02
2.048041457775980068e-02
2.045436952263116753e-02
2.038909574039280553e-02
2.029382939450442846e-02
2.037381705828010883e-02
2.044360821135342288e-02
2.038066836073994595e-02
2.036756284534931016e-02
2.028588230721652466e-02
2.030715807341039111e-02
2.027387490496039557e-02
2.029570854734629240e-02
2.036443090997636443e-02
2.035823659971356531e-02
2.029846337623894201e-02
2.021569634322076953e-02
2.023879489395767617e-02
2.029390618205070482e-02
2.023428246378898565e-02
2.032593423034995822e-02
2.028564375359565020e-02
2.022472607903182465e-02
2.025504810735583375e-02
2.020752954762429152e-02
2.030716849491000231e-02
2.026137732900679111e-02
2.016505845822393755e-02
2.019838608335703528e-02
2.019448450300842524e-02
2.007678237743675681e-02
2.018018411472439697e-02
2.013722664210945354e-02
2.005552770569920401e-02
2.012393216136842966e-02
2.016550976783037033e-02
2.004731763154268126e-02
2.016363296192139401e-02
2.008355703204870238e-02
2.008653379045426818e-02
2.003268506377935479e-02
2.004157743416726603e-02
2.005975434090942131e-02
1.990811499301343990e-02
2.004694582428783248e-02
1.995284598320722427e-02
1.993449521716684006e-02
2.010337428655475239e-02
2.000021875370293703e-02
1.996256249956786591e-02
2.006053416058421052e-02
1.996737779118120532e-02
1.992763406597077708e-02
1.999047324992716396e-02
1.994982673320919164e-02
1.988698411732912202e-02
1.991319063585251722e-02
2.000753560569137196e-02
1.990358925890177433e-02
1.993864690419286378e-02
1.995965498499572416e-02
1.982484570704400387e-02
1.985907933674752740e-02
1.992619835305959111e-02
1.988653125707059988e-02
1.985316099599003861e-02
1.985109258908778276e-02
1.991571356076747221e-02
1.979030562564730589e-02
1.986599484458565629e-02
1.983148065395653331e-02
1.977574391290545450e-02
1.980794179718941422e-02
1.987745827529579373e-02
1.976841608528047758e-02
1.980156143661588458e-02
1.977166854310780791e-02
1.978724221698939870e-02
1.977855903096497128e-02
1.978290763217955758e-02
1.978298422880470780e-02
1.966425206046551466e-02
1.973816785495728296e-02
1.972243978176265941e-02
1.969111974351107908e-02
1.965545387472957331e-02
1.975743553135543909e-02
1.976443172432482132e-02
1.968389305751770679e-02
1.965292713604867292e-02
1.968937904573976952e-02
1.964747427497058954e-02
1.966865253634750982e-02
1.968818574212491401e-02
1.963421427644789288e-02
1.975102010648697656e-02
1.963131069671362680e-02
1.969553782604634845e-02
1.973549978341907277e-02
1.969489034265279812e-02
1.965902419760823250e-02
1.955880512949079164e-02
1.963461520615965294e-02
1.967863780446350505e-02
1.963894427288323530e-02
1.954296338837593905e-02
1.956181199755519656e-02
1.963595050387084359e-02
1.949953546747565380e-02
1.956689170096069519e-02
1.948743562679737876e-02
1.953220990020781631e-02
1.964090878609568019e-02
1.957161782775074244e-02
1.949170244392007742e-02
1.959999959450215226e-02
1.953861749731004155e-02
1.957302764523774496e-02
1.957677195314317872e-02
1.950974345207214314e-02
1.946981405839324011e-02
1.949281641282141209e-02
1.954638948664069037e-02
1.949922277126461129e-02
1.943710449617356076e-02
1.941721970681101195e-02
1.945394580252468586e-02
1.951394577976316158e-02
1.945085272192954851e-02
1.938452532980591142e-02
1.950142893008887865e-02
1.938350770156830466e-02
1.948836528696119841e-02
1.945024192798882820e-02
1.953001630492508245e-02
1.944600058253854666e-02
1.948730651754886078e-02
1.942715331446379437e-02
1.942550325766205857e-02
1.935169789474457461e-02
1.932847644668072434e-02
1.943726344034075668e-02
1.937814270611852574e-02
1.931503424420952936e-02
1.944629531819373411e-02
1.943150108680129218e-02
1.941317788790911450e-02
1.931095824111252884e-02
1.944141866639256463e-02
1.945929935202002359e-02
1.929372472688555690e-02
1.936393682844936986e-02
1.929616877343505454e-02
1.945849560201167935e-02
1.931916829198598862e-02
1.932486450299620781e-02
1.937376422341912860e-02
1.924010713584721130e-02
1.937143944203853496e-02
1.931121061090379856e-02
1.926279379520565160e-02
1.926626996602863115e-02
1.927322969771921510e-02
1.935331468470394625e-02
1.917215849272906752e-02
1.931117688305675900e-02
1.924625640735030258e-02
1.931231523863971219e-02
1.927945511881262036e-02
1.924484282266348753e-02
1.919493393041193582e-02
1.928261571563780197e-02
1.923694836441427330e-02
1.915518116671591914e-02
1.921349985525011919e-02
1.920042658224701757e-02
1.918507786002010204e-02
1.936567754950374240e-02
1.915686400141566881e-02
1.920872072223573854e-02
1.920377238653600202e-02
1.921508162748068738e-02
1.922886070329695926e-02
1.918663259595632456e-02
1.916737782303244014e-02
1.913191474508494153e-02
1.925701933912932901e-02
1.923263488803058849e-02
1.920730195473879451e-02
1.921272482257336406e-02
1.906562067102640992e-02
1.914711154997348827e-02
1.915882621891796742e-02
1.914565358310937881e-02
1.911726183723658212e-02
1.918995384592563080e-02
1.922418924514204125e-02
1.912551957648247342e-02
1.909228055272251326e-02
1.908033425454050414e-02
1.907190038822591249e-02
1.909553726203739796e-02
1.912215480580925844e-02
1.906873337924480313e-02
1.914563779719173978e-02
1.909788259305059827e-02
1.912738229613751215e-02
1.912030701991170728e-02
1.904922779183834680e-02
1.906946405768394567e-02
1.908724401146173408e-02
1.913874221034347900e-02
1.916400713846087497e-02
1.907999968156218543e-02
1.901765267830341985e-02
1.901026415638625705e-02
1.915571862366050385e-02
1.900016135070473067e-02
1.901219143066555303e-02
1.909986875951290297e-02
1.906880771741270922e-02
1.902835393790155635e-02
1.904903887771070004e-02
1.907865956891328235e-02
1.903281265869736713e-02
1.910007096827030099e-02
1.901616595219820724e-02
1.892164618708193358e-02
1.895649928599596121e-02
1.899962109047919484e-02
1.900104496162384818e-02
1.899356529582291869e-02
1.897707693278789451e-02
1.897398578003049036e-02
1.901046736631542555e-02
1.902872485574334804e-02
1.903882302809506780e-02
1.899449656251818094e-02
1.906025204807519982e-02
1.895599858835339546e-02
1.887787853833287899e-02
1.890903692692518304e-02
1.900928904302418357e-02
1.897230096161365426e-02
1.899765102658420787e-02
1.892272896133363400e-02
1.899016975425183926e-02
1.891606992110610175e-02
1.896744306199252619e-02
1.891397308558225715e-02
1.898891233839094736e-02
1.897089702542871167e-02
1.891730211209505935e-02
1.888213786762207858e-02
1.894575385376811097e-02
1.890770080033689696e-02
1.891091086901724311e-02
1.891067083925008704e-02
1.885835921391844708e-02
1.889482705853879480e-02
1.884259355720132451e-02
1.887407221831381363e-02
1.881107240449637202e-02
1.893524106591940037e-02
1.887251927517354447e-02
1.891855170018971050e-02
1.893982501234859131e-02
1.891390650998801132e-02
1.884407486300915605e-02
1.878185788169503198e-02
1.888501192443072657e-02
1.888276018202304785e-02
1.884526631329208612e-02
1.883018777240067637e-02
1.883636221755296061e-02
1.883635720238089478e-02
1.886999569833278795e-02
1.887472027447074582e-02
1.885654394049197588e-02
1.885345172602683264e-02
1.874067961703985985e-02
1.882586368825286613e-02
1.886532827280461636e-02
1.885550231672823360e-02
1.883210484869778101e-02
1.885644985362887327e-02
1.890936150215566033e-02
1.879159017931670075e-02
1.884536484722048114e-02
1.876303588040173151e-02
1.859244790393859217e-02
1.880319664254784598e-02
1.874708006158471232e-02
1.886300633195787599e-02
1.880552153103053417e-02
1.871635717805475094e-02
1.867650862783193713e-02
1.877201886847615353e-02
1.889597411733120666e-02
1.879292571917176233e-02
1.874660335946828210e-02
1.873693627770990286e-02
1.874858844559639665e-02
1.882237879093736493e-02
1.863545172847807380e-02
1.871804264374077320e-02
1.881654779426753660e-02
1.872276171110570306e-02
1.882407113444060226e-02
1.879648007452488015e-02
1.871410648804158056e-02
1.860092446208000058e-02
1.868645266629755455e-02
1.870522012934088679e-02
1.866799198091030274e-02
1.874037291388958720e-02
1.864388441201299262e-02
1.882164847105741515e-02
1.865197659935802221e-02
1.873780396766960496e-02
1.864653673022985403e-02
1.872237146366387620e-02
1.871062318328767932e-02
1.871615651994943536e-02
1.865335168316960279e-02
1.869852704927325165e-02
1.880308110732585233e-02
1.864267613738775087e-02
1.865067436825483885e-02
1.870344094932079385e-02
1.870931749232113486e-02
1.868320519104599980e-02
1.865044978912919899e-02
1.860473843291401974e-02
1.861833210103213884e-02
1.864259528461843785e-02
1.859977166634052895e-02
1.868806170765310512e-02
1.868209043983369913e-02
1.872718734666705201e-02
1.860101508907973863e-02
1.878454233985394142e-02
1.858906154520809789e-02
1.864361215848475695e-02
1.866757966112345471e-02
1.865323019213974490e-02
1.870622288435697458e-02
1.862744056619703922e-02
1.862907725386321600e-02
1.867925157770514502e-02
1.872547100298106726e-02
1.862198291346430640e-02
1.861505953129381080e-02
1.858257974497973947e-02
1.867239071521907892e-02
1.858875111676752678e-02
1.865338366013020305e-02
1.854689617641270064e-02
1.859210346825420843e-02
1.856860685627907681e-02
1.866372062824666472e-02
1.850916179828345637e-02
1.853894335217774053e-02
1.868811060674488433e-02
1.849511933047324336e-02
1.857608549296856093e-02
1.863197373226285064e-02
1.845980152022093368e-02
1.858149207662791041e-02
1.864043260458856863e-02
1.868562004063278534e-02
1.857296201866119947e-02
1.857205685228109290e-02
1.846805651672184592e-02
