3.338334304280578951e-02
3.172568727750331441e-02
3.064930562395602395e-02
3.014063011854887023e-02
2.926960093900561263e-02
2.892429110128432596e-02
2.857076377142220638e-02
2.908331774873659098e-02
2.785869044950231924e-02
2.733982451958581750e-02
2.718217795714735971e-02
2.776566402986645546e-02
2.723977887770161199e-02
2.653334835078567308e-02
2.644084909697994729e-02
2.634734861785546084e-02
2.637502316851168815e-02
2.688336675520986221e-02
2.600486180279404022e-02
2.595786175457760747e-02
2.572007053764537032e-02
2.564664954785257633e-02
2.556256417883560200e-02
2.544904626673087644e-02
2.546597400680184267e-02
2.556160662323236563e-02
2.504208127269521439e-02
2.529527273727581044e-02
2.513217806583270542e-02
2.495961608365178039e-02
2.505405274918302838e-02
2.485036481404677075e-02
2.506343239685520502e-02
2.459123944863677094e-02
2.481403686339035686e-02
2.494804912479594433e-02
2.455892299534753048e-02
2.458289747359231059e-02
2.540667489869520221e-02
2.426869296934455744e-02
2.448126165894791428e-02
2.435074359644204267e-02
2.479682852281257441e-02
2.425819482188671869e-02
2.439208719879388740e-02
2.402308946242556059e-02
2.368158222408965272e-02
2.393426102353259782e-02
2.395412416430190219e-02
2.371807185700163315e-02
2.389393869088962674e-02
2.438798183109611162e-02
2.402645495021715760e-02
2.379373987438157187e-02
2.383578985929489177e-02
2.394261997193098193e-02
2.354662652593106018e-02
2.358472352847456807e-02
2.366298138862475697e-02
2.364673124626278863e-02
2.391120408196002398e-02
2.346324509475380266e-02
2.372921680798754235e-02
2.328023442532867193e-02
2.354104438098147609e-02
2.336303861113265060e-02
2.328018359141424340e-02
2.323306352132931477e-02
2.322931599803268812e-02
2.351174819981679404e-02
2.305811247089877697e-02
2.310033391695469687e-02
2.311377052217722036e-02
2.313860942143946761e-02
2.302596109919249900e-02
2.315480327699333263e-02
2.313893078593537087e-02
2.301368998130783397e-02
2.342817562166601281e-02
2.299000892089679907e-02
2.304132338147610315e-02
2.298688736278563585e-02
2.294204702135175383e-02
2.281209178268909371e-02
2.295830548042431321e-02
2.293394361622631480e-02
2.396613565739244209e-02
2.284924675477668574e-02
2.321955129038542551e-02
2.283547632629051929e-02
2.329822623403743007e-02
2.260045674396678889e-02
2.262730659916997039e-02
2.260324070695787779e-02
2.281258840812370320e-02
2.271822745213285255e-02
2.293287697480991469e-02
2.263181015616282793e-02
2.254747401457279921e-02
2.257771619362756652e-02
2.288444022880867235e-02
2.257213331758976121e-02
2.252327155554667212e-02
2.246079982724040816e-02
2.331613980233669323e-02
2.297341647557914202e-02
2.258701368002220822e-02
2.245099190389737362e-02
2.248354879440739654e-02
2.234579002251848440e-02
2.244725386612117166e-02
2.228407177142798998e-02
2.246132154483347979e-02
2.237683964660391184e-02
2.244008794426918113e-02
2.240486367139965171e-02
2.236641912022605677e-02
2.234875883441418340e-02
2.251642836490646074e-02
2.215657456777989781e-02
2.236000043572857962e-02
2.253078446723520700e-02
2.243736938573420020e-02
2.221742262830957854e-02
2.216890918090939563e-02
2.204676776891574194e-02
2.221770921722054579e-02
2.212103543104603984e-02
2.215327014448121093e-02
2.224504785379394917e-02
2.236388376681134119e-02
2.226757054217159623e-02
2.196699646068736925e-02
2.216286001959815594e-02
2.201457075541839170e-02
2.235093162860721239e-02
2.203289743512868923e-02
2.233771479688584707e-02
2.191374474903568653e-02
2.211464749416336417e-02
2.214321020990610289e-02
2.219239661470055747e-02
2.216997050447389386e-02
2.253937525441870177e-02
2.224148690467700473e-02
2.195980689954012480e-02
2.225253063486888963e-02
2.196141610620543430e-02
2.215887164929881623e-02
2.186879012035206071e-02
2.178301219362765648e-02
2.203807215439155739e-02
2.205687977373600034e-02
2.198938468471169430e-02
2.195438166148960465e-02
2.200699555920436826e-02
2.191142899682745407e-02
2.198315719375386681e-02
2.207752656424417925e-02
2.186816059052944239e-02
2.173710962757468071e-02
2.188146384898573271e-02
2.201115253614261899e-02
2.207388510694727191e-02
2.217796940356493024e-02
2.200476560508832224e-02
2.184462007833644706e-02
2.184784089447930344e-02
2.174478696659207233e-02
2.205615233629941788e-02
2.191657387418672470e-02
2.172032740432769046e-02
2.173537338851019851e-02
2.178597319638356580e-02
2.168010427383705932e-02
2.177418300881981891e-02
2.172369091771543179e-02
2.203627659939229322e-02
2.167952322168275811e-02
2.173889559227973334e-02
2.173023838549852441e-02
2.164725831709802054e-02
2.166373056825250318e-02
2.161388565087691074e-02
2.165960669517517229e-02
2.165198351489380085e-02
2.152202496537938825e-02
2.170776570681482581e-02
2.165045292815193437e-02
2.164333980297669657e-02
2.159306434681639020e-02
2.155458026798441964e-02
2.175192616414278746e-02
2.165138928685337444e-02
2.149103528121486251e-02
2.165183186996728210e-02
2.144893548218533563e-02
2.197394262999296036e-02
2.168266738299280336e-02
2.207952970406040424e-02
2.153904109261929947e-02
2.140712722670286977e-02
2.142138311173766990e-02
2.151271080132573926e-02
2.169325326336547788e-02
2.158844199031591249e-02
2.142355742165818686e-02
2.136228599585592719e-02
2.139395343139767480e-02
2.144934968324378050e-02
2.153752751648425889e-02
2.155436811037361733e-02
2.134417282650247216e-02
2.153574586613103692e-02
2.125041123246773980e-02
2.148239896632730961e-02
2.154146174201741759e-02
2.149250222602859181e-02
2.207814875757321826e-02
2.151262974133714978e-02
2.134668498532846584e-02
2.134400122566148736e-02
2.142460806993767494e-02
2.136269283713772976e-02
2.140970648499205750e-02
2.135744584491476583e-02
2.134012950118631055e-02
2.136409030528739136e-02
2.137440319405868594e-02
2.133110831724479781e-02
2.130346345482394058e-02
2.132996413856744905e-02
2.140697451541200350e-02
2.135006786789745217e-02
2.122103393776342273e-02
2.156282513169571757e-02
2.121622749371454217e-02
2.143232301808893625e-02
2.122499746968969578e-02
2.128865737468004296e-02
2.128271621419116841e-02
2.118746676482260310e-02
2.123191415797918979e-02
2.143185124965384450e-02
2.124724250752478907e-02
2.131925096735358405e-02
2.125439238734543393e-02
2.173984796507284073e-02
2.127311127260327409e-02
2.151185504626482864e-02
2.137919641798362302e-02
2.122990396106615510e-02
2.112665071617812057e-02
2.117021953687071856e-02
2.119752985425293543e-02
2.103360902285203449e-02
2.111338425893336673e-02
2.109412709483876949e-02
2.114727939944714349e-02
2.113621994853019659e-02
2.120527366641909023e-02
2.122605313314124970e-02
2.131565260933711986e-02
2.111844515660777841e-02
2.106308230897411746e-02
2.146971066249534627e-02
2.106770556187257185e-02
2.106080757454037791e-02
2.124495496740564857e-02
2.117066333536058581e-02
2.128206340828910428e-02
2.108309953939169548e-02
2.112862687092274469e-02
2.109360934235155610e-02
2.093089703703299165e-02
2.114984294399619227e-02
2.110816865693777855e-02
2.115631174761802014e-02
2.095916045363992522e-02
2.113801237195730293e-02
2.112604976864531497e-02
2.097653127508238013e-02
2.114573505939915804e-02
2.100857369368895958e-02
2.098389347549527856e-02
2.123432104010134977e-02
2.094674115767702557e-02
2.111805064836516990e-02
2.100870428606867873e-02
2.106812475249171188e-02
2.082138098776340623e-02
2.097808325663208864e-02
2.100431323982775156e-02
2.108425634447485056e-02
2.094322944292798666e-02
2.096100040478631951e-02
2.089204391930252203e-02
2.101509316125884513e-02
2.112524708500131826e-02
2.076939541846513707e-02
2.104269448202103487e-02
2.086938437307253591e-02
2.091511198086664150e-02
2.106740622548386455e-02
2.098296964308246984e-02
2.077743905130773755e-02
2.089758232003077754e-02
2.101170052308589178e-02
2.071956665720790791e-02
2.104086197447031792e-02
2.092884049983695025e-02
2.099826409015804682e-02
2.085904167266562637e-02
2.089310676325112706e-02
2.083800737513229195e-02
2.077244727639481273e-02
2.083612307906150887e-02
2.087075178744271509e-02
2.089590523159131491e-02
2.090446629794314587e-02
2.075929817045107581e-02
2.083855208242312018e-02
2.072583741042762981e-02
2.087849857052788069e-02
2.091376056428998625e-02
2.076368262758478481e-02
2.078674533637240446e-02
2.077123640803620053e-02
2.124565921491012102e-02
2.072036164812743678e-02
2.069768351502716472e-02
2.079303757986053838e-02
2.077175756217911756e-02
2.093856059713289017e-02
2.083656957605853691e-02
2.078917250502854489e-02
2.080289530102163650e-02
2.069641515146940919e-02
2.081414816435426390e-02
2.078951962292194255e-02
2.085278140846640038e-02
2.089788189856335576e-02
2.072851615957915783e-02
2.077194561250507790e-02
2.077584239421412238e-02
2.090724791400134716e-02
2.082510750507935923e-02
2.076682122424244881e-02
2.071982274530455304e-02
2.084368597948923693e-02
2.085291741648688871e-02
2.061951551120728282e-02
2.062306830426677978e-02
2.069721592124551535e-02
2.081241368083283291e-02
2.073473218129947768e-02
2.063955464866012307e-02
2.070474651874974412e-02
2.074431386310607306e-02
2.067979807034135004e-02
2.068736288230866097e-02
2.077993039973080255e-02
2.067761796526610893e-02
2.061088733142241863e-02
2.083098998758941764e-02
2.074068797286600027e-02
2.067865488119423334e-02
2.065822649747133324e-02
2.077300330856814842e-02
2.064081884222105159e-02
2.072772413492202787e-02
2.063844277290627360e-02
2.061375002376735280e-02
2.069706130539998579e-02
2.063567220233380670e-02
2.065201598219573373e-02
2.079736217623576536e-02
2.063979343045502929e-02
2.060980023117735954e-02
2.070804040646180566e-02
2.071124707348644817e-02
2.051685424987226627e-02
2.056803597835824005e-02
2.070433003362268098e-02
2.074410197790712077e-02
2.053334312513470719e-02
2.081434930209070597e-02
2.076919794781133602e-02
2.068930008215829827e-02
2.054605702636763329e-02
2.061960052000358715e-02
2.055695112794637611e-02
2.094522851984947920e-02
2.051686977501958678e-02
2.082872476894408534e-02
2.067946066148578996e-02
2.059380499413237045e-02
2.057672396302223303e-02
2.071549696382135250e-02
2.044940931256860467e-02
2.042219694703817368e-02
2.044338972074910901e-02
2.048227680381387375e-02
2.052057484863326065e-02
2.047682872973382445e-02
2.065457231830805651e-02
2.071494072908535572e-02
2.056482681306079016e-02
2.046180839417502395e-02
2.048880313290283098e-02
2.059596231440082026e-02
2.048927224008366410e-02
2.045221549691632335e-02
2.058974512852728214e-02
2.052580915624275734e-02
2.035914148204028690e-02
2.060577499913051822e-02
2.046295861713588390e-02
2.065121946856379384e-02
2.087433651322499056e-02
2.052463467232883143e-02
2.045917106559499987e-02
2.049304953543469240e-02
2.038656133692711564e-02
2.044360114261507821e-02
2.049259926425293227e-02
2.039941904367879172e-02
2.048461765516549488e-02
2.042201778385788202e-02
2.040795313892886098e-02
2.048785323044285261e-02
2.052820855751633783e-02
2.041119757341220906e-02
2.052463733125477890e-02
2.040338474791496964e-02
2.046807544305920615e-02
2.043429907876998311e-02
2.041247419314459050e-02
2.033028051722794716e-02
2.043740541441366187e-02
2.066860792459920132e-02
2.047287830850109611e-02
2.045890266541391597e-02
2.051569644594565187e-02
2.055098630022257622e-02
2.035173510434105937e-02
2.061106483452022214e-02
2.055056538898497945e-02
2.063428405672311852e-02
2.033931020647287286e-02
2.042798644863069030e-02
2.044438797980547076e-02
2.035146669019013629e-02
2.040494099957868360e-02
2.082415655488148443e-02
2.037810796406120187e-02
2.026792878052219651e-02
2.042843777686357415e-02
2.022843530634418213e-02
2.041223134845495182e-02
2.046729535795748303e-02
2.028366037644445743e-02
2.039976870408281850e-02
2.048331956611946364e-02
2.032332542352378521e-02
2.026733506470918683e-02
2.042293653124943251e-02
2.033128733979537930e-02
2.030873386887833629e-02
2.034921966958791115e-02
2.048430227674543844e-02
2.032749170204624367e-02
2.033325630007311660e-02
2.033910620491951801e-02
2.043767361901700427e-02
2.019011791795492089e-02
2.028975442284718100e-02
2.032934194896370006e-02
2.024182733148336549e-02
2.025252752238884679e-02
2.031516299117356456e-02
2.020911252824589624e-02
2.019766301149502480e-02
2.010011040139943195e-02
2.028038822114467538e-02
2.032115968177095056e-02
2.024604017613455820e-02
2.027046939358115307e-02
2.022543634288012995e-02
2.027915003476664368e-02
2.026924343779683280e-02
2.031855093315243846e-02
2.014059666544198990e-02
2.030508336145430900e-02
2.003764176042750408e-02
2.010040473891422028e-02
2.026521744439378422e-02
2.041481903055682862e-02
2.020563985919579877e-02
2.025651620933786173e-02
