2.254028755426406849e-01
1.053162009268999166e-01
8.255028083920479265e-02
8.747064262628555242e-02
7.798058390617371161e-02
7.397414721548557781e-02
6.774930551648139510e-02
7.381965272128582223e-02
7.465407878160476574e-02
6.827351346611976179e-02
7.089697100222110138e-02
6.964945524930954424e-02
6.302510380744934249e-02
6.465586986392736490e-02
6.999129049479961562e-02
6.688520200550555905e-02
6.619172595441341622e-02
6.272563315927982830e-02
6.951131872832774783e-02
5.897213600575924169e-02
6.491228502243756582e-02
6.188585869967937192e-02
6.561716202646493412e-02
6.757574938237667639e-02
6.722918383777141960e-02
6.597997516393661055e-02
6.308560322970152567e-02
6.676981993019580341e-02
6.130993913859129202e-02
6.893602229654788305e-02
6.785929121077061144e-02
6.632564701139927188e-02
5.762445129454135673e-02
6.138035725802182957e-02
7.014742925763130243e-02
6.744991183280944769e-02
6.478884771466254799e-02
6.892877843230962864e-02
6.915470339357852880e-02
6.110756050795316391e-02
5.845427408814430487e-02
6.555340051651001310e-02
6.311824511736631449e-02
6.552841819822788350e-02
6.260355595499277059e-02
6.670929607003926731e-02
5.869870677590369873e-02
5.847198840230703049e-02
7.857645250856876151e-02
6.394270077347755099e-02
6.032284446060657418e-02
5.495902683585882076e-02
6.655564550310373584e-02
6.648929126560687575e-02
6.527625437825917976e-02
5.778578754514455962e-02
6.675707034766674430e-02
6.284046288579701878e-02
6.839501313865184451e-02
5.969686523079872215e-02
6.733424626290798742e-02
6.467902325093746740e-02
6.507093343883753322e-02
6.162370942533015872e-02
6.203855570405721748e-02
6.109542224556207407e-02
6.065588753670454053e-02
6.265441890805960312e-02
5.682125844061374637e-02
6.169473465532064604e-02
5.706536207348108375e-02
7.453594416379928644e-02
5.922378979623317552e-02
7.963710293173789645e-02
6.065502785146236614e-02
7.432648561894893147e-02
6.349917128682136536e-02
6.339030206203460915e-02
5.970241535454988424e-02
6.130839720368385509e-02
6.536078695207833689e-02
6.034351333975791765e-02
6.742576718330382801e-02
5.624191522598266657e-02
7.412002809345721865e-02
6.266707561910152269e-02
6.125641644001007108e-02
6.122958913445472606e-02
5.674240153282880672e-02
5.757194239646196143e-02
6.563387859612702935e-02
7.242441192269324923e-02
6.017922863364219555e-02
6.521682463586329914e-02
6.318039271980524507e-02
5.401595912873744659e-02
7.267957899719476589e-02
6.290762849152088665e-02
5.771602053195237780e-02
6.438711833208798918e-02
