4.589561640977859902e+00
6.203662817716598887e+00
6.421492520093917911e+00
3.828530919849872483e+00
3.219000938117503985e+00
2.171660552054643478e+00
1.758151160210370989e+00
1.189095862224698097e+00
8.351531924903392579e-01
5.984880241453647276e-01
4.652226879894733602e-01
3.497137382477522038e-01
2.739984245672821839e-01
2.861150141209363729e-01
2.146216579563915705e-01
1.755138708017766613e-01
1.699684568066149870e-01
1.681598747260868443e-01
1.383843438848853247e-01
1.271539326906204193e-01
1.358971807677298860e-01
1.236829500608146171e-01
1.297951855547726241e-01
9.835753937624394649e-02
1.077558819595724332e-01
9.066248522326350590e-02
1.136894907299429158e-01
8.147380365990102014e-02
1.055322581920772745e-01
9.634739350527525559e-02
8.067325198464095348e-02
8.718162276782095987e-02
9.843253317475318676e-02
9.510201435163617711e-02
1.205978724695742077e-01
9.200317089259624215e-02
8.297460014931858086e-02
8.353985138237476904e-02
8.438300595618784816e-02
8.727241665124893522e-02
9.970891172997653484e-02
7.792730461061000979e-02
8.375147907435893935e-02
8.237693849205970920e-02
8.189389263838529887e-02
9.161051518656312953e-02
9.510470807366072643e-02
8.942553007975220791e-02
7.383939467370509435e-02
8.032877510599792381e-02
9.655727592110634194e-02
9.792715559341012843e-02
8.161469784006476769e-02
7.474868459627032058e-02
8.409314199723302852e-02
9.405695702321827112e-02
7.575207340903580833e-02
8.199246704578400102e-02
8.488803651928901461e-02
8.752080534957348834e-02
8.448024674318731220e-02
8.319365299306809292e-02
7.274713418819010735e-02
8.192167726345360446e-02
8.071825269050895979e-02
7.399433320201932729e-02
7.708709612675011813e-02
7.288490739092230719e-02
8.314878671430050994e-02
7.854996089264749959e-02
1.073133686073124426e-01
8.780083008110523002e-02
1.051701934356242402e-01
7.879444828629493525e-02
9.115311729349195868e-02
8.172080848366021499e-02
7.341577090509235348e-02
7.261406399309634774e-02
7.682613250613212763e-02
8.310025371797383209e-02
8.078706367500126939e-02
8.162234718911350051e-02
7.275464014895260956e-02
9.169104688428342254e-02
7.700453558191656944e-02
7.258989634178579509e-02
7.081362869963049589e-02
6.942634255997837123e-02
8.436280720494687690e-02
7.705167992785573461e-02
8.379865481890738654e-02
7.340296036005020119e-02
7.608354537561536068e-02
7.612293628416955116e-02
8.231596501544118094e-02
9.571839781664312485e-02
7.477481941692530609e-02
6.989444364607334814e-02
7.924557793699205099e-02
7.637456233985721876e-02
