8.697918321316440438e-02
7.600540382166703912e-02
7.282563531771302223e-02
6.992569218079248972e-02
6.777211812635262900e-02
6.815797596548994752e-02
6.600621088097492761e-02
6.833884340400496471e-02
6.709037637338041704e-02
6.562123325032492849e-02
6.362774219984809743e-02
6.686612181365489405e-02
6.645571306968728331e-02
6.466029509902000705e-02
6.451550501709182872e-02
6.160467634908854684e-02
6.342030408171316080e-02
6.074317721650004248e-02
6.410749005153774938e-02
6.272631003521382531e-02
6.438854474884768420e-02
6.093378996786971702e-02
5.575736427369216985e-02
6.406271602027117928e-02
6.333291844154396999e-02
6.321683968417346478e-02
6.139480496446291652e-02
6.213423735462129255e-02
6.086960285902023177e-02
6.050356434037287845e-02
6.051972485147416592e-02
6.166951507329940935e-02
6.061646587525804791e-02
6.154074600587288585e-02
6.212437534704804559e-02
6.289190643777449463e-02
6.045867529076834335e-02
5.833076254154245105e-02
6.206625405078133179e-02
6.087206363057096753e-02
6.109799770638346672e-02
6.013457830995320996e-02
6.127518687086800503e-02
5.815896911857029034e-02
5.804242651599148678e-02
5.728399284804860936e-02
6.059780819341540475e-02
5.788223051155606813e-02
5.584370883492131843e-02
5.781665976780156480e-02
5.942315813153982440e-02
5.935201385679344382e-02
5.932747856713831147e-02
5.552515423235793862e-02
5.635087884341676706e-02
5.795505979719261375e-02
5.982840255213280750e-02
5.772784990258515020e-02
5.708321055086950507e-02
5.952198555072148872e-02
5.702625334573288574e-02
5.894037879382570816e-02
5.751747642643749436e-02
5.593098218863209320e-02
5.885321892177065167e-02
5.664351799835761619e-02
5.412323845860858573e-02
5.881153191439807137e-02
5.789528852328658381e-02
5.476227200900515152e-02
5.929375250513355122e-02
5.397002735796074119e-02
5.830453479041655673e-02
5.624566121647755351e-02
5.558449762562910762e-02
5.468752269322673526e-02
5.615980642226835184e-02
5.851727992606659684e-02
5.752853485755622664e-02
5.736804773720602380e-02
5.639668313475946354e-02
5.756571927728752064e-02
5.703238483207920956e-02
5.699312163827319894e-02
5.413284652555982318e-02
4.918094342574477057e-02
5.610324420655767030e-02
5.599805020416776663e-02
5.712671816969911581e-02
5.669914823956787725e-02
5.526076122187077722e-02
5.717379551691313677e-02
5.572813809849321703e-02
5.229690332586566653e-02
5.492304276364545074e-02
5.346323122891286778e-02
5.471057177831729207e-02
5.546871580493947101e-02
5.806289527875681949e-02
5.836879795727630688e-02
5.540168466977775374e-02
5.605600904673337798e-02
5.739169156489273144e-02
5.686102399292091575e-02
5.568169814844926152e-02
5.571388591391344958e-02
4.888177060832579746e-02
5.612794853126009537e-02
5.369025892578065118e-02
5.548996110446750840e-02
5.455561876296997209e-02
5.552023000394304408e-02
5.626469791556398120e-02
5.624930045257012234e-02
5.592274758964776993e-02
5.297109244080881046e-02
5.519960730647047176e-02
5.396273958807189935e-02
5.499251289293170114e-02
5.164598779131968770e-02
5.497933272272348404e-02
5.453050058955947327e-02
5.609074312572678161e-02
5.316646471619605741e-02
5.561940198143323216e-02
5.556841039409240318e-02
5.442438991740346232e-02
5.319695913543303484e-02
5.420590133095781055e-02
5.417149655210475034e-02
5.396953616291284839e-02
5.340743750954667773e-02
5.541724772192537646e-02
5.581723102368414680e-02
4.532500991287331110e-02
5.588474905428787026e-02
5.359016804335017814e-02
5.391435197864969525e-02
5.427510190444687771e-02
5.034836662622789449e-02
5.506224425820013119e-02
5.354382190853357315e-02
5.364667119768758846e-02
5.450164903886615952e-02
5.379170407541096488e-02
5.453189226488272534e-02
5.271908561699092249e-02
5.498979088539878574e-02
5.437230047148963047e-02
5.299504509506126199e-02
4.580253086363275661e-02
5.288185382572312826e-02
4.895235407166183272e-02
5.531665862848361009e-02
5.407317032416661395e-02
5.097432465602954460e-02
5.319167456279198097e-02
5.231086434796452383e-02
4.724400259243945188e-02
5.286943376995623112e-02
5.309903447826703343e-02
5.085325621378918720e-02
5.076496062489847111e-02
5.494122539336483008e-02
5.335870399139821391e-02
5.330921850788096494e-02
5.202808367709318982e-02
5.398314720951020995e-02
5.160289040456215309e-02
5.242541666763524122e-02
4.968390162102877955e-02
5.287122307345271111e-02
5.459625149766603874e-02
5.296207879049082828e-02
5.261314865201711932e-02
5.333434751567741466e-02
5.231866513689358705e-02
5.506538081293304437e-02
5.095013971440494338e-02
5.122227421961724619e-02
4.968264061026275019e-02
5.496685279843707694e-02
5.242145437126358165e-02
5.002594133839011192e-02
5.235382177246113850e-02
5.279419937481482500e-02
5.181399572951098098e-02
5.249046917694310393e-02
5.385481184348463873e-02
4.938546304280558991e-02
5.132225551642477512e-02
5.349716874770819863e-02
5.085492599755525589e-02
5.241456126483778205e-02
5.283799148164689680e-02
5.373144272404412752e-02
5.053291171789169034e-02
5.142314005643129626e-02
5.262294203663865633e-02
5.022321338765323162e-02
5.135646372412641658e-02
4.939899439923465391e-02
4.829571405425667902e-02
5.452940557152032713e-02
5.234501233013967580e-02
3.956296299584209641e-02
5.270423322605589933e-02
5.110281328670680800e-02
4.823402293647328920e-02
5.336733035122354779e-02
5.076043835530678200e-02
5.337322613534827703e-02
5.316630938711265630e-02
5.279240918656190329e-02
5.271579852948585915e-02
5.059840148314833502e-02
5.132381827570497990e-02
4.977845302782953063e-02
5.007177585115035051e-02
5.196803656096259799e-02
5.199098616528014666e-02
4.830657994995514459e-02
5.005526176343361860e-02
4.917188783486683978e-02
4.994175882699589120e-02
5.350260956523319317e-02
5.126595318627854420e-02
5.298083362480004305e-02
5.212711350371439928e-02
5.236453339457512041e-02
5.096265912676851279e-02
5.148721908529599323e-02
5.251672047500809126e-02
4.569845055229961733e-02
5.207691656736036095e-02
5.123083296542366161e-02
4.901504412603874955e-02
5.057778873791297231e-02
5.254734611759583063e-02
5.159835526719689508e-02
5.145763798306386000e-02
5.310174160016079697e-02
5.098821572028100491e-02
5.332035475100080357e-02
5.033102765058477396e-02
4.859348335303366462e-02
5.203560072307785583e-02
5.047475155442952832e-02
4.987486062260965830e-02
4.735071674610177861e-02
5.149253091464440352e-02
5.034504220820963660e-02
5.156673205395539278e-02
5.271293247739473886e-02
5.074593634344637394e-02
5.016429334258040024e-02
5.241420144836107797e-02
5.240904549136757989e-02
5.163226883548001356e-02
5.223436628778775626e-02
4.936282148895164423e-02
4.891164492194851471e-02
5.182215537255008969e-02
5.088605398001769947e-02
4.953801870966951376e-02
4.988305596634745598e-02
5.249415384605526924e-02
4.673921799597640508e-02
5.141825963122149262e-02
5.160818467848003049e-02
5.004539604609211517e-02
5.143112697017689777e-02
5.067130468475321975e-02
5.100288147417207651e-02
5.172921603855987205e-02
5.147565930771331316e-02
5.038484213873743733e-02
4.296183336215714937e-02
4.930771600144604611e-02
5.271074445918202261e-02
5.081836335981885361e-02
4.878159984946250916e-02
4.798499356644848890e-02
4.826460899785160741e-02
5.260605335546036238e-02
4.674243476862708496e-02
4.924009982496500154e-02
4.972615248213211464e-02
4.966692517821987701e-02
5.221603576404353075e-02
4.921118238319953375e-02
4.950418175819019245e-02
5.037896386347710809e-02
5.098246152823170119e-02
5.157384018724163466e-02
4.783425441322227550e-02
5.251915479699770933e-02
4.768490213900804242e-02
4.970794431865215024e-02
5.098756199392179972e-02
4.876581529776255475e-02
5.031734476797282418e-02
5.025949006279309406e-02
4.545296236562232361e-02
4.839676995761692246e-02
5.086500823187331544e-02
4.549566976105173105e-02
5.133853130973875523e-02
4.925335446993509697e-02
5.145910852588712892e-02
5.028044076946874136e-02
5.004340970578292913e-02
5.009313357683519569e-02
5.028209866334994865e-02
4.710624874569475928e-02
5.095807823042074886e-02
5.077184635835389065e-02
5.053675315963725156e-02
4.800970757690568858e-02
5.177864291084309512e-02
4.998652194626629353e-02
4.996753775825103078e-02
5.031924553525944643e-02
4.779187003150582591e-02
4.938744160657127652e-02
5.054919687099754949e-02
4.878194049621621675e-02
4.951665485277771672e-02
4.853147960578401560e-02
5.069863256067037860e-02
4.769937999856968536e-02
5.058244373649358611e-02
4.886765577830374380e-02
4.681628076359629909e-02
5.002459540652732378e-02
4.957252868140737262e-02
4.902653717435896674e-02
4.905341677367687503e-02
4.884218019433319430e-02
5.115490169264376441e-02
5.023483973927796165e-02
5.049995312777658119e-02
4.917853625180820809e-02
5.061701508238911768e-02
5.121021188485126024e-02
4.974752664566040039e-02
4.875692743808031360e-02
5.046660426693658219e-02
4.950255464452008730e-02
5.074891280382871905e-02
4.939006905381878448e-02
4.942122555027405467e-02
4.827613060673077716e-02
4.824824064659575390e-02
4.661877979524433474e-02
4.918036209419369975e-02
5.129005151490370618e-02
5.007266046789785041e-02
4.746026727370918075e-02
4.864564465048412667e-02
4.671950565340618478e-02
4.913654934304455962e-02
4.803791823796928206e-02
4.990988274415333881e-02
4.797450494952500144e-02
4.961585273655752526e-02
5.033118200177947449e-02
5.054911871751149172e-02
4.898914427806933675e-02
4.948271101651092324e-02
5.077404409336547242e-02
5.079197731489936557e-02
4.949681484140455723e-02
4.846609219287832671e-02
5.053082789915303713e-02
5.013576957086721825e-02
4.861263255588710308e-02
5.027730775376160893e-02
4.945330006691316810e-02
5.053039531533917023e-02
4.967442903046806468e-02
4.830171318414310661e-02
4.925013909426827902e-02
5.069284071214497089e-02
4.809681765424708710e-02
4.942761212587356429e-02
4.945708738329510079e-02
4.554677385215957774e-02
4.483135932435591831e-02
5.031569468167920722e-02
4.638663236983120441e-02
4.945963897431890355e-02
4.096163217909633975e-02
5.116347664346297675e-02
4.862420583764712201e-02
5.088195535354315957e-02
5.043832440860569755e-02
4.650190908772249693e-02
4.746159429972370697e-02
4.781616868761678213e-02
4.963061381131410321e-02
5.027525302333136353e-02
4.886850019296010150e-02
5.033447844907641688e-02
5.002713017165660858e-02
4.742346730393667831e-02
4.899623274492721087e-02
4.941092420679827485e-02
4.981352367127934999e-02
4.985941667109727859e-02
4.718848175058762417e-02
4.892867701128125052e-02
4.519849868180850910e-02
5.012722072812417912e-02
4.826920654935141358e-02
4.932904513552784781e-02
4.978941576555371423e-02
4.533721961391468797e-02
4.775979908493657722e-02
4.885924989357590814e-02
4.937837252703805579e-02
4.790310946603616032e-02
4.991260763878623691e-02
4.836269728839397153e-02
4.694466983589033054e-02
4.755445319848756319e-02
4.778073625639080863e-02
4.852325036190450330e-02
4.681278684486945424e-02
4.679626198485493938e-02
4.889088120932380543e-02
4.737337484645346569e-02
4.838589788414537907e-02
4.754435783252120018e-02
4.730489404561619149e-02
5.038157634747524732e-02
4.948734082281589647e-02
4.742618659511208673e-02
4.849277972243726254e-02
4.808715940453112125e-02
4.948616665787995000e-02
4.815758041416605406e-02
4.951411364600062648e-02
4.966284412269791199e-02
4.782529460887114531e-02
5.044068355734149939e-02
4.787942029846211506e-02
4.788132923034330024e-02
4.932083184830844680e-02
4.753940079050759243e-02
4.732690829162796570e-02
5.024070396708945480e-02
4.778388668783008913e-02
4.983342114525536604e-02
4.817198839349050993e-02
4.820684883743524274e-02
4.977664339045683589e-02
4.915771833620965342e-02
4.471229941894610399e-02
4.682118436321616034e-02
4.802417688382168426e-02
4.695920695861180438e-02
4.938319789556165629e-02
4.774022102355957031e-02
4.900922832700113640e-02
4.649161157819132334e-02
4.723744865817328109e-02
4.858816657215356966e-02
4.316958080356319422e-02
4.859104187538226122e-02
4.904824729698399610e-02
4.843177208676933965e-02
4.852930014021694660e-02
4.665670180693268915e-02
4.982492849230766435e-02
4.824252996283272948e-02
4.898971643609305315e-02
4.955942183732986450e-02
4.808023714770873203e-02
4.534111370642979894e-02
4.925351821196576052e-02
4.732238010813792639e-02
4.727592823716501164e-02
4.392523767116169459e-02
4.984502314279477125e-02
4.808655749075115005e-02
4.621748820257683826e-02
4.746327490235368457e-02
4.990472391558190002e-02
4.451886764727532725e-02
4.927035526682933125e-02
4.926531462309260978e-02
4.522109068930148940e-02
4.750761101022362570e-02
4.916759423601130968e-02
4.999696416780352592e-02
4.488501069135963917e-02
4.776778096954027719e-02
4.907999817902843065e-02
4.721556815008322305e-02
