1.486395379602909017e+00
3.382260646919409419e-01
1.432487941036621748e-01
1.074346078932285342e-01
8.525878566006819814e-02
7.907218938693404142e-02
7.706325033679604919e-02
7.058303436264395936e-02
7.225532339885830380e-02
7.540597178662816757e-02
8.076933606217305550e-02
6.563740479449431398e-02
6.755056358252962967e-02
7.160336013883351891e-02
6.788698341076572496e-02
7.395755071813861492e-02
6.894238856310645758e-02
6.827917228763302759e-02
6.504556744048993477e-02
6.448953569556276078e-02
6.843959117929140912e-02
7.529428319384653956e-02
8.597294558460513714e-02
6.291548236583670295e-02
7.428898919994632311e-02
6.612220206608375450e-02
6.496914608404040503e-02
6.555972712735334829e-02
6.984814869239926172e-02
6.813405112673838471e-02
6.756941845640540567e-02
6.300851101055741921e-02
6.469783601040642040e-02
6.415821847816308154e-02
6.316952047248682034e-02
6.424267534787456158e-02
6.486618477851152642e-02
6.548241068298618628e-02
6.373315405721466376e-02
6.390851721788445849e-02
6.472747624541322353e-02
6.261427121857801592e-02
6.728596814597646858e-02
7.848927010471622168e-02
7.173186559850970589e-02
7.030398440236847180e-02
6.486171122019489255e-02
6.551420968646803900e-02
6.824645072842637494e-02
6.929905782143275239e-02
6.396729467436670924e-02
6.540440665557981093e-02
6.366193112606803595e-02
7.034225328514973063e-02
7.214283581202228512e-02
6.020099169885118756e-02
6.055140469844142587e-02
6.754578659931818885e-02
6.825118260458111485e-02
6.696028449262181326e-02
6.230126917362212996e-02
6.307278945421179728e-02
6.357559924945235807e-02
6.171583684161305317e-02
6.067508390173315808e-02
6.324875067298610376e-02
6.317473272482554414e-02
6.294180016964673330e-02
6.283008549983302993e-02
6.621028983344634522e-02
6.053806416069467539e-02
6.862413108348847102e-02
6.195267887165149118e-02
6.417981449514627290e-02
6.376792618383964051e-02
6.270324092979231989e-02
6.624453405849635435e-02
6.068815663456916809e-02
6.078412957489490176e-02
6.340257493779062614e-02
6.976259856174389651e-02
6.086207032824555996e-02
6.679515133301416885e-02
6.444509059811631690e-02
6.669316683585445327e-02
6.718951409993072221e-02
6.424618247275551419e-02
6.579134165619809904e-02
6.500850866859157751e-02
6.078802201276024136e-02
6.184712740282217319e-02
5.968378191813826505e-02
6.697334407518307220e-02
6.614829215531548012e-02
7.098181035369634240e-02
6.572965582211812152e-02
6.802684796974062253e-02
6.292532593632738092e-02
6.109024061510959919e-02
6.243634254361192515e-02
6.608523998409510103e-02
5.797906043007969995e-02
6.041826140135526935e-02
6.011232273653149827e-02
6.672433933864037325e-02
6.256263225028911579e-02
6.927926839018860861e-02
6.151668174192309602e-02
5.956519303843379326e-02
6.191998735691110062e-02
6.118233195816476927e-02
6.492915207209686013e-02
6.247028508534033936e-02
5.902387339621781998e-02
5.977693651492396731e-02
6.068705320668717207e-02
6.379907811991870903e-02
6.043958161026239534e-02
6.102057922631502068e-02
6.346125346918900234e-02
6.128656261910994663e-02
6.093591521804531119e-02
5.926342905188600185e-02
6.223722489240268718e-02
6.594581913203001466e-02
6.018932685876886290e-02
6.004770693058768954e-02
6.437432150046031032e-02
6.097191574672857634e-02
6.914385502226651214e-02
6.126976029326518247e-02
6.097611856336394853e-02
5.955069599673151748e-02
6.136003096898396542e-02
6.682050097733735483e-02
5.941290509576598738e-02
5.768077786390980038e-02
6.129977839067578260e-02
6.200402854010463038e-02
6.275586691995461985e-02
5.858209636062383652e-02
6.068039366975426507e-02
5.914126402388016068e-02
6.477422325561443817e-02
5.980190255368749569e-02
6.572226241851845951e-02
5.958834267531831763e-02
5.819201009348035081e-02
6.771091536929209342e-02
6.381736385946472356e-02
5.692910959633688123e-02
6.306350572034716273e-02
6.221891608089208381e-02
5.859784408782919146e-02
5.890627926836411454e-02
6.442639910305539286e-02
5.890822381402055496e-02
6.164467498660087391e-02
7.294627796237666828e-02
5.989185679083069286e-02
6.563620379194617938e-02
6.451910716171066484e-02
6.766309055810172668e-02
5.817810423982640311e-02
5.617539048194885448e-02
5.639390085513393269e-02
6.301838956152398807e-02
5.756705306470394357e-02
5.946090916792552000e-02
5.831958413124084528e-02
6.584946984114746493e-02
5.692301638424396293e-02
5.766334169233838791e-02
6.514683629075686266e-02
6.117697619522611402e-02
6.054773958399892186e-02
5.808783330023288560e-02
5.736574360479911039e-02
6.241154292598366515e-02
5.993642647440234478e-02
6.433837157984574617e-02
5.659754797195394593e-02
5.832814082503318814e-02
6.507833428060015579e-02
5.814239498538275458e-02
5.987046465898553799e-02
5.949963189040621131e-02
5.796118886520465474e-02
5.722459360957145996e-02
6.966239862764875279e-02
6.251015419140458496e-02
5.762977181623379214e-02
5.923020114811758385e-02
6.437814030175408042e-02
5.634052508821089933e-02
5.837263228992620873e-02
6.804338695481419730e-02
6.143630899488925629e-02
5.928356223429243066e-02
7.212383062268297451e-02
6.094769624061882607e-02
6.980494288106758871e-02
6.266779937781392917e-02
5.756591818916301229e-02
5.898925133670369914e-02
6.817910579033195639e-02
5.628389564653237670e-02
5.821310014774402214e-02
6.412836287170647909e-02
5.771167537818352317e-02
5.802087310701608408e-02
5.957603106896082468e-02
5.775249229744076895e-02
6.092784713022410953e-02
6.314279943083724034e-02
5.930217092235882947e-02
5.684568979777395586e-02
6.001929080113768689e-02
6.095793480363984745e-02
5.951001626439392234e-02
5.880390755832195365e-02
6.329016579315066560e-02
6.570489433904488918e-02
5.766195183619857167e-02
6.582025925939281874e-02
5.672138142709930858e-02
6.010975557689865467e-02
5.845545081732173714e-02
5.746998622703055476e-02
5.887245659405986736e-02
5.755676060914993036e-02
6.417719773637751979e-02
6.372851847360531952e-02
6.639162343926727217e-02
5.902157383039594030e-02
5.747491274960338931e-02
5.663193408399820605e-02
6.076581610677143225e-02
5.748204971353212955e-02
5.839844224974512915e-02
5.852481161554654726e-02
5.702365370467304961e-02
5.705000191926955927e-02
5.719367206717530794e-02
6.057625834519664298e-02
6.092813592093686281e-02
5.852192060401042312e-02
5.761870967845122288e-02
5.938284880171219166e-02
6.345690536312759145e-02
6.403298346325754509e-02
6.108125142753124265e-02
5.880124225591620152e-02
5.851960029453039114e-02
6.280603026971220970e-02
5.978774612769484353e-02
5.950520748893419615e-02
5.616043635954459656e-02
5.822209633886814284e-02
5.869877986609935844e-02
5.988225408829748325e-02
5.774005796139439206e-02
5.906298497691750415e-02
5.872149818887312939e-02
5.612508518000444008e-02
6.525509291949371793e-02
5.794373398025830929e-02
6.543546992043654253e-02
5.861409376685818018e-02
5.386508346224824773e-02
5.730963220819831200e-02
5.827599151059985327e-02
5.627067770808934916e-02
5.739611504599451824e-02
5.732417716334263502e-02
5.980593732558190517e-02
5.641374429377416649e-02
6.581602935368816021e-02
6.373529610224068498e-02
5.526689885805050745e-02
6.059533441439270834e-02
5.938764346142610256e-02
6.669791658719380345e-02
6.079695866443216717e-02
5.683568966264525985e-02
6.813876023516059199e-02
6.222085871423284342e-02
5.893632475286722516e-02
6.258036439617474522e-02
5.625127085795005033e-02
5.690976384406288419e-02
5.985356278717517825e-02
5.877437786509593504e-02
5.808241068075100516e-02
5.607516962413986589e-02
6.461597668627898361e-02
5.682242025931676099e-02
6.112907048004368599e-02
5.691826426424086149e-02
5.698668321594595881e-02
5.859856187055507981e-02
5.687079544179141771e-02
6.418607196460167363e-02
6.369500591109196475e-02
5.730498004704713544e-02
5.778541006147861619e-02
6.286381516605615838e-02
5.798150635634859162e-02
6.047639706482489663e-02
5.764426030839482629e-02
5.839981456597646142e-02
6.186356937512755422e-02
6.006373823930819672e-02
5.638586797441045434e-02
6.035054464824497755e-02
6.116077727327744185e-02
5.727176321049531199e-02
6.157834129408001900e-02
6.096395141134659107e-02
5.848491389304399241e-02
5.863604279235005295e-02
5.739150632793704743e-02
5.821307146300871982e-02
6.140407511653999534e-02
5.664933687075972280e-02
6.178786454101403702e-02
5.633838415145873968e-02
5.623352498126526350e-02
6.439898530021309631e-02
5.798110817248622317e-02
6.079368681957324216e-02
5.888943094139297701e-02
5.959621474146842984e-02
6.475184086089333380e-02
5.869602611909310180e-02
5.994047528753677911e-02
6.172572099914153121e-02
5.929040490339199804e-02
5.663176343465844975e-02
5.950815008332332318e-02
5.802731138343612122e-02
5.692446904877821595e-02
6.109678677593668311e-02
5.649084954212109377e-02
5.636370205009977319e-02
5.747730304176608407e-02
5.446463338409861243e-02
5.689308372326195434e-02
5.995883543665210536e-02
5.668369977424542183e-02
5.640853814159830365e-02
5.600935876990358053e-02
6.176098670189579531e-02
5.976398957893252345e-02
6.670415840111672268e-02
5.454680397796134173e-02
5.923484936356544772e-02
5.919587699075539583e-02
6.020097321830689824e-02
5.973704968268672699e-02
6.002454155124723606e-02
5.868569569662213103e-02
6.348170628150304196e-02
5.768428024835884488e-02
6.584919333147505605e-02
5.599689754967888261e-02
5.502457697254915792e-02
5.545968405902385739e-02
6.179671513537565719e-02
5.673998815317948807e-02
5.637461457401513748e-02
5.583901826292276410e-02
5.835652877887090306e-02
5.861229740704099189e-02
5.737823691219091221e-02
5.679268132895231441e-02
6.180055042107900076e-02
5.882301933442552616e-02
5.622695878148079029e-02
5.835745221624771828e-02
5.664454079853991492e-02
6.007605096946160017e-02
5.481028679137428528e-02
5.515840778127312910e-02
5.974117008348305696e-02
6.066526339699824383e-02
5.619693368673324418e-02
6.599779690926273201e-02
6.043378996973236550e-02
5.857678122818470168e-02
6.475453092095752317e-02
5.687935318797826545e-02
7.259805306792259383e-02
5.778952846303582469e-02
6.019340480988224357e-02
5.757112919663389533e-02
5.514276931062341014e-02
6.213219948423405470e-02
5.728258470694223836e-02
6.107609742321074009e-02
5.584424428020914183e-02
5.995900332306822178e-02
5.704845851908127430e-02
5.818011354034145766e-02
5.797206347187359998e-02
5.847898171593745448e-02
5.899526250859101623e-02
5.856742735331257194e-02
5.553060898557305586e-02
5.569097346315781544e-02
6.740210908465087136e-02
6.151799363394578474e-02
6.363620818282167413e-02
5.853039471432566754e-02
5.522862410172819925e-02
5.805209149296085280e-02
5.686140709867080340e-02
6.355375915765762440e-02
5.897268882021308029e-02
6.383959254870812117e-02
6.078918910274903192e-02
6.317424227173129569e-02
5.564068840506176256e-02
5.984944082175691626e-02
6.203324034810066279e-02
5.603049045739074557e-02
5.965402724221349068e-02
5.772822787364324110e-02
6.153995900414883924e-02
6.009018015116453226e-02
5.863162111490964612e-02
5.698067383840679789e-02
5.639010751309494335e-02
5.744126406187812645e-02
6.354661047148207897e-02
5.637582294022043528e-02
5.892334625124931446e-02
5.759875234216451506e-02
5.625160275027155793e-02
5.944225989903013235e-02
5.496083641424775318e-02
5.791266787486771400e-02
5.588884644831220577e-02
5.718611885793507127e-02
5.659974432860811339e-02
5.532364665841062873e-02
6.032880400307476243e-02
6.035947508489092339e-02
5.618002069493134576e-02
5.660356517260273224e-02
5.668764987339575817e-02
5.684083657960097014e-02
5.798615361253420253e-02
6.161285415291786055e-02
5.618064189329743247e-02
6.072090198596318683e-02
5.930844958871603345e-02
5.756067742283145494e-02
5.677099918636183129e-02
6.309002198278904072e-02
5.624006822084386820e-02
5.729660176051159376e-02
5.585474409162997922e-02
5.782607922951380625e-02
5.578557802364229878e-02
5.570895599201321907e-02
5.769198771566152323e-02
5.755923225544393174e-02
6.750584883615375065e-02
5.665924459074934277e-02
5.544733249892790788e-02
5.791553866118192423e-02
5.864356651902198625e-02
6.136207659107943690e-02
5.681445239111781315e-02
5.846950721306105186e-02
5.428925597419341498e-02
5.495935015380382788e-02
6.022857044513026809e-02
5.447251750777164919e-02
5.592742465436458671e-02
5.933937304342786628e-02
6.003542142609755161e-02
6.178049332772692082e-02
5.606263742471735007e-02
5.858857466528812757e-02
6.111150912630061022e-02
5.941709760576486393e-02
5.526874247627953929e-02
5.958717533076803019e-02
5.880747541785240340e-02
5.593355101222793196e-02
6.841387003039320347e-02
5.555717075243592207e-02
5.727829592923323193e-02
5.624995355183879525e-02
7.124557501326005127e-02
5.772460540446142097e-02
5.558277689541379907e-02
6.068776993701855554e-02
