5.815396987833082454e-02
3.452173676341771871e-03
2.301706140860915097e-03
1.799739731941372165e-03
1.530529682058840921e-03
1.291831696871668022e-03
1.143035176210105463e-03
1.043952360050752785e-03
9.449146629776806073e-04
8.556045126169919751e-04
8.077708224300295418e-04
7.435024087317287445e-04
7.227640610653906800e-04
6.671163381543010430e-04
6.295392743777484179e-04
6.090861733537166920e-04
5.780598754063248114e-04
5.448075674939900767e-04
5.280350422253831787e-04
5.043831665534526283e-04
4.828156565781682903e-04
4.633551102597266262e-04
4.413144331192598007e-04
4.428653139621019450e-04
4.233559250133112160e-04
4.119553166674450148e-04
4.037729889387264783e-04
3.851797297829762166e-04
3.767917159711941882e-04
3.671194950584322431e-04
3.597197082126513275e-04
3.497553296620025992e-04
3.406007518060505585e-04
3.343089210102334770e-04
3.234781400533392960e-04
3.238747187424451004e-04
3.152354236226528796e-04
3.059687203494831833e-04
2.957570471335202390e-04
2.962340967496857199e-04
2.907849109033122919e-04
2.838673611404374177e-04
2.837258484214544275e-04
2.744657202856615142e-04
2.667911045136861720e-04
2.591669515823014189e-04
2.644246793352067687e-04
2.571345036267302800e-04
2.544366745860315946e-04
2.478760629310272612e-04
2.443784239585511647e-04
2.420548265217803354e-04
2.378078643232584000e-04
2.329214446945116032e-04
2.333629032364115065e-04
2.303516847314313087e-04
2.194944780785590367e-04
2.278159477282315590e-04
2.181216937606222949e-04
2.206827202462591307e-04
2.156693214783444990e-04
2.156551787629723419e-04
2.103589475154876817e-04
2.079703108756802900e-04
2.032697148388251586e-04
2.034035947872325724e-04
1.981817523483187004e-04
1.975353428861126358e-04
1.962406281381845377e-04
1.929021030082367371e-04
1.922951638698577751e-04
1.945246860850602475e-04
1.878971734549850150e-04
1.874852989567443815e-04
1.839975561597384415e-04
1.851826219353824973e-04
1.821151690091937661e-04
1.831087705795653219e-04
1.782323321094736403e-04
1.751980074914172346e-04
1.729007865651510667e-04
1.759188153664581402e-04
1.740431593498215058e-04
1.746013123192824467e-04
1.712323239189572524e-04
1.646563681424595546e-04
1.676968249375931995e-04
1.666569430381059636e-04
1.645275339251384009e-04
1.624069438548758518e-04
1.625522595713846483e-04
1.587307354202494036e-04
1.589362422237172777e-04
1.599738892400637399e-04
1.577008934691548467e-04
1.549908629385754466e-04
1.543420762754976847e-04
1.541014754911884633e-04
1.526235227356664717e-04
1.518048031721264211e-04
1.508806567289866409e-04
1.508797961287200538e-04
1.489325513830408454e-04
1.456845179200172403e-04
1.468209052109159432e-04
1.449725826387293572e-04
1.443256519269198082e-04
1.474304057774133959e-04
1.426731780520640400e-04
1.436322700465097948e-04
1.430644339416175951e-04
1.411459947121329660e-04
1.404353039106354063e-04
1.386120103416033133e-04
1.390890881884843024e-04
1.354317442746832913e-04
1.340360270114615646e-04
1.376240164972841794e-04
1.370776409748941627e-04
1.342839025892317230e-04
1.325963067938573702e-04
1.345067785587161704e-04
1.333274081116542318e-04
1.318456880107987596e-04
1.313165271130856029e-04
1.312703041185159149e-04
1.312559797952417284e-04
1.289376955537591227e-04
1.283016915840562346e-04
1.279571051418315695e-04
1.274169876705855229e-04
1.242127524164970910e-04
1.288071979070082339e-04
1.281896923319436621e-04
1.224995293887332158e-04
1.251659769332036300e-04
1.243274645821657108e-04
1.243487250758335038e-04
1.230983612185809859e-04
1.219985130592249399e-04
1.232659257948398579e-04
1.209759546327404651e-04
1.187482451496180082e-04
1.210174974403344041e-04
1.213027871563099265e-04
1.198702013061847505e-04
1.183166274859104371e-04
1.193641584541182933e-04
1.168053029687143835e-04
1.175108015013393020e-04
1.153083158715162410e-04
1.152254265616647834e-04
1.165873670834116686e-04
1.158360573754180223e-04
1.161207072436809572e-04
1.143881762982346134e-04
1.157738041365519199e-04
1.156590344908181589e-04
1.132573104405310054e-04
1.117470217286609162e-04
1.123787912365514850e-04
1.125388867512810997e-04
1.106258299842011238e-04
1.106076189898885814e-04
1.114305840746965216e-04
1.108196447603404522e-04
1.098192001518327705e-04
1.083702329196967212e-04
1.099956184043548980e-04
1.082667741866316690e-04
1.085795370454434267e-04
1.086167537141591376e-04
1.083363202633336219e-04
1.075113624392543031e-04
1.060662405507173362e-04
1.050890154147055054e-04
1.080131635535508405e-04
1.053233582933899059e-04
1.063941641768906271e-04
1.049753249390050823e-04
1.038268515549134485e-04
1.053843302361201533e-04
1.041035295929759752e-04
1.034315652213990694e-04
1.037928751611616506e-04
1.037675791303627226e-04
1.014855144603643593e-04
1.021516777109354713e-04
1.008760285913012976e-04
1.010922409477643723e-04
1.010042292182333805e-04
1.007900440890807637e-04
1.011048308282624974e-04
9.963195450836792968e-05
1.004263616050593490e-04
1.013345242245122855e-04
1.003936986671760738e-04
9.929275678587146158e-05
9.919135802192613103e-05
9.891118184896186211e-05
9.897748212097213052e-05
9.815850571612828022e-05
9.787304661585949090e-05
9.652726497733965028e-05
9.803392516914755160e-05
9.758135158335789930e-05
9.619479358661919670e-05
9.629055435652844283e-05
9.569688394549302811e-05
9.654704277636482986e-05
9.684664095402695564e-05
9.611165558453648849e-05
9.542917934595606571e-05
9.580732817994430607e-05
9.677055539214051826e-05
9.607565982150845663e-05
9.403559321071952256e-05
9.543584426864982031e-05
9.472618388826958889e-05
9.454704617382958586e-05
9.356527181807904785e-05
9.175742001389152814e-05
9.270459340768866783e-05
9.268291963962838379e-05
9.339683427242562283e-05
9.335552575066685514e-05
9.265001135645433989e-05
9.154390732874162712e-05
9.209461568389087644e-05
9.157606516964733980e-05
9.233919307007454715e-05
9.288528293836861903e-05
9.181787798297591887e-05
9.014020746690220643e-05
8.931549906264991056e-05
8.996587217552587607e-05
9.135286483797245161e-05
9.149630684987641979e-05
9.092699241591617248e-05
8.966321489424444681e-05
8.830952298012562042e-05
9.161155088804662011e-05
8.808825805317610502e-05
8.839828762575053112e-05
8.805351768387481787e-05
8.916260543628595553e-05
9.017325501190499013e-05
8.914357735193334845e-05
8.689315276569687155e-05
8.725545412744395977e-05
8.724496830836870210e-05
8.732815709663554701e-05
8.752402703976258419e-05
8.777012684731744826e-05
8.733611844945699464e-05
8.729598121135496145e-05
8.557871595257893313e-05
8.577304150094278536e-05
8.712686831131577221e-05
8.619727683253585967e-05
8.706587977940216932e-05
8.475832160911522480e-05
8.526319186785257919e-05
8.603902795584873016e-05
8.599649430834688029e-05
8.380157043575309651e-05
8.361263287952169613e-05
8.472520639770663733e-05
8.390077200601809269e-05
8.448109045275487114e-05
8.162015263224020167e-05
8.400204635108820986e-05
8.346248156158252954e-05
8.311324942042119476e-05
8.338534826179966331e-05
