7.416224945187568363e-01
5.932029731273651407e-01
5.836314928531646240e-01
5.809000082612038041e-01
5.799276908338070191e-01
5.807799570858478422e-01
5.832016970515251364e-01
5.820657307803630554e-01
5.796087436378002389e-01
5.800708419680595807e-01
5.820413450598717064e-01
5.802270689010620153e-01
5.800559199452399728e-01
5.805804083943366667e-01
5.809448542594909393e-01
5.831777562499046441e-01
5.794503215551376485e-01
5.834340931475162639e-01
5.784249075651168859e-01
5.814206677377223853e-01
5.826257219016551803e-01
5.799607406854629943e-01
5.809659619033337163e-01
5.775091061294078676e-01
5.802254500389099068e-01
5.795271328389645094e-01
5.809507655501365830e-01
5.813113299906254028e-01
5.812429202497005898e-01
5.828061959743500164e-01
5.802980884313583276e-01
5.816780912280082871e-01
5.794481210112572001e-01
5.807144001424312529e-01
5.810170889198780220e-01
5.812666679322719965e-01
5.802265503108501310e-01
5.798411876559257383e-01
5.791049008071422755e-01
5.832706738710403682e-01
5.810518605411052473e-01
5.829221472740173660e-01
5.799399446249008383e-01
5.808549323379993412e-01
5.813597342073917318e-01
5.776475376784800941e-01
5.782838502824306781e-01
5.763035641908645923e-01
5.794276761114597329e-01
5.803340086340904591e-01
5.780239145755767805e-01
5.801436231434344837e-01
5.795361537039279698e-01
5.803899322450161158e-01
5.800140714943409215e-01
5.796014905273914053e-01
5.834496225714683737e-01
5.821015819609165476e-01
5.800455988943576946e-01
5.785308531522750375e-01
5.786699354648590088e-01
5.810327454805374048e-01
5.790929430723190663e-01
5.821345568895339717e-01
5.793742784559726688e-01
5.824297803044319322e-01
5.823117095530032650e-01
5.773603311181068065e-01
5.818216941058635960e-01
5.797757336199284017e-01
5.810180294513702659e-01
5.821301668584346611e-01
5.818197035193443112e-01
5.808407947421073692e-01
5.821574175059794909e-01
5.793532119691371385e-01
5.797636618316173163e-01
5.788097210228443368e-01
5.827178615927696148e-01
5.794882625937461951e-01
5.803034483492374163e-01
5.802613795995712476e-01
5.787388647496700678e-01
5.803632256388664423e-01
5.803211821317673103e-01
5.811502312123775216e-01
5.803963838219642346e-01
5.823798537254333274e-01
5.814836013913154966e-01
5.813489955067634440e-01
5.810012127161026108e-01
5.792543985545635099e-01
5.800542111098766496e-01
5.804076297879219304e-01
5.802662356793880649e-01
5.796076306700705949e-01
5.786096206009387899e-01
5.794763574600220180e-01
5.809674626886844884e-01
5.816851139068603960e-01
5.791752064526081156e-01
5.799484162926673569e-01
5.804644580781459506e-01
5.801835428476334044e-01
5.813209913074970370e-01
5.794886366426944546e-01
5.811690744459628855e-01
5.800372183322906050e-01
5.793594231605529998e-01
5.802557420134544230e-01
5.802280423939227827e-01
5.811825070381164693e-01
5.790608740150928746e-01
5.798963543772697182e-01
5.813835873901843643e-01
5.795542262792586774e-01
5.796984475851059138e-01
5.815373049974441599e-01
5.785402438938617165e-01
5.797810264527797353e-01
5.789095015227794239e-01
5.813420283496379959e-01
5.808387792110443204e-01
5.799167580008506295e-01
5.817419286370277831e-01
5.831353914737701372e-01
5.783232077360153101e-01
5.777887193858624038e-01
5.788160302639007160e-01
5.804680778682231868e-01
5.804745820462703376e-01
5.799936760663986224e-01
5.823656059205531976e-01
5.807622656226157920e-01
5.810575564205646693e-01
5.806613359451293643e-01
5.810607171058654874e-01
5.797660911977291498e-01
5.781058923900127544e-01
5.803625800013542113e-01
5.821921834945679164e-01
5.789728872179985553e-01
5.800600160360336321e-01
5.811030460298061140e-01
5.788297397494316376e-01
5.833129937350749472e-01
5.807619298696518051e-01
5.806687155663967648e-01
5.791650508940220377e-01
5.790939061939716082e-01
5.788038525581359339e-01
5.831634284257888323e-01
5.782466335296631010e-01
5.791880159974097664e-01
5.796963459253311468e-01
5.806787174046039723e-01
5.795697536766528657e-01
5.792477661669254152e-01
5.777159188091754993e-01
5.798635718822479079e-01
5.815358002185821995e-01
5.787386456429958193e-01
5.815086168348788664e-01
5.789157085120677504e-01
5.809128167033195123e-01
5.798717096447945085e-01
5.783585574924945405e-01
5.787647037804126704e-01
5.788006539940834250e-01
5.806664017438888381e-01
5.803913491070270547e-01
5.807862939834594895e-01
5.786677886247635350e-01
5.781901007890701827e-01
5.782982757687569197e-01
5.797597857713698843e-01
5.801783989667892438e-01
5.792463416755199157e-01
5.802358759045600500e-01
5.795122554302215567e-01
5.792110066115856437e-01
5.800166461765766668e-01
5.790899937450886270e-01
5.793691437840461367e-01
5.809799816608428591e-01
5.793706990182400096e-01
5.823476544022559986e-01
5.765208011865615711e-01
5.803297576010226777e-01
5.794597617983817672e-01
5.803255553543568146e-01
5.801066847443581143e-01
5.802566099762916929e-01
5.803079097270965603e-01
5.787856972515582621e-01
5.823237060904502549e-01
5.790831973254680909e-01
5.817313035726546788e-01
5.798267891108990213e-01
5.805557087063789590e-01
5.809907376468181894e-01
5.801102483868598725e-01
5.815669783055782416e-01
5.774707983434200775e-01
5.819681145548820655e-01
5.810390188395977429e-01
5.795811984837054842e-01
5.809960639178752828e-01
5.803013026118278850e-01
5.819482603073120597e-01
5.797294726073741744e-01
5.823016628623008950e-01
5.783846455812454712e-01
5.804582620263100123e-01
5.780210677385330120e-01
5.800830170512198958e-01
5.803387116193771122e-01
5.790185130834579752e-01
5.806881364881992802e-01
5.784838791489601562e-01
5.798916204273700803e-01
5.824560287892818211e-01
5.800390903055667735e-01
5.790973664522170994e-01
5.783695932328700717e-01
5.811307837665080633e-01
5.790625115931034017e-01
5.801747149229049549e-01
5.768179489970207685e-01
5.768234513103961403e-01
5.783841210603714034e-01
5.772673388421535323e-01
5.813026823401451493e-01
5.811499729752540588e-01
5.808586571812629495e-01
5.795731799304485454e-01
5.801115667223930572e-01
5.819036235213279618e-01
5.815368088185787210e-01
5.810347693860531404e-01
5.805918412208557200e-01
5.801743924617767112e-01
5.822478443086147593e-01
5.786146036982536822e-01
5.797699163556099267e-01
5.817958559095859350e-01
5.816276467740535416e-01
5.808217922449111503e-01
5.767708031833171933e-01
5.789687485396861621e-01
5.801883820295333782e-01
5.806161139607429744e-01
5.797454648315906178e-01
5.785721329748630959e-01
5.799851868450641712e-01
5.774763480722904241e-01
5.810099038481711942e-01
5.810745395421982318e-01
5.802583847939968287e-01
5.802554621100425303e-01
5.798585533499717171e-01
5.819646711349487633e-01
5.800162354111670915e-01
5.815400666296481891e-01
5.800769441425800421e-01
5.820054289698600725e-01
5.816910593807697039e-01
5.791332856118679429e-01
5.801699406206607401e-01
5.796747106313705489e-01
5.797172958552837541e-01
5.784238209128379493e-01
5.776727162301540375e-01
5.800455583631992651e-01
5.796774130463600017e-01
