9.262814405063787837e-02
8.246653502186139517e-02
7.772054461141426895e-02
7.465409778058529344e-02
6.736931410928567732e-02
7.289570465683936629e-02
7.305398158729076163e-02
7.082697798808415546e-02
7.130677208304404824e-02
6.863942690193652885e-02
6.812833336492379877e-02
6.945431590080261564e-02
6.881665105621019574e-02
7.057948753237724970e-02
6.867543811599413628e-02
6.542435468484958383e-02
6.974408087631066289e-02
6.798586500187714377e-02
7.014098448057969060e-02
6.627623957892259110e-02
6.789847135543823631e-02
6.684411128362019450e-02
6.222580506155888508e-02
6.439807814856370050e-02
6.568021918336550136e-02
6.566983457654713974e-02
6.563045171399911615e-02
6.588627005616823351e-02
6.532946263750394333e-02
6.399078153073788078e-02
6.358674036959807707e-02
6.662223887940248168e-02
6.654232278466225281e-02
6.584783688187599571e-02
6.258276777962844262e-02
6.530407269795736325e-02
6.385675913343827337e-02
6.374199406554301173e-02
6.473468221724033855e-02
6.383766726901134170e-02
6.566554338981707428e-02
6.250941262890895300e-02
6.348428363601366087e-02
6.053875839958588329e-02
6.417377981046835933e-02
6.329483273128667931e-02
6.394354800383249271e-02
6.480206778893868313e-02
6.276553643246492176e-02
6.329901117831468471e-02
6.477277893573045453e-02
6.139173199733098663e-02
6.206795713553826116e-02
6.191380646079778366e-02
6.097466025501489806e-02
6.147871705392996683e-02
5.972319491207599834e-02
6.126784359415372166e-02
6.267496789495149989e-02
6.192456409335136275e-02
6.355576289196808448e-02
6.241445458183685763e-02
5.836081129809220919e-02
6.168426947047313258e-02
6.218475895623366140e-02
6.050837925324837469e-02
6.168542976180712428e-02
5.907021311422189225e-02
6.074839322517315565e-02
5.867349815865357393e-02
6.012573146571715405e-02
6.043061687300602808e-02
6.161503245433171821e-02
6.260073213527600489e-02
6.012981902807951196e-02
5.790095534175634245e-02
6.067920985321204053e-02
5.902571274588505612e-02
5.967540327459573690e-02
6.011270105838775746e-02
5.253215497980515125e-02
5.793442334979772429e-02
6.046920503179232381e-02
6.070934318006038916e-02
5.892890041073163554e-02
5.872784417122602768e-02
5.934922788292169848e-02
5.849439362684885624e-02
5.929536547511816275e-02
5.871151342988014527e-02
5.812502314647038926e-02
5.751326064268747623e-02
5.724927429109812060e-02
6.078422845651706291e-02
6.106562814364830533e-02
5.855682595322529715e-02
5.731038276106119322e-02
5.941192706425984377e-02
5.814361823101838606e-02
5.995202260712782782e-02
5.839384990433851841e-02
5.631541527807712444e-02
5.960517746706803927e-02
5.371334906667470793e-02
5.720555081963538818e-02
5.734272835155328207e-02
5.943670671433210623e-02
6.039751276373863526e-02
5.886952259888251354e-02
5.947435880700747274e-02
5.957123976200819071e-02
5.851706994076569940e-02
5.308350866039594079e-02
5.765405985216299350e-02
5.822413730124632175e-02
5.965884114305178287e-02
5.897785428911447858e-02
5.643052343279122973e-02
5.814655306438604870e-02
5.862712021917104721e-02
5.859037776788075802e-02
5.756560456007719234e-02
5.898824357738097213e-02
5.883310088266929111e-02
5.833809194465477965e-02
5.767378514011700652e-02
5.750816952437162732e-02
5.860759903987249053e-02
5.681453861296176938e-02
5.823186536629994942e-02
5.868981623401244713e-02
5.739482325812180624e-02
5.613608567665020338e-02
5.901475106676419558e-02
5.875369479258855249e-02
5.868999434014161160e-02
5.594066552817821697e-02
5.833556598673263899e-02
5.684484495470921300e-02
5.468416356792052402e-02
5.438682874043782728e-02
5.806305841853220961e-02
5.847346839805444424e-02
5.605506817499796707e-02
5.790003524472316088e-02
5.488757559408743991e-02
5.768892085800568503e-02
5.770641037573417259e-02
5.718405922253926715e-02
5.733767272283633865e-02
5.833143721024195566e-02
5.585081890225410128e-02
5.750422323743502317e-02
5.633126995215813337e-02
5.756856936961412402e-02
5.522251679251591328e-02
5.665579677869875957e-02
5.620353435476620890e-02
5.756710294634103525e-02
5.829028699547052217e-02
5.541761579612890926e-02
5.427034356941779630e-02
5.872337458034356666e-02
5.536832866569359884e-02
5.484636628379424561e-02
5.446045599877834265e-02
5.463455169151226753e-02
5.299718283116817280e-02
5.291990571965773937e-02
5.441728161027033911e-02
5.696962049851814897e-02
5.672879911959171489e-02
5.800362577040989870e-02
5.402341620375712694e-02
5.520835929860671426e-02
5.692574889709552111e-02
5.588164611409107696e-02
5.397268095364173013e-02
5.183741662651300541e-02
5.485945427169402339e-02
5.540289937208096177e-02
5.828848907103140881e-02
5.659144490957260243e-02
5.362032172580560169e-02
5.429532326757907645e-02
5.622564872105916683e-02
5.407359216362237625e-02
5.471661789963642997e-02
5.450043023874362458e-02
5.103686821957429537e-02
5.592212179054816684e-02
5.646112736314535391e-02
5.523303279032309998e-02
5.529247504969438121e-02
5.518265202641486900e-02
5.467516702910264065e-02
5.486043840646744052e-02
5.604302730411291067e-02
5.568347667654355293e-02
5.472385714451472039e-02
5.331567385544379312e-02
5.625431383649508177e-02
5.544257608552773803e-02
5.530544344335794338e-02
5.337136146922906443e-02
5.445316863556703274e-02
5.715012254814307024e-02
5.550300315022468900e-02
5.286983421693245561e-02
5.293240486333767453e-02
5.428840705504019842e-02
5.423948907603819841e-02
5.605213488141695677e-02
5.204232238233089114e-02
5.438682081798712487e-02
5.401020728051662140e-02
5.497811344762643104e-02
5.417691593368847980e-02
5.602901916950941280e-02
5.453374356031417958e-02
5.513728441049655510e-02
5.580239476015170369e-02
5.451139996449152342e-02
5.316882056494554032e-02
5.342164520174264714e-02
5.470650014777977965e-02
5.574376795440912080e-02
5.552940813203652987e-02
5.543170622239509959e-02
5.362527618805567470e-02
5.388380836695432635e-02
5.382900040596723390e-02
5.539652736236651970e-02
5.209518676002820176e-02
5.501038546363512527e-02
5.559204655388991223e-02
5.475088494519392973e-02
4.999934725463390378e-02
5.480309136211872212e-02
5.526596361150343945e-02
5.251404109100500650e-02
5.529213837037483953e-02
5.550272957732280132e-02
5.452020073930422678e-02
5.397170368582010491e-02
5.454779402663310212e-02
5.538820164899031090e-02
5.260749764740466766e-02
5.351138015588124269e-02
5.157436527311801827e-02
5.111388560384511753e-02
5.189208461592594718e-02
5.200765356421470365e-02
5.508321749667326878e-02
5.177338453630606074e-02
5.255019977688789312e-02
5.386066913604736078e-02
5.551730862508217484e-02
5.345656695465246522e-02
5.369095264623562763e-02
5.269403013090292326e-02
5.392756861944993096e-02
5.199750850598017227e-02
5.470361672341823855e-02
5.528002858161926159e-02
5.373315321902433911e-02
5.482561623056729505e-02
5.455657919247944992e-02
5.273461694518725290e-02
5.386195124437411635e-02
5.525668196380138092e-02
5.368772101898987986e-02
5.385520442078511189e-02
5.366824394712845642e-02
5.454896849890549654e-02
5.361463721841573660e-02
5.109326445808013567e-02
5.160225713004668729e-02
5.374880808095137269e-02
5.392859044174353605e-02
5.487287511428197428e-02
5.352183246364196345e-02
5.438478528211514174e-02
5.467290339370568797e-02
5.225429836660623606e-02
5.325042420377334301e-02
5.297359019517898504e-02
5.413144127776225306e-02
5.553824627151091736e-02
5.352632399648427769e-02
5.088819076617558806e-02
5.420503096034129387e-02
5.206782929599285126e-02
5.096650213003158653e-02
5.443502772599458778e-02
5.214124592641989492e-02
5.228646771361430273e-02
4.865837258597215109e-02
5.396790509422619980e-02
5.538951399425665750e-02
5.430543618897597236e-02
5.447552417715390699e-02
5.312023077160119705e-02
5.154909736166397860e-02
5.307944798221191085e-02
5.437440591553847208e-02
4.946505436052878873e-02
5.278020232915878185e-02
5.286735742042462244e-02
5.342749796807765711e-02
5.414366846283277107e-02
5.480690649400155046e-02
5.326937797168890959e-02
5.175016529858112585e-02
5.374212831258774054e-02
5.264609429985284833e-02
5.411149916549523597e-02
5.335300141324599704e-02
5.049879270295302286e-02
5.207302067428827563e-02
5.404930340747038375e-02
5.270497543116410555e-02
5.156482188651959064e-02
5.266912652800480321e-02
5.309708698342243544e-02
5.164632464448611071e-02
5.272605451444784680e-02
5.386389804383118901e-02
5.416367985308170180e-02
5.487425352136294371e-02
5.139793875316778921e-02
5.234648223966360120e-02
5.134999779363473571e-02
5.407996829599141797e-02
4.947795433302720064e-02
5.005415782332420238e-02
5.266649703184763526e-02
5.289789841820796007e-02
4.997718731562296457e-02
5.478149751822154051e-02
5.287468039741118758e-02
5.477835675080617445e-02
4.571889604131380846e-02
5.380608851710955154e-02
5.379397540042797632e-02
5.159139271825551737e-02
5.394942365586757882e-02
5.043552769968907140e-02
5.470484600712855611e-02
5.136913325637579297e-02
5.148966953158378573e-02
5.155095066875219068e-02
5.355612023423115403e-02
4.895031727850437248e-02
5.153226040303707234e-02
5.065318236748377750e-02
5.283629349122444946e-02
5.194793244202931815e-02
4.886304924885431777e-02
4.786412874857584598e-02
5.150694917887449487e-02
5.211185476432243779e-02
5.080386725564797756e-02
4.971183339754740166e-02
5.227232002963622115e-02
5.066123267014821518e-02
5.332455781598886141e-02
5.261481534689664563e-02
5.043653943886359375e-02
5.347521655261516793e-02
5.415555077294508662e-02
5.224530939012765607e-02
5.334624849259853030e-02
5.268981495251258418e-02
5.346617455283800974e-02
5.100098272164662466e-02
5.137918977687756100e-02
4.906478366504112704e-02
5.342071993897358484e-02
5.315213662882645879e-02
5.238803216566641913e-02
5.192164906611045072e-02
5.031557497878869079e-02
5.147948099921147158e-02
5.331814001003901127e-02
5.272378329187631801e-02
5.266610304514567076e-02
5.037770811468363086e-02
5.230060449490944730e-02
5.024064768105745288e-02
5.092732758571704571e-02
5.098354447633027947e-02
5.122057526061932209e-02
5.174518547952175473e-02
5.279240376005570057e-02
5.274787021179994095e-02
5.270450356105963602e-02
5.045786600559949708e-02
4.979241127769152425e-02
4.913603544235229520e-02
5.117887069781621584e-02
5.247856913755337416e-02
4.957784862567981427e-02
4.874015086640914179e-02
4.634726608792940489e-02
5.318332189073165378e-02
5.004675661524136954e-02
5.216061870257059779e-02
4.764279777805010413e-02
5.409406447162230791e-02
5.160952914506197059e-02
5.060323985914389616e-02
5.270297873765230484e-02
4.982546245058377260e-02
5.206735086937745727e-02
5.112318827460209797e-02
5.350401454915602872e-02
5.144138742238282824e-02
5.089768253266811066e-02
5.215259826431671575e-02
5.239684389283259802e-02
5.297755851099888308e-02
5.255962905784448275e-02
5.289159331470728170e-02
5.156939464310805049e-02
5.229100059717893545e-02
5.178459999461968583e-02
4.827931252618630764e-02
5.219458332906166953e-02
5.136712267994880676e-02
5.140239710609117996e-02
5.198336280882358273e-02
5.102506546924511638e-02
5.236195906996726768e-02
5.191312798609336310e-02
4.578853885332743318e-02
4.858947388827800778e-02
5.123880909134944511e-02
5.371743366122246066e-02
5.211273940900961604e-02
4.768011320382356533e-02
5.185369593401750049e-02
5.290425267070531651e-02
5.029085956513881794e-02
5.147389553487300567e-02
4.745579789082209066e-02
4.938065465539694110e-02
5.115375687678654776e-02
5.235653600345055447e-02
5.235571169604857911e-02
5.215360295027494236e-02
5.276005629450082612e-02
4.949581808100143865e-02
5.003666030863920811e-02
5.220783649633328055e-02
5.180838522811730823e-02
5.213203856100638578e-02
5.179826043546199854e-02
5.160153698176145332e-02
5.053368785729010770e-02
5.214347789684931761e-02
5.367525658259789112e-02
5.224973541994889364e-02
4.715413779020309615e-02
4.857461153219143346e-02
5.053504617263873677e-02
5.154107819000879748e-02
5.144408670564492442e-02
5.066356396923462485e-02
5.164761816461881094e-02
5.124739859253168300e-02
5.116474915295839143e-02
5.244890908400217516e-02
4.884969204664230125e-02
5.160952420284350972e-02
5.096043294916550309e-02
4.808746468275785363e-02
4.959490081916252679e-02
5.224777738253275766e-02
5.283600118011236302e-02
5.140229919304450251e-02
5.096585597842931414e-02
4.702494047582149450e-02
5.075398386766512976e-02
5.222998692343632648e-02
4.813745717207591063e-02
4.970614117880662458e-02
5.130181754628817398e-02
4.976596412559350369e-02
5.213733324160178817e-02
5.333170499652624408e-02
4.884287330011526790e-02
4.495300171275933704e-02
5.079076044261455342e-02
5.101569222907225559e-02
4.962955291072527336e-02
4.917824416110912894e-02
5.186493022988240137e-02
5.044347694764534512e-02
5.069984850784142738e-02
