3.834390963713328215e+00
3.587776223818461285e-01
1.474287894989053382e-01
9.642320816094676617e-02
7.971609794224301937e-02
8.587406406799952263e-02
7.572503949205081075e-02
7.465935842444498816e-02
6.915182247757911682e-02
6.816863688329855009e-02
7.248220349351565395e-02
6.665568500136336005e-02
6.695087072439491471e-02
6.769915735349059382e-02
6.700490592047572691e-02
6.904387107118964417e-02
7.190740089863538465e-02
6.984241505463918698e-02
6.681509395440420052e-02
6.779851388807098256e-02
6.563763256495197540e-02
7.239263984685143094e-02
6.686055503785609533e-02
6.768907570590575185e-02
6.296661941955486452e-02
6.466131503383318324e-02
6.678302815183996544e-02
6.499079443514346743e-02
6.604456465380886820e-02
6.778619541476170463e-02
6.481921656678120425e-02
6.226653229445219123e-02
6.405521506443619117e-02
6.486697763204574141e-02
6.460924631605545476e-02
6.328992764155069728e-02
6.433593054612476991e-02
6.392093672106663460e-02
6.244540734216570688e-02
6.257347683111826042e-02
6.205003965646028324e-02
6.302383533989389108e-02
6.608894568557541205e-02
6.778032138943672347e-02
6.142868472263216667e-02
6.157660285631815639e-02
6.231361663589874561e-02
6.072851606955131237e-02
6.105700000499685726e-02
5.956660372515519553e-02
6.087595666448275544e-02
6.228403832763433623e-02
6.126082248985767476e-02
6.160107442488273188e-02
6.151905997966726491e-02
6.199873341557880085e-02
6.495682810122768713e-02
6.063042998313903503e-02
6.426907702038685277e-02
6.049113035202026423e-02
6.036463874081770403e-02
6.034830251087745095e-02
7.011285974333683613e-02
6.003756819292902641e-02
6.080461350580056851e-02
6.429261953880389957e-02
6.330627771094440859e-02
6.363615514089664138e-02
7.128885546078284063e-02
6.645990430066982257e-02
6.244185949365298194e-02
6.200107191999753437e-02
6.418343837062517876e-02
6.109719787413875336e-02
6.320103908578554586e-02
6.353204370786746935e-02
6.043344807500640459e-02
6.112485511228442359e-02
6.312163741017381979e-02
6.321252524231871228e-02
6.287554493173956593e-02
6.402914604792991904e-02
6.297410758833089928e-02
6.010037101805210114e-02
5.990890559429924017e-02
6.928603860239188061e-02
6.423571924678980749e-02
6.110303983713189641e-02
5.931671770910421776e-02
6.292595708742737548e-02
5.931212927214801062e-02
6.805293507874012049e-02
6.169894801452755623e-02
5.995742714032530757e-02
6.090229197715719273e-02
5.908090775832533503e-02
7.359063550829887668e-02
6.112056770672400635e-02
5.951797515774766290e-02
6.920787535607814123e-02
6.438660746750732300e-02
6.225119632358352278e-02
5.920670569563905167e-02
6.684753682464361635e-02
6.315154229601224745e-02
6.568533336122830968e-02
6.053861392041047507e-02
5.832626472537716378e-02
6.131745940074324885e-02
5.850879892085989603e-02
5.933773415784041050e-02
5.844904658695061761e-02
6.072541329699258222e-02
6.444522115401923879e-02
5.841939011588692665e-02
5.697718123594919942e-02
6.170288124432166121e-02
6.393353667420645370e-02
5.951254243652025905e-02
5.957848544542988095e-02
6.076728029176593077e-02
6.568265953101218302e-02
5.998099863218764316e-02
5.916089577600359972e-02
5.891164782146612877e-02
5.905497567107280410e-02
6.495763561377922157e-02
6.105341138318180760e-02
5.804811452825864304e-02
5.756507844664156270e-02
5.938003820677598132e-02
5.950860047712921985e-02
5.952689907513558643e-02
5.718878611922264404e-02
6.096928405265013284e-02
5.724900536860028782e-02
5.842294054105878071e-02
5.932155291860301966e-02
6.009098012621204299e-02
6.191870365912715418e-02
6.240845240342120237e-02
5.963857311755418888e-02
5.887989857544501798e-02
6.067925570532679835e-02
5.826003318342069803e-02
6.206181988740960831e-02
5.673382208372156066e-02
5.766438864171505307e-02
5.936360693536699151e-02
5.711772431309024289e-02
5.741650923465688866e-02
5.914888319869836264e-02
5.907272386985520235e-02
6.280728589122494543e-02
6.063209405789772577e-02
5.848347048585613578e-02
5.843597482269009130e-02
6.132965272602935308e-02
5.797592259322603692e-02
5.739555645113190302e-02
5.830139452901979269e-02
6.099497639574110591e-02
5.691910574212670493e-02
5.812555957585573141e-02
6.342577751725912705e-02
5.904220076277852391e-02
6.141898251449068313e-02
6.010501377284526575e-02
6.902849414385854587e-02
6.209186314915617066e-02
5.598422406241297666e-02
5.916571144014597106e-02
5.758449827631314383e-02
5.943413600015143294e-02
7.017415933931867023e-02
5.729478056232134575e-02
5.803652667130033277e-02
6.463569762185215895e-02
6.401404956355691289e-02
6.222690363104144834e-02
6.696765263254443601e-02
5.851010405148068805e-02
5.974665507053335267e-02
6.061064868544539103e-02
5.846870026861628045e-02
5.706089373057087605e-02
5.761043673381209540e-02
6.292423484226067343e-02
5.738046973012387447e-02
6.576793542752663868e-02
5.816459561387697652e-02
5.606254342943430002e-02
6.024314924453695597e-02
5.852322076757748848e-02
6.126290480916699033e-02
6.264634867819647568e-02
5.837627497191230641e-02
5.723127802213032883e-02
5.857526811460653932e-02
5.646057510748505454e-02
5.962059771642089223e-02
5.675881589452425741e-02
5.769910645360747797e-02
5.991523871198296824e-02
5.880897109707196313e-02
6.257837513461708689e-02
5.756258234381675387e-02
6.117862348755200713e-02
5.792839303612708907e-02
5.911826506567498252e-02
6.263661714891592680e-02
5.969906937951843101e-02
5.901386494437853292e-02
5.882153555129965294e-02
5.596113700419664411e-02
6.448146388555565933e-02
5.964807838822404340e-02
5.999639700477321647e-02
6.150627396069466984e-02
5.531248029321431808e-02
5.887866979464888295e-02
5.700680070246259140e-02
5.854676509276032781e-02
6.521459001426894997e-02
5.947892296748856500e-02
6.318745140607158473e-02
5.769123510768016383e-02
5.585404614607492740e-02
5.797058184941610015e-02
6.067493745746711797e-02
5.743875381226341142e-02
5.806038149322072933e-02
5.640025336295366454e-02
6.369220124557614660e-02
5.691942635302742193e-02
5.752295016621549600e-02
5.812804916252692355e-02
6.435674670462807057e-02
5.915127921849488990e-02
5.964579695214827781e-02
5.810593688239654164e-02
5.897539327541986842e-02
5.752064970632394386e-02
6.493548117578029633e-02
5.979650333834191089e-02
5.850259242579340657e-02
5.554285136361916675e-02
5.681046762193242561e-02
5.629424200703700421e-02
5.749165362368027082e-02
5.763740778279801552e-02
5.774577130563557370e-02
6.045208056146900155e-02
5.769336944756408431e-02
5.941170723487933236e-02
5.827346873780091946e-02
5.952449208125472346e-02
5.656167034059762788e-02
6.157700560986995725e-02
5.672350546345114597e-02
5.712415777146816198e-02
5.728396896893779566e-02
5.675189593496422075e-02
5.616148115446169958e-02
5.848263261218866055e-02
6.090091086303194706e-02
5.724407923097411810e-02
5.685834363723794860e-02
5.824859262754519817e-02
5.683474435160557753e-02
5.629524969806273815e-02
5.665348934009670906e-02
5.633604615926742637e-02
5.963214624052246698e-02
5.844597364465395350e-02
5.545476745193203549e-02
5.667048835506041660e-02
5.798203756722310892e-02
6.013890416671832662e-02
5.680251720982293362e-02
5.792178358261784038e-02
5.992797048141559196e-02
5.679472007478277018e-02
5.854380586495001870e-02
6.208908100922902462e-02
5.736407584821184152e-02
6.184154869988560399e-02
5.655844063187638604e-02
5.554038106153409010e-02
5.611774499838551034e-02
5.841830459112922619e-02
5.665175183986623925e-02
5.807365916669368633e-02
6.004394835482040893e-02
5.935814529036482351e-02
5.862764421229561124e-02
6.023295921583970286e-02
5.718987962541480924e-02
5.593527646114428847e-02
5.782137393951416321e-02
5.695455146953463249e-02
5.671528310204545370e-02
5.679703132559855983e-02
6.338179755955934691e-02
5.890265268584092551e-02
5.817058188219865339e-02
6.080351527159412461e-02
5.632678320320944065e-02
5.768776258453726935e-02
5.520566854625940517e-02
5.655249714851379172e-02
5.540281025692820466e-02
5.513395077859362114e-02
5.898008288194735854e-02
5.970911758330960800e-02
5.794591904928286796e-02
5.581220389033357543e-02
5.523799135660131809e-02
6.132304477194944897e-02
5.989703610539436063e-02
5.869863155608375654e-02
5.468501732684671879e-02
5.850381116693218614e-02
5.817113940914472175e-02
5.702441637714703720e-02
5.649981553666293815e-02
5.762461546187599287e-02
5.648725747441252221e-02
5.548929147422313607e-02
5.839798776432871680e-02
5.649771366268396128e-02
6.593468453114231798e-02
5.928165829430023792e-02
5.584942055245240705e-02
5.773336690229673857e-02
5.699972402304410990e-02
5.656289979505042115e-02
5.654784507428606277e-02
6.357967428242167207e-02
5.786533307904998674e-02
6.017178182179729051e-02
5.584973887229958966e-02
6.983751834059755137e-02
5.699159344037373759e-02
5.623953205843766623e-02
5.785501864738762379e-02
5.656579780081907871e-02
5.844846332445740450e-02
5.689463539669911002e-02
5.824250130603710746e-02
6.266168800493081281e-02
5.431184696033596743e-02
5.603325682381788547e-02
6.341033698680499653e-02
5.769011950430770475e-02
6.056012345788379381e-02
5.579355600600441334e-02
5.688741338749726817e-02
6.555801769097646670e-02
5.913987091432015147e-02
5.874414683009187427e-02
5.872414483378330524e-02
5.624242193376024351e-02
6.179928543666998730e-02
5.763112719481189999e-02
5.747611518949270054e-02
5.772439801755050587e-02
5.506586455429593463e-02
5.761136229460438185e-02
5.512614110484718999e-02
5.710409940530856293e-02
5.818056902537743075e-02
5.486345825095971518e-02
5.751221287374694985e-02
5.667895455534259497e-02
5.707570041840274999e-02
5.836106119056543029e-02
5.922737320574621156e-02
6.077798047413428967e-02
5.433949341687063089e-02
5.526087085095544860e-02
5.952766804024577085e-02
5.658968164275089696e-02
5.811350238819917163e-02
5.602482077355186441e-02
5.558160021901130399e-02
5.980862528085708479e-02
5.778724599629640746e-02
5.744090756711860840e-02
5.674814925218622103e-02
5.660690393919746294e-02
5.870489435891310115e-02
5.615017359144985898e-02
5.468618750572204479e-02
5.424411880783736734e-02
5.787005873707433412e-02
5.914924451460441129e-02
6.124810139338175696e-02
5.630050910015901161e-02
6.005293002041677680e-02
5.297566288771728832e-02
5.653714113558332144e-02
5.832487476368745233e-02
5.406747811163465506e-02
6.445106488962967783e-02
5.895693847909569407e-02
6.112507244261602274e-02
5.497423372541864611e-02
6.848856029411157231e-02
5.467667341853181540e-02
5.525966158757607272e-02
5.850729779650767903e-02
5.645978425318996102e-02
5.784771637370188929e-02
5.757009686281283622e-02
5.734485474725563997e-02
5.469585220019022864e-02
5.712325672308603969e-02
5.439068568870425446e-02
5.773081812697151982e-02
5.475096267648041359e-02
5.550574836631615855e-02
5.437815542022387399e-02
5.366783156059682508e-02
6.030169096775352816e-02
5.446600651989380593e-02
5.838177725672721863e-02
6.403992035426199492e-02
5.657433520381649483e-02
5.456315251377721887e-02
5.692473249509930749e-02
5.351015225673715070e-02
5.444946672146518812e-02
5.656433238958318704e-02
5.650738709295789058e-02
5.916176948696375004e-02
5.848379256824652594e-02
5.890029037681718954e-02
5.498072803020477572e-02
5.649013114472230257e-02
6.039048297020296191e-02
5.979961249046027855e-02
5.380921957703928282e-02
5.763949324066440505e-02
5.699534772895276796e-02
6.226000404295822105e-02
6.523813157031933818e-02
5.502977031593521418e-02
5.868498530859748291e-02
5.561443166186412490e-02
5.575567354448139612e-02
5.598973543072740394e-02
5.941516776258747023e-02
5.664612298210461999e-02
5.729696724563836802e-02
5.712224525089065058e-02
5.701894899830221852e-02
5.807428136778374633e-02
5.914987817096213629e-02
5.526641570342083476e-02
5.399186029719809515e-02
5.572375114386280553e-02
5.523686033673584628e-02
5.179644069013496221e-02
6.153317965567112191e-02
5.530858198491235556e-02
5.605659404769539750e-02
5.593298304205139571e-02
5.449693037507434556e-02
5.580409086619814163e-02
5.593248090706765679e-02
5.739325040951371443e-02
5.612104970340927451e-02
5.725774452400704539e-02
5.609112390006582016e-02
5.678444337410231552e-02
6.296010102455815161e-02
5.572584173952539743e-02
5.526844879922767489e-02
5.788683125128348678e-02
5.681748006492853137e-02
5.653570925816893411e-02
6.542770063194135177e-02
5.637911658113201746e-02
5.798563216502467671e-02
6.211984034006794164e-02
6.700660014525056107e-02
5.884780457243323631e-02
5.836576912862559419e-02
5.577155222495396719e-02
5.588632943729559405e-02
5.575466771610081140e-02
6.304331256076693701e-02
5.594230819493532098e-02
5.990056520327925738e-02
6.140696040354669261e-02
5.713912989323337993e-02
5.659437151625752727e-02
5.624663840358456318e-02
5.479969137348234681e-02
