3.273636780929565759e+01
5.884885297477245203e+00
1.041678382620215393e+00
3.033648588769137788e-01
1.748102784566581136e-01
1.280479663368314369e-01
9.783301847614347957e-02
8.596765807084738586e-02
9.121298690512776031e-02
8.128475338034331366e-02
7.871696658246218892e-02
7.727306999824941347e-02
8.204383820109069358e-02
8.128075701184571400e-02
7.466540678031742539e-02
7.634009518474339784e-02
7.631618205644190300e-02
7.231339972652495174e-02
7.745440038107336000e-02
7.440819435194134801e-02
7.476842913776636512e-02
7.547565526142716030e-02
7.139845067262649836e-02
7.080823207087814930e-02
7.747257687896490219e-02
7.457560126949101809e-02
7.169807559810578712e-02
7.481745065096766234e-02
7.089238744601607245e-02
7.537468386813998833e-02
7.152199342753738642e-02
7.031982828676699993e-02
7.244907118380070066e-02
7.014309661835431420e-02
7.053766697645187655e-02
7.625376816280185488e-02
7.903488643467426744e-02
7.145125229842960723e-02
6.871236621029674918e-02
7.732155437208712567e-02
6.999218987300992456e-02
7.261240879073739551e-02
7.101467322930693493e-02
6.906631912663578621e-02
7.012773704528808827e-02
7.105307227186859198e-02
7.108071493916214012e-02
7.083342579007148587e-02
6.747850604169071398e-02
7.129442231170833588e-02
7.199403364676981720e-02
6.955983190611005063e-02
6.923422798421233204e-02
6.733088398911059314e-02
6.702893339283765017e-02
7.339323894679546101e-02
6.659027698822320152e-02
6.779126888513564708e-02
6.866932918503880490e-02
6.987040349189191368e-02
6.744480492360889479e-02
6.916704565286636852e-02
7.216538047976792103e-02
6.820023373235016562e-02
7.230173743702471290e-02
7.194775488879531777e-02
7.221244594268501349e-02
6.629391724430024058e-02
6.809693476185202377e-02
6.810422326624393508e-02
7.092903452925383712e-02
7.569923147093504667e-02
7.201280282437801106e-02
6.757159534282981828e-02
7.447324399556964902e-02
7.352411779016256033e-02
6.700004512444138194e-02
6.684346813894807837e-02
6.773041271138936781e-02
7.076515336893499097e-02
6.707573018595576475e-02
6.904684762842952517e-02
6.848009857535362899e-02
7.486037322133778926e-02
7.714875628426670628e-02
7.760357169527561105e-02
6.980952992290258285e-02
6.652797879278660176e-02
6.772048211283981933e-02
6.791045173071325047e-02
7.056245615240186453e-02
6.743094627931714435e-02
7.273636841587721724e-02
6.609557983838021400e-02
6.625170326605439586e-02
6.626119990646839319e-02
6.558111549541353891e-02
6.478482561185955335e-02
6.644559492170810933e-02
7.346210620459169005e-02
