1.858840591087937422e-01
1.060950914397835732e-01
8.736086152493953427e-02
8.618205308914184126e-02
8.251985751092433263e-02
8.030442669987677973e-02
7.953431084752082825e-02
7.590600579977035967e-02
7.537044916301965936e-02
7.575080525130033215e-02
7.321836233139038252e-02
7.372137162834406510e-02
6.907933570444584059e-02
6.998423065990209968e-02
7.495412413030862198e-02
6.996710471808910425e-02
6.836700569838286001e-02
7.135932072997093478e-02
7.028213027864695095e-02
7.012744344770908966e-02
7.412994559854269028e-02
6.909356484189629888e-02
7.035753227770329132e-02
7.232394412159920405e-02
6.822683136910200064e-02
6.513204408809541990e-02
6.891562838107347100e-02
6.675650268793105468e-02
6.967767126858234739e-02
6.583506755530833809e-02
6.900561120361090039e-02
6.873811684548854217e-02
6.916275475174188392e-02
6.970473937690258026e-02
6.937037214636802840e-02
6.517427384853363703e-02
7.082617308944463841e-02
6.769857525825501154e-02
6.897865965962410306e-02
6.677306000143289066e-02
6.849485386162995626e-02
6.801601771265268492e-02
6.785031177103519051e-02
6.764416106045245680e-02
6.633394423872232548e-02
6.619170267134905083e-02
6.451047660782932569e-02
6.522942224517463972e-02
6.834916684776544404e-02
6.611106798052787670e-02
6.377884421497583001e-02
6.503825685009360924e-02
6.562544193118810543e-02
6.724472012370824592e-02
6.391162708401680603e-02
6.193650720641016849e-02
6.877538390457629824e-02
6.480024430900811760e-02
6.400751268491149115e-02
6.745685368776321855e-02
6.400503629818558859e-02
6.710211873054504339e-02
6.355589633807540162e-02
6.512165440246463211e-02
6.299340350553393753e-02
6.408347671851516436e-02
6.841905094683170541e-02
6.484223157167434692e-02
6.604724116623401919e-02
6.616650268435478321e-02
6.232320168986916348e-02
6.602972691878676581e-02
6.539392584934830555e-02
6.633352261036634667e-02
6.226577432826161523e-02
6.503636078909039164e-02
6.431076142936945073e-02
6.566143283620476390e-02
6.497452419251203981e-02
6.442644758149981832e-02
6.554025728255510885e-02
6.513800540938972927e-02
6.452808242291212248e-02
6.072238819673657362e-02
5.982474137097597289e-02
6.251270538195967397e-02
6.860952861607075293e-02
6.615232914686203225e-02
6.358796328306198786e-02
6.572377316653728319e-02
6.015437941998243165e-02
6.626941699534655283e-02
6.029683211818337440e-02
6.582808770239352569e-02
6.260287471115588698e-02
6.333324944600463025e-02
6.301023796200752591e-02
6.408858088776468731e-02
6.168111382052302027e-02
5.861704686656594304e-02
