8.957951081295807694e-02
7.729504605134328299e-02
7.304421037435532282e-02
7.294803316394488091e-02
7.337162211537361090e-02
7.181502426664033989e-02
7.155822517971198449e-02
7.060316962500413907e-02
6.838748926917712079e-02
6.840793902675311455e-02
6.535138705124457492e-02
6.696739119788010230e-02
6.717848022778828698e-02
6.817994358638922170e-02
6.665453506012757046e-02
6.690770817299683537e-02
6.581829857081174240e-02
6.456594939033190317e-02
6.725700524946054415e-02
6.638189322004715842e-02
5.705301929265260696e-02
6.588482563694318672e-02
6.551816007743278825e-02
6.639517702162266166e-02
6.577037575344245324e-02
6.397705569863319786e-02
6.358836023757855060e-02
6.383665081113576445e-02
6.218104295432567291e-02
6.312186520546675395e-02
6.507035677631696491e-02
6.322948997219403344e-02
6.573176976293325369e-02
6.227219672252734539e-02
6.368471627434094118e-02
6.216462793449560598e-02
6.253696716080109352e-02
6.119733996689319389e-02
6.344060194989045720e-02
6.191766228526830729e-02
6.178665784498055952e-02
6.337400414049625119e-02
6.152791835367679707e-02
6.262150729695956097e-02
6.210469361394643784e-02
6.136093709617853470e-02
6.245756587634483659e-02
6.321774942179521350e-02
5.567626221726337810e-02
6.170310727010170498e-02
6.068125476439793775e-02
6.067956355710824035e-02
6.005357979486385805e-02
6.170271375526984597e-02
6.150461970518032728e-02
6.110363701979319023e-02
6.101667925715446167e-02
6.071956615895032772e-02
6.186687772472699437e-02
6.008414514362812181e-02
5.920940903325875443e-02
5.925355975826581550e-02
6.208371412009000556e-02
5.525788255035877367e-02
6.067809681097666163e-02
5.929556736101707082e-02
5.787995132307211660e-02
6.179389706502358415e-02
5.502907292296489034e-02
5.819425211598475839e-02
5.887334437419970701e-02
5.808843479802210802e-02
6.031755769004424478e-02
5.644272880007823040e-02
5.932015533248583689e-02
6.087569703658422121e-02
5.880834943304458912e-02
6.139171872287988579e-02
5.741062181691328897e-02
5.916580206404129655e-02
5.790172640234231977e-02
5.759319748729467559e-02
5.895203674832980023e-02
5.831552664438883343e-02
5.917670264840126093e-02
5.599640708416700474e-02
5.798396135369936893e-02
5.986097601552804043e-02
5.864323666940132740e-02
5.722273462762435259e-02
5.934254720807075750e-02
5.547095776846011628e-02
5.746579632163047874e-02
5.937162195642789464e-02
5.573438371221224596e-02
5.929399689038594712e-02
5.902014138797918863e-02
5.800517251094182425e-02
5.793145691355069266e-02
5.748129295806089778e-02
5.784931442389885242e-02
5.560518780102332442e-02
5.575921016434828154e-02
5.782758321613073321e-02
5.687763892114162251e-02
5.695294967542092329e-02
5.773965956022342194e-02
5.894245784729719440e-02
5.321256690969070058e-02
5.791125276436408231e-02
5.871465412278970009e-02
5.734879871209462576e-02
5.615495058397452360e-02
5.490212370951970400e-02
5.696152451137701661e-02
5.842153536776701489e-02
5.465366577108701079e-02
5.560613540311654113e-02
5.644720319658518004e-02
5.203045840064684374e-02
5.686547459413607980e-02
5.731597150365511789e-02
5.744174594680468565e-02
5.497503665586312566e-02
5.647173852970202579e-02
4.659048719952503526e-02
5.658134450515111408e-02
5.786553562929232924e-02
5.576534205426772473e-02
5.627230402082204763e-02
5.397884455819924876e-02
5.734781560798486028e-02
5.627905808389186554e-02
5.584422926108042334e-02
5.639382583399613763e-02
5.716969278951485739e-02
5.540097838888565634e-02
5.508678782731294549e-02
5.734705165028572416e-02
5.273449933777252935e-02
5.348440375179052547e-02
5.636652107040087539e-02
5.685217412809531051e-02
5.792846569170554544e-02
5.402910015235344587e-02
5.489609461277723118e-02
5.335699619104464914e-02
5.743403935184081266e-02
5.355399573842684752e-02
5.274942496170600265e-02
5.595243634035190067e-02
5.518787804991007184e-02
5.077032131453355218e-02
5.575201758493979892e-02
5.495089658846457475e-02
5.684771573791901067e-02
5.392133772373199768e-02
5.517167784273624420e-02
5.245054076115290148e-02
5.472966180493434030e-02
5.575163407872120447e-02
5.460182204842567444e-02
5.306176512191693173e-02
5.310688637197017586e-02
5.666661760459343333e-02
5.459609198073545749e-02
5.456589827934901077e-02
5.595551602542400693e-02
5.382477783908446584e-02
5.322630755603313668e-02
5.663597775002320728e-02
5.392604223142067471e-02
5.179911098132530811e-02
5.423937752842902804e-02
5.639158220340808464e-02
5.598379038274288455e-02
5.153738255302111465e-02
5.422282086064417889e-02
5.385542175422112360e-02
5.425019091616074124e-02
5.495468160758416182e-02
5.429440554231405175e-02
5.623568627983331625e-02
5.460059128701686554e-02
5.436204301814238221e-02
5.467305497576793044e-02
5.519348411510387881e-02
5.163894624759753776e-02
5.492389831691980168e-02
5.475805663814147656e-02
5.621348929901917590e-02
5.419629031171401684e-02
5.455316780755917194e-02
5.236824630449215395e-02
5.494475699961185594e-02
5.569463938474655124e-02
5.414433738837639426e-02
5.420962524910767633e-02
5.343955338001251526e-02
5.412346007923285462e-02
5.561154541869958029e-02
4.957522897670666590e-02
5.408311929553746844e-02
5.002689519276221769e-02
5.398992757002512438e-02
5.567465472966432599e-02
5.484083611518144469e-02
5.230071075260639413e-02
5.408946593602498298e-02
5.386609745522340231e-02
5.389931684980790033e-02
4.994706641882658282e-02
5.134520479788382691e-02
5.351520553231239180e-02
5.508380605528751667e-02
5.403363435218731803e-02
5.199569455037514332e-02
5.263007294386625595e-02
5.224258779237667821e-02
5.504569565256436925e-02
5.367481815318266708e-02
5.008695505559444122e-02
5.305503798027833007e-02
5.350751942644516729e-02
5.446545273065567239e-02
5.248160141209761570e-02
5.201900257418552720e-02
5.460442795107762343e-02
5.440432311346133504e-02
5.071897765000660946e-02
5.516447525471449009e-02
5.586961289246877155e-02
5.134334730605284031e-02
5.364595338702202176e-02
5.397569554547469034e-02
5.335796757290760944e-02
5.364378230025371175e-02
5.180010116348664206e-02
5.011895293990770855e-02
5.069009614487489379e-02
5.380268197506666433e-02
5.253538093219201066e-02
5.145898717145125367e-02
5.441126058499018425e-02
5.281590101619561273e-02
5.129068897416193956e-02
4.924279755602280206e-02
5.424932407836119408e-02
5.274376095583041546e-02
5.416035309433937101e-02
5.194980780283609684e-02
5.421014281610647689e-02
5.258779320865869522e-02
5.263675553103287774e-02
5.369208730757236286e-02
5.363472734888394960e-02
4.899484166254600148e-02
5.095032852143049212e-02
5.370474291344484036e-02
5.290539721647898042e-02
5.072396535426378084e-02
5.130716914931932743e-02
5.304468952119350406e-02
5.013112865388393707e-02
5.411823223034540470e-02
5.039988660564025114e-02
5.392657383034626939e-02
5.163027076671521109e-02
5.287952745954195566e-02
5.295946845163901351e-02
5.296391479671001129e-02
5.310979726413885688e-02
5.266802303493022669e-02
5.038934094210465592e-02
5.316325495640436549e-02
5.194281376898288866e-02
5.405850806583960971e-02
5.070994882533947506e-02
5.162544005860884855e-02
4.691579174250364026e-02
5.258272081613540871e-02
5.485536803801854128e-02
5.104465207705895236e-02
5.384796641767024966e-02
4.792904461423556223e-02
5.356208043793837109e-02
5.287809185683726987e-02
5.322243786106507085e-02
5.074574045836925673e-02
5.344625040888786177e-02
5.293044549723466274e-02
4.905683891226848142e-02
4.878703719625870211e-02
5.304408491899569728e-02
5.233934815973043109e-02
5.235570280502239993e-02
5.154820016274849759e-02
5.022098567336797520e-02
5.130697522312402392e-02
5.242619444926580052e-02
5.078979991376399855e-02
5.153579940398533843e-02
5.246439872930447335e-02
4.827977884560823163e-02
5.146702806154886817e-02
5.232768196612596484e-02
5.100610703229904036e-02
5.275439308335383437e-02
5.026669905831416402e-02
5.210867499311765128e-02
5.181459675232569229e-02
5.038134954869746829e-02
5.265445140500863569e-02
5.198412736256917410e-02
5.078812111169099530e-02
5.227471628536780462e-02
5.279046747833490705e-02
5.216455919047196382e-02
5.150373583038647674e-02
5.100098806122938672e-02
5.202174680928389056e-02
5.305251695215702085e-02
5.127725618580977057e-02
5.246158863107363429e-02
5.150127676626046341e-02
5.301252849400043404e-02
5.131311276306708968e-02
5.280646861841280931e-02
5.204321774343649565e-02
5.185063302516937367e-02
5.057205071051915773e-02
5.199221542725960404e-02
5.217985572914282666e-02
5.011813996980587355e-02
5.125202051053444341e-02
4.582506245623032409e-02
5.213208099206288748e-02
5.178838230669498277e-02
5.300999519725640291e-02
5.057580302158991292e-02
5.166734242190917231e-02
5.245403402795394132e-02
5.169710696985323900e-02
5.135441352923711400e-02
5.238628178834914967e-02
4.802837159484624890e-02
5.054779679824908389e-02
4.749260102709134540e-02
5.146880601843198400e-02
5.172582933058341575e-02
5.193302663664023378e-02
5.010418309519688168e-02
5.202989327410856985e-02
5.135512781639894192e-02
5.187330629676580734e-02
5.155531372874975343e-02
5.221956511338551876e-02
5.134367718050877188e-02
5.025128405541181426e-02
5.110287295033534571e-02
5.113035148630539622e-02
5.220568151523669737e-02
5.098361934224764774e-02
5.177286248654126843e-02
5.195718790094057404e-02
5.193650655448436848e-02
5.053054307897885539e-02
4.940666312972704505e-02
5.127403079221645732e-02
5.266857569416363849e-02
5.030030813068151613e-02
5.073627305527528275e-02
5.184519505749145968e-02
5.078224368393421256e-02
5.206042627493540770e-02
4.747621246924003252e-02
5.224606706450382609e-02
5.104739098499218308e-02
4.848202122996250751e-02
5.161959489186605105e-02
5.180211323002974211e-02
4.927629782507816913e-02
5.298363043616215184e-02
4.962997434039910505e-02
5.039721348633368486e-02
5.073845041294892944e-02
5.149234122286239917e-02
5.093148621420065525e-02
4.835013367235660442e-02
5.161028834680716354e-02
5.130145498861869019e-02
5.208625574906666778e-02
5.034192189574241555e-02
5.173260084042946572e-02
5.097443196922540887e-02
5.216228460272153561e-02
4.875068257252375414e-02
4.975825067609548902e-02
5.245058403660853713e-02
4.841885078698396350e-02
4.720607601106166507e-02
5.133437715470790669e-02
4.886596940457820643e-02
5.214624666919311091e-02
5.142159438381592451e-02
5.143549540390571218e-02
5.225998262564341551e-02
4.976407982409000730e-02
5.085371165225903434e-02
4.887797296047211026e-02
5.048839662224054170e-02
5.194317015508810587e-02
5.103779816379149653e-02
4.973109191904465098e-02
4.790295928716659796e-02
5.231780429681142514e-02
5.119589886317650607e-02
4.916143679370482689e-02
4.769689055780569620e-02
5.008036994685729354e-02
5.018094882369041748e-02
5.215020983169476460e-02
4.705306060612201441e-02
5.127541265139977378e-02
4.991884538282950756e-02
4.975642861177523996e-02
5.059251055121422036e-02
4.903405261536439297e-02
5.079264163970947238e-02
4.731777922560771038e-02
4.904278669506311611e-02
5.230654355138539963e-02
5.012835642943779674e-02
5.196608737111091392e-02
5.157187979668378941e-02
4.923504843066135728e-02
4.955866470932960427e-02
5.123602397739887571e-02
5.118535274018844172e-02
5.053214957316716494e-02
5.087380461394786640e-02
5.038802326967319056e-02
4.682245427121718706e-02
5.036512744923432594e-02
5.005169413983821813e-02
4.901712177942196824e-02
5.092525273561477467e-02
4.633197017014026309e-02
5.217544148365656220e-02
5.122444162766138370e-02
5.070595066994428718e-02
5.151369060079256934e-02
5.134449463337659864e-02
5.107831378777821785e-02
4.709424444784720415e-02
5.027009150634209611e-02
5.102531418204307723e-02
5.073445950945218441e-02
4.956642045329014146e-02
5.183830534418423786e-02
5.065828703343868561e-02
4.965481297423442186e-02
4.789749901741743171e-02
5.064482656617959322e-02
4.892522405833005933e-02
4.975765970846017516e-02
5.005844343453645651e-02
5.035885617136955095e-02
5.147709206988414221e-02
4.889517652491728178e-02
5.082357580463091329e-02
4.813025940209627457e-02
5.012061305344104462e-02
5.033758228023847009e-02
4.760539011408885385e-02
4.959796446065108111e-02
5.115262276182572232e-02
5.086998229225476315e-02
4.809290570517381347e-02
4.991123349716265756e-02
5.070264670997857992e-02
4.975692085921764457e-02
5.187894130746523863e-02
4.898324163009722815e-02
4.808087149014075856e-02
5.135031614452600229e-02
4.914441626518964434e-02
5.062060017138719781e-02
4.882649142295122230e-02
4.644045365353425409e-02
4.786874807129303661e-02
4.898757943262656289e-02
4.997400631507237928e-02
5.067925315350294002e-02
4.961205796649059002e-02
4.944472524027029858e-02
4.961067453026771212e-02
4.903697205086549049e-02
5.003551870584487665e-02
4.749437902122735644e-02
