2.147729687392711639e+00
2.387213368092974131e-01
1.077537481114268364e-01
8.601471101865172664e-02
7.749833280841510186e-02
7.411534548426668145e-02
6.933552343398333151e-02
7.439958837504188904e-02
6.897005884597698366e-02
6.438323046391208893e-02
6.385213606059551850e-02
7.071590715398391735e-02
6.724435232579707711e-02
6.506100025027990175e-02
6.424726503590742765e-02
6.361585815747579364e-02
6.371943385650714886e-02
6.729556278015176585e-02
6.338965078194935820e-02
6.319485027343034467e-02
7.525198549653093483e-02
6.888192041466632831e-02
6.789854614684978640e-02
6.111908959224820331e-02
6.158288970589637784e-02
6.704185546065370704e-02
6.716603421916564343e-02
6.232296406601866429e-02
6.879380862539012653e-02
6.355282769848903668e-02
6.254068202649554209e-02
6.473970879490176245e-02
6.246581581110755704e-02
6.806506836786865855e-02
6.410287792483965186e-02
6.324350212390224268e-02
6.357522058611114746e-02
6.030404586965838754e-02
6.053741286198298377e-02
5.908064466590682434e-02
6.552339630511899715e-02
5.812266603112220542e-02
6.266062524169684067e-02
6.184415240772068306e-02
6.604474158336719192e-02
6.215235943595568552e-02
6.124180128797888922e-02
6.128355324268341259e-02
7.116959382469455198e-02
6.766265724475184484e-02
6.020421896750727947e-02
6.324009866764147836e-02
6.441597034533819155e-02
6.335882635166247001e-02
6.238355233023563928e-02
6.129887913043300524e-02
6.092059966797629816e-02
6.251909563938776171e-02
5.858086518322427882e-02
6.162836219184100739e-02
5.905107505619525826e-02
6.273469291627406519e-02
5.883776932333906196e-02
6.372072196565568836e-02
6.337839209164182475e-02
7.199998736381531261e-02
6.270804204357166567e-02
5.867924600218733105e-02
5.783698157717784283e-02
6.087933659553527999e-02
5.985747020691633419e-02
6.113802588234345387e-02
6.590575225651264246e-02
6.783500682562589035e-02
6.483299772565563612e-02
5.866547040020426290e-02
5.886514818295836282e-02
5.789262278005481016e-02
5.875007209368050126e-02
6.222907947376370152e-02
6.032294784362117468e-02
6.369438746323187461e-02
5.918982574716210449e-02
6.117332876349489135e-02
5.838534379377961075e-02
6.497524357711274845e-02
6.285920135676860421e-02
5.784096750120321789e-02
5.870802177737156208e-02
6.125306425616144912e-02
6.061374410986899997e-02
6.584531094878912083e-02
6.273259387662012687e-02
5.965696519861618530e-02
6.364498645688096423e-02
6.161848975966374015e-02
6.060314527402321794e-02
5.839781073232491737e-02
5.951660569757222935e-02
5.886714000875751390e-02
5.807955484216412168e-02
6.405689410865306188e-02
6.520216445749005274e-02
5.954110348597169144e-02
6.251228903730710051e-02
5.764602759853005437e-02
6.181022608963152032e-02
5.726443435375889318e-02
6.271421050652861706e-02
5.872971747070551002e-02
5.919333963965376505e-02
5.878726132214069644e-02
5.963326047174632299e-02
6.504443696389596019e-02
5.710930382832885011e-02
5.837945931901534352e-02
6.510674485315878779e-02
6.107345920676986173e-02
6.156233758976062398e-02
6.897736040564875215e-02
5.803396133705973625e-02
6.039387246593833081e-02
5.692637473965684453e-02
6.119871707943578404e-02
5.744575240959724077e-02
7.641804133231441809e-02
5.821666896964113047e-02
5.819303019593159015e-02
5.992207448308666667e-02
5.775596911708513748e-02
6.066336880127588815e-02
6.167856714377800698e-02
5.774305958921710502e-02
5.802142943566044458e-02
5.795863457024097443e-02
5.817096468682090432e-02
6.146597577879826108e-02
5.991613005598386138e-02
5.827298768485585784e-02
5.959678703919053105e-02
6.053704293444752554e-02
5.996257691954572783e-02
5.617389346162478259e-02
5.925730996454755400e-02
6.194048057620724079e-02
5.870826471596956447e-02
6.256164812793334196e-02
6.837784090389807667e-02
6.015126816928386549e-02
6.306867233167091913e-02
5.928117652734121029e-02
5.899508188789089752e-02
6.708610422288377451e-02
6.124718788390358382e-02
5.823781506468852370e-02
5.692374991873900419e-02
5.813492459865907819e-02
5.987704981118440600e-02
6.943145401775836778e-02
5.645833916962146592e-02
5.705299371853470719e-02
5.805013033250967791e-02
5.858936061461766237e-02
5.878693580317000816e-02
5.672347549969951330e-02
5.866989230116208265e-02
5.846681933229168349e-02
5.521514182289441464e-02
5.490034642939766590e-02
6.009289002045989370e-02
5.665656981989741076e-02
6.183250643312931255e-02
6.338761337101458948e-02
6.766476618746916638e-02
5.543037317693233490e-02
5.767335960020621849e-02
6.224571561440825351e-02
5.736352921153108075e-02
6.103912071635325676e-02
5.747503718361258312e-02
5.740994550287723680e-02
5.474899907285968315e-02
5.780018108586470332e-02
5.566096851291756076e-02
5.714416297152638546e-02
5.921724162995815194e-02
5.621694188565015682e-02
6.351698758080601137e-02
5.780960207184155514e-02
6.394897315651178193e-02
5.545138710488875522e-02
5.840418289105097499e-02
5.604833717768391288e-02
5.770441463838021229e-02
5.671875943119326913e-02
5.580873644600312100e-02
5.577386547500888525e-02
5.780627052610119027e-02
5.637427840381861038e-02
5.575114745957156226e-02
5.687428172677755356e-02
6.520928791413704850e-02
5.793913098052144023e-02
6.058130129550894083e-02
5.989203166216611890e-02
5.890533550331989582e-02
5.729908019925156887e-02
5.817407697439194031e-02
5.926224750777085715e-02
5.606863147579133760e-02
5.741755730162063920e-02
6.584605539217591730e-02
6.223079447013636634e-02
5.692847461750109861e-02
5.632304740448793035e-02
5.580599567542473410e-02
5.852610473521054069e-02
5.556275941741962987e-02
5.944663182521859462e-02
5.603315025878449068e-02
5.769322967777649330e-02
6.433099720937510146e-02
5.821251234039664241e-02
5.837752114360530986e-02
5.614919993405540627e-02
6.254437427657345838e-02
5.777148945257067764e-02
5.536429991324742783e-02
5.727718668368955712e-02
6.288020432305832519e-02
5.591207859416802428e-02
5.651539109647273768e-02
6.036965359623233662e-02
5.522921385864416888e-02
5.663079854721824596e-02
5.561068449169397077e-02
5.502027966082095878e-02
5.760679478446642521e-02
5.761293911685546471e-02
6.185559229925274849e-02
5.617184513558944048e-02
5.836222317380209551e-02
5.819641140910486454e-02
5.738770823925733872e-02
5.584629117821653804e-02
5.998025402116279048e-02
6.098319959516326771e-02
6.206286639906465757e-02
5.540991003935535897e-02
5.593778525168697363e-02
5.865513610343138506e-02
5.877526890486478583e-02
5.433863244950771360e-02
5.860530709226926399e-02
5.775315474718809017e-02
5.802723803247014644e-02
6.000618679138521039e-02
5.818692623016735038e-02
5.803330867240825974e-02
5.664422893275817411e-02
5.799726986947158908e-02
5.549505097791552349e-02
5.567843942592541617e-02
6.174227715780337966e-02
5.691821003953615593e-02
5.576920364362498300e-02
5.930609000225861571e-02
6.272693421070774100e-02
5.685741188315053540e-02
5.995036599536737038e-02
5.744324139629801429e-02
5.564171457973619145e-02
5.629247295980652210e-02
5.573748812700311112e-02
5.874840926068524566e-02
5.631096549642582855e-02
5.564207442725697950e-02
6.226540677870313206e-02
5.969702720331648838e-02
6.236104827063779221e-02
5.645745949819683945e-02
5.586820367723703551e-02
5.941957065214713285e-02
5.820133408531546343e-02
5.696746971147755717e-02
6.528389618421594209e-02
5.864423021363715516e-02
5.889944346621632520e-02
6.079811425569156547e-02
5.886978522874414949e-02
6.169714005043109434e-02
6.318108554929495468e-02
5.892528112046420408e-02
5.722607188547650797e-02
5.553947611401478107e-02
5.627425247182448603e-02
5.779989908138911253e-02
5.595309620102246334e-02
5.547698762888709362e-02
5.602230028559763986e-02
5.723872189720471959e-02
5.729335516691207858e-02
5.557944353669881654e-02
6.210149842003981346e-02
5.395247010203699234e-02
5.841214621439576316e-02
5.701810325806339758e-02
5.513447760914762935e-02
5.699608755608399913e-02
5.796995708098014177e-02
5.638269431268175258e-02
5.825561355178554557e-02
5.535953005775809399e-02
5.801060636838277496e-02
5.659998078830540125e-02
6.016259628658493508e-02
5.774075610563159100e-02
5.601690293289721123e-02
5.571824273094534707e-02
6.085634356364608144e-02
5.699134947111209049e-02
5.526552885770797535e-02
5.748547117536266515e-02
5.835079954005777808e-02
6.002105081453919244e-02
5.462379047026236917e-02
5.576935125514864700e-02
5.473049078136682510e-02
5.753898158669471657e-02
5.601176881541808372e-02
6.121123014638821247e-02
5.500720146112143827e-02
5.619471419602632689e-02
6.037013813542822793e-02
5.794387356067697004e-02
6.182345252484083148e-02
5.309452050675948775e-02
5.596204623579979082e-02
5.461080744241674639e-02
5.638149838273723985e-02
5.904363248807688314e-02
5.562832890699306865e-02
5.765977103263139614e-02
5.669967532157897672e-02
5.690551093779504244e-02
6.290352125341693024e-02
5.710419222402075834e-02
5.638718387732902931e-02
5.907978205010294692e-02
5.632152580345670123e-02
5.349335006127754755e-02
5.969629536382854013e-02
5.432935087010264119e-02
5.543763438239693309e-02
5.904187420072654763e-02
5.499769272593160729e-02
5.614559082314372201e-02
5.544137418270111278e-02
5.954075225008030603e-02
5.459323397527138244e-02
5.730607763553659251e-02
5.599122254488368700e-02
5.802334024260441536e-02
5.880662074933449418e-02
5.421780254070957678e-02
5.463519773756464470e-02
5.607332034036516949e-02
6.449131080880761424e-02
5.904730952034394076e-02
5.529228182819982684e-02
5.764432628328601538e-02
5.642391349809865175e-02
5.516797789682944403e-02
5.509030615290005928e-02
5.628895069162050818e-02
6.244589215144515093e-02
5.689243515953421731e-02
5.876672820498545641e-02
5.905773586283127180e-02
5.425180962930122724e-02
5.723937317108114542e-02
5.397363672032952364e-02
5.645466233293215674e-02
5.395394889637827873e-02
5.683250774318972937e-02
5.606242418599625271e-02
5.551872186362743350e-02
5.803395645692944332e-02
5.520818556038042252e-02
5.601263909290234155e-02
5.503410349910457799e-02
5.787762197355428989e-02
5.895566120743751803e-02
5.507010420784354265e-02
5.596557044734557645e-02
5.570974835505088096e-02
5.515272076552112795e-02
5.743979605535665806e-02
5.508341247836748972e-02
5.978757829094926562e-02
6.283484298735857176e-02
5.842992614023387321e-02
5.968303245802720342e-02
5.826032656244933827e-02
5.502361590663591706e-02
5.706999661400913998e-02
5.776816373070080973e-02
6.343851023353636043e-02
5.604306363500654448e-02
5.490344898154338182e-02
5.708923513069748962e-02
5.717312799766659931e-02
5.734859774510065594e-02
5.710394827338556578e-02
5.986466102302074460e-02
5.435234835992256569e-02
5.723425762727856608e-02
5.924380055939158091e-02
5.831896894611418580e-02
5.383559531221786959e-02
5.487758062159021899e-02
5.465740863854686576e-02
5.942693692942460637e-02
5.412571659311651850e-02
5.437216265747944755e-02
5.684651566669345069e-02
5.606578855464856154e-02
5.546223297715187350e-02
5.459969740981857056e-02
5.812728615477680966e-02
5.557221778358022168e-02
5.500098756824930296e-02
5.632892294786870369e-02
5.758826154284179405e-02
5.640924498438835283e-02
5.335473215207457709e-02
5.579702245071530009e-02
5.513973812883098818e-02
5.530233259312808403e-02
5.404715155561765072e-02
5.487578295481701507e-02
5.763859278832872413e-02
6.229427477965752274e-02
5.497842899834116254e-02
5.714235601946711374e-02
5.729618157570560977e-02
5.466875764851768932e-02
6.128821553041537834e-02
5.480828496317068782e-02
5.438231182595094221e-02
5.607434792444109667e-02
5.512339317550261908e-02
5.628688290094335800e-02
5.457989802584051892e-02
6.313159436918795719e-02
5.461080995698770063e-02
5.700085502117872155e-02
5.489429989829659740e-02
5.799999003919462104e-02
5.634210954109827862e-02
5.778699019302924178e-02
5.572430989084144193e-02
5.664101523036758207e-02
5.565717273702223966e-02
5.549598506341377885e-02
6.044122845555344875e-02
5.503009784345825467e-02
5.763713285326957370e-02
5.477997419113914135e-02
5.759031886234879799e-02
5.423968231926361988e-02
6.008503282442689136e-02
5.531223156799872781e-02
5.750855429098009758e-02
5.976208334167798508e-02
5.470094854633013315e-02
5.658302326997121517e-02
5.675224563727776506e-02
5.846641717478633093e-02
5.641381633157531439e-02
5.484296770766377421e-02
5.670414620699981700e-02
5.596061628932753884e-02
5.689802686373392898e-02
5.738103591526547836e-02
5.290347834428151680e-02
5.988384150589505517e-02
5.308159436099231521e-02
5.909820791333914025e-02
6.007918560256560875e-02
6.474953415803610945e-02
5.518431763785580646e-02
5.721769725282987301e-02
5.450045257185896080e-02
5.858270640795429363e-02
5.617076843356092614e-02
5.613421272486448371e-02
5.971152990435560359e-02
5.556621667618552585e-02
5.393377259063224238e-02
