4.981945945471525361e-01
5.181165731772779948e-01
3.299905601963400992e-01
1.936944173835218053e-01
1.479427162222564096e-01
1.194977534823119664e-01
1.077375278882682363e-01
9.542071251943708143e-02
8.778551162593066504e-02
8.866004753671587191e-02
8.405784380808473122e-02
8.265866257622837832e-02
8.170972248539327965e-02
8.378909317962825176e-02
8.095751774683594693e-02
7.996327258087694567e-02
8.026918417960404728e-02
7.876936509273946285e-02
7.946374821849166992e-02
7.884951397031546294e-02
8.181437723711132426e-02
7.824053777940571941e-02
7.859051504731177917e-02
7.733083242923020906e-02
7.812383100017905591e-02
7.762528019770979781e-02
7.714330313727259247e-02
7.612527794018388028e-02
7.909297134168445653e-02
7.764225781150162209e-02
7.642618147097528236e-02
7.653674832917749249e-02
7.585232860967516810e-02
7.630931168608368065e-02
7.669197900220751929e-02
7.498847385123372233e-02
7.616322134435177249e-02
7.627013883739709732e-02
7.595333867147564810e-02
7.484300694055855130e-02
7.561282773874700158e-02
7.659693407267331722e-02
7.476647835038602308e-02
7.746489076502621751e-02
7.726302362233400389e-02
7.462175256758928066e-02
7.410431161895394969e-02
7.693359797634184705e-02
7.508083756454289603e-02
7.790396082401275513e-02
7.716639515385032011e-02
7.376236015744506991e-02
7.513982365652918660e-02
7.448548988625407208e-02
7.796272406540810662e-02
7.242335469461977371e-02
7.642524774000049315e-02
7.380607192218303914e-02
7.429566143080591767e-02
7.428670886158943165e-02
7.296864940226077678e-02
7.277528156898915856e-02
7.216131740808487405e-02
7.254782506264746689e-02
7.229329011775553759e-02
7.203841958381235200e-02
7.378253832645714771e-02
7.575360357947646950e-02
7.232434088923037074e-02
7.163178285397589495e-02
7.342515381425619714e-02
7.608540950343012366e-02
7.570417834632098275e-02
7.195530382171273776e-02
7.214260027185082080e-02
7.534508724138140601e-02
7.240781893581152429e-02
7.430099399015308026e-02
7.739514499157666705e-02
7.122405739873648167e-02
7.364013425260781953e-02
7.091860310360789676e-02
7.324491344951093719e-02
7.327567013725638789e-02
7.517710062861442111e-02
7.243795686401427458e-02
7.216479954496025917e-02
7.068567346036434829e-02
7.073961323685944158e-02
6.968569601513445455e-02
7.143455954454838719e-02
7.214729660749436002e-02
7.861667689122259217e-02
7.291878881305456639e-02
7.165108877047896008e-02
7.322290850616991476e-02
7.161493962258100310e-02
7.090551424771547595e-02
7.097341319546103533e-02
7.076019810140132815e-02
