1.936073678918182883e-01
1.092635786905884754e-01
9.829281480982900165e-02
8.969671819359063825e-02
8.528786646202206334e-02
8.255254857242107225e-02
7.955890228971838896e-02
7.756689049303532035e-02
7.562977842986583210e-02
7.514325430616736190e-02
7.444753797724842914e-02
7.193562630563973825e-02
7.352000458166002561e-02
6.955138385295868420e-02
6.921233382076025231e-02
7.122010719031095227e-02
6.989164650440216064e-02
6.924537947401404603e-02
6.992909809574485158e-02
6.879493426531553546e-02
6.710086150094866919e-02
6.892056558281182965e-02
6.702502764761447684e-02
6.739063438028097819e-02
6.689784178510307933e-02
6.807632509618997962e-02
6.664810917340219243e-02
6.765588488429784275e-02
6.625694484449923261e-02
6.581334544345736337e-02
6.703061202540994135e-02
6.677868727594614418e-02
6.536989269778131773e-02
6.486762974411248994e-02
6.477051255293191090e-02
6.576758802868426512e-02
6.578279394656419421e-02
6.481258619576692193e-02
6.477024200372398510e-02
6.492375691421330142e-02
6.374058015644550046e-02
6.471701345406472017e-02
6.546326406300068124e-02
6.331606688909233172e-02
6.313643977977335953e-02
6.457151873968541844e-02
6.388205992057920113e-02
6.282650359906255533e-02
6.360501096583902336e-02
6.137561765499412875e-02
6.419033113867043949e-02
6.233037597499788141e-02
6.273776872083544620e-02
6.330408637411892581e-02
6.257942403666674758e-02
6.371313690207898450e-02
6.407495454885064889e-02
6.171348335221409770e-02
6.253583171404898666e-02
6.278333882801234722e-02
6.378457878716289886e-02
6.265225697308779429e-02
6.380085875280201713e-02
6.169331368058919574e-02
6.292174188420177061e-02
6.227425056509673651e-02
6.257455140352248535e-02
6.199555417522788214e-02
6.291117370128632147e-02
6.281544936820865344e-02
6.086009870283305701e-02
6.199181831441819696e-02
6.268697128631174620e-02
6.165552686899900686e-02
6.145578176714480007e-02
6.109512149356305377e-02
6.337460901588201634e-02
5.984623148106038570e-02
6.221822015941143313e-02
6.152463889680803016e-02
6.012644964270293796e-02
6.116713814437389068e-02
6.034952461719512995e-02
6.198805767111480181e-02
6.070539735257625413e-02
6.100388562306761908e-02
6.213809528388083286e-02
6.177349017001688286e-02
6.087689975276589643e-02
6.187432565726339734e-02
6.001331615261733254e-02
6.141675087623298113e-02
5.954824441112577943e-02
5.988022156059742002e-02
6.175662927329540058e-02
6.080569780431687582e-02
6.197201633825898115e-02
6.226823459379374898e-02
6.111345461569726162e-02
6.097181334160268334e-02
