3.202493011578917415e-01
9.929140347987414073e-02
7.794995166361332051e-02
7.734444793313741129e-02
7.330680366605520082e-02
6.860868468880652882e-02
6.738371929153799678e-02
6.308533104136586356e-02
6.598805340006946851e-02
6.495129991322755314e-02
6.171450857073068619e-02
6.419163921847939602e-02
6.304531291127205006e-02
6.241555683314800596e-02
6.348332501947880069e-02
6.017637591809034403e-02
6.249359752982854704e-02
6.214833928272128077e-02
6.177233630791306718e-02
6.054722305387258419e-02
5.976974621415138272e-02
6.089400500059127808e-02
6.150188528001308136e-02
6.113929491490125573e-02
5.809363611042499265e-02
6.224504131823778430e-02
5.891311047598719874e-02
5.901993526145815627e-02
5.357112765312194852e-02
5.763443972915410773e-02
5.724375970661640251e-02
5.992149937897920525e-02
5.761534797027707128e-02
5.975737951695919009e-02
5.817875979468226100e-02
5.710523063316941261e-02
5.887175187468528942e-02
5.725190876051783340e-02
5.840445287525653645e-02
5.576496874913573071e-02
5.776867430657148250e-02
5.649749325588345611e-02
5.944747962057590762e-02
5.776332985609769488e-02
5.645101189613341980e-02
5.616343213245272858e-02
5.693179108202457706e-02
5.851477298885583711e-02
5.557366134598851204e-02
5.741911528632044626e-02
5.448609139770269061e-02
5.878197390586138021e-02
5.702501948922872321e-02
5.609036184847354667e-02
5.442396245896816143e-02
5.637024966999888698e-02
5.572686618193983810e-02
5.622645257040858463e-02
5.654350090771913251e-02
5.104067230597138238e-02
5.861420903354883083e-02
5.551217418164014483e-02
5.603599000722169626e-02
5.417044142261147333e-02
5.536200225353241078e-02
5.672921404242515370e-02
5.535680901259183717e-02
5.317096516489982355e-02
5.612273365259170393e-02
5.723951997235417199e-02
5.672322103753685979e-02
5.628342321142554283e-02
5.630167402327060366e-02
5.413291789591312408e-02
5.567244445905089600e-02
5.512256205081939725e-02
5.600909531116485263e-02
5.513289025053381975e-02
5.702776098623871942e-02
5.589646698907017874e-02
5.580916594713926371e-02
5.589158147573471125e-02
4.908034883439540974e-02
5.986804831773042540e-02
5.346524359658360454e-02
5.569150881841778561e-02
5.450362551957368962e-02
5.548977894708514297e-02
5.181623850017785804e-02
5.709189314395188980e-02
5.627781286835670249e-02
5.313748465850949565e-02
5.532854247838258493e-02
5.538597054779529488e-02
5.442873597145080761e-02
5.511416750028729633e-02
5.336028765887022157e-02
5.419170320034027294e-02
5.452134862542152433e-02
5.246680179610848510e-02
