1.402768922567367627e+00
3.405788355529308475e+00
1.320613578394055354e+00
8.082028406411408961e-01
5.477637167945503816e-01
3.623064616024493922e-01
2.583888251185417206e-01
1.729989538267254767e-01
1.609297827184200391e-01
1.241078690420836239e-01
1.108941822834312863e-01
1.159219134412705909e-01
1.039564451314508864e-01
9.810771788656712233e-02
9.533488007448613633e-02
8.875187418423592656e-02
8.677827342599629679e-02
9.697850832529365805e-02
8.524413610622286197e-02
8.817676732875406875e-02
8.094554359093308893e-02
7.917115486785769596e-02
8.067725157551466908e-02
8.149193260446191411e-02
7.880281599424779349e-02
7.878418491035700522e-02
7.458155781216919966e-02
7.549423545040190309e-02
8.685480877757072171e-02
7.492208140715957143e-02
7.318003262020647548e-02
7.318200503662228296e-02
7.504324581101537439e-02
7.418420511670410777e-02
6.972176008112727918e-02
7.225383974239230067e-02
7.220874488539993918e-02
7.172213769331574340e-02
7.029742280021310241e-02
7.046312906593084346e-02
7.106626550853252511e-02
7.033467380702496108e-02
7.024542708694934967e-02
6.919867949001491658e-02
7.221209011785685583e-02
6.931106359697877806e-02
6.898335313051938422e-02
6.791942836530506789e-02
7.261497088894247609e-02
7.091420418396592040e-02
7.440038199350237913e-02
7.159442989714444316e-02
7.198202362284064626e-02
7.348485265299678493e-02
7.194136791303754053e-02
7.299379479419440542e-02
6.694082434661687009e-02
6.796366618014872130e-02
7.048604732193053390e-02
7.471287873387336131e-02
6.961793267913163330e-02
7.307856868952512797e-02
7.144189154449850920e-02
7.250726911984384238e-02
6.873662142641842610e-02
6.774680261500179435e-02
7.061142541468143352e-02
7.392367824725806780e-02
7.109419027529656487e-02
7.084465170465409356e-02
6.850208858307450799e-02
6.690674297697841999e-02
6.692587742768228709e-02
7.162661142088472266e-02
6.696381536871194584e-02
6.777197818830608955e-02
6.559379468206316677e-02
6.954887759871780650e-02
6.897221384570002833e-02
6.746135619655251048e-02
6.716420344077050908e-02
7.153500995598732759e-02
7.934240744076669072e-02
6.694883899018168327e-02
7.079599627852439792e-02
6.705198482796549675e-02
6.895446619018912038e-02
6.625825144909322506e-02
7.307605955004692344e-02
7.177972120046616222e-02
6.627102758735418930e-02
6.885932114161551210e-02
7.593320836406200480e-02
6.780843479093164039e-02
7.063788410089910652e-02
7.001946979947387684e-02
7.217757911607623755e-02
6.696121446602046334e-02
6.469639774784445574e-02
6.903325717337430167e-02
