2.176233018562197807e-01
9.295751011619965420e-02
8.271185833960771616e-02
7.391257179901003505e-02
8.126765681430697663e-02
7.432220122466484669e-02
6.879155089457829331e-02
7.017985453829168885e-02
7.121147000541289129e-02
6.943904387454191696e-02
6.706549102440476084e-02
6.776275112604102091e-02
6.689804596205552178e-02
6.394910902405778752e-02
6.445009117325146974e-02
6.974486647794643501e-02
6.300469648713867554e-02
6.507304860278964598e-02
6.709597490727901847e-02
6.730969335262973474e-02
6.749465795854726891e-02
6.661961153770486199e-02
6.349082317824164545e-02
6.755847098305821363e-02
6.597397176548838726e-02
6.220361661165952488e-02
6.288127434750398481e-02
6.266448142006993127e-02
6.402269489442308226e-02
6.214513861263791517e-02
6.471697522948186010e-02
6.369072827200095155e-02
6.423504979660113468e-02
6.298114261900385202e-02
6.450986338158448685e-02
6.298575892423589895e-02
6.509249219050010360e-02
6.167613569957514780e-02
6.137123608961701088e-02
6.136977264657616365e-02
6.354983180450896052e-02
6.139954220503568427e-02
6.505828694129983658e-02
6.803042331710457136e-02
5.981346990913152806e-02
6.277700365831453966e-02
6.425976831465959882e-02
6.322193094218771237e-02
7.087875531986355393e-02
6.569739843408266278e-02
6.352525635312000762e-02
5.885904487222433368e-02
6.466889624794323888e-02
6.789047485838334284e-02
6.593455435087283711e-02
6.070320747171838865e-02
6.119982734943429925e-02
6.268175762767592973e-02
6.072668928032120411e-02
6.224657545797526725e-02
5.928073407461245670e-02
6.032667336364587463e-02
6.465140121678511487e-02
5.869420946265260092e-02
5.987730576967199847e-02
6.951989157746235604e-02
6.020210277289152201e-02
6.378938278804223427e-02
6.183745081226030976e-02
6.330526249483227341e-02
5.895509472116827743e-02
6.040519795690973276e-02
5.641368385404348096e-02
5.986914350961645287e-02
6.668730669344465067e-02
7.439332475885748752e-02
6.010324843227863451e-02
5.983242392539978027e-02
5.856723953038454195e-02
6.012940972422559788e-02
5.816155022631088606e-02
6.206206045423944689e-02
5.562720484410722810e-02
6.080467720826467082e-02
5.939132522791624319e-02
5.943154945348699814e-02
6.107690049335360444e-02
5.896041112020612013e-02
5.902705578133463776e-02
6.157450642436743116e-02
6.712667356555659937e-02
6.298674282928308499e-02
6.112528199329972378e-02
6.560245008207857276e-02
6.280860725790261834e-02
6.081072609871625984e-02
5.830534899607300869e-02
6.122394602124889978e-02
5.649686221343775544e-02
5.654014832029739812e-02
6.162256895254055594e-02
5.712659766897559138e-02
5.800330699111024696e-02
5.952069892858465744e-02
5.966647438084085597e-02
5.910309938093026572e-02
6.262157836928963772e-02
6.222810660799344556e-02
6.450075640032688906e-02
5.963015743220845960e-02
5.881695394714673425e-02
5.764308370649814939e-02
5.730545253803332600e-02
5.622021385158101903e-02
5.889573845391472134e-02
5.714210559924443739e-02
6.145835877706606887e-02
5.841738878438870047e-02
6.085248560023804459e-02
5.916512274493773704e-02
6.096307534103592024e-02
6.321489613503217253e-02
5.824383105461795884e-02
6.275865226984024547e-02
6.714035798485080975e-02
5.837725160333017554e-02
5.651725598921378269e-02
5.779735828749835158e-02
6.919565004607042269e-02
5.825326169220109568e-02
6.245592095578710035e-02
5.744506861083209515e-02
6.117804385721683363e-02
5.765860108037789561e-02
5.752842695762713787e-02
5.637450678894917466e-02
5.994455209001899043e-02
5.583360770717263333e-02
5.544633059451977569e-02
5.658478895512719653e-02
5.611117140700419559e-02
5.913065760706862073e-02
5.637035792693495528e-02
5.669161630794405937e-02
5.797568596278628028e-02
5.805232653704782420e-02
5.743182890117168315e-02
5.789988495409488511e-02
5.676931984101732387e-02
5.816963129366437696e-02
5.795286161204179359e-02
5.829968166227141729e-02
6.068382237727443229e-02
6.277671679543951611e-02
6.333798574904600520e-02
5.518282366295655661e-02
5.642194581218063637e-02
6.032187949866056609e-02
6.213783203313748282e-02
5.977468286330501340e-02
6.011443100248774207e-02
5.861043362567822101e-02
5.787827907130121963e-02
5.784464239453276230e-02
5.680023221919933835e-02
5.843080277865131400e-02
6.074654127160707823e-02
5.972657310465971647e-02
6.060720252494017357e-02
5.995284746711453117e-02
6.061187644178668565e-02
6.166610706597566716e-02
5.802251410981019292e-02
5.561101815352837568e-02
5.950065938134987964e-02
6.344294757892687819e-02
6.128447123492757748e-02
6.271827359683811165e-02
6.069346141691009389e-02
5.668511184553304966e-02
5.820122143874565529e-02
5.616892232249180716e-02
6.337015567347407952e-02
5.799233721569180267e-02
5.939739123607674920e-02
5.688344551250338471e-02
6.172117096061507935e-02
5.964120245228211187e-02
5.940278592829902754e-02
5.605042318503061782e-02
5.837467268109321900e-02
5.774850730163355594e-02
6.296058507636188850e-02
5.780685874943931879e-02
5.714046459024151037e-02
5.687365407745043761e-02
5.823324732482433597e-02
6.254728739460309328e-02
5.662387452398737198e-02
5.633023549181719741e-02
5.824820343405008594e-02
5.509296437104543170e-02
5.631531374529004375e-02
5.417416267096996502e-02
5.374601778884728620e-02
5.714321677883466011e-02
5.693802245582143401e-02
6.054823880704740535e-02
5.498850801338751870e-02
5.532504999389251110e-02
5.581375897551576343e-02
5.889193498219053025e-02
5.553346962668001541e-02
6.371635934958855274e-02
5.605481075743834474e-02
5.552246590455373054e-02
6.153045171871781432e-02
6.147351629100739762e-02
5.541809062783916578e-02
5.961032690480351504e-02
5.841252630576491273e-02
5.469460373123486568e-02
5.666797978803515129e-02
5.728733595460653444e-02
5.673404311761259811e-02
5.639754166516165040e-02
5.611215611298878830e-02
5.823695776984095379e-02
5.782738038028279598e-02
5.898471079766750419e-02
5.919110103820761359e-02
5.671879386839766973e-02
5.394976669301589089e-02
5.640489063536127667e-02
5.649451645712057907e-02
5.870097486302256612e-02
5.695869622752070677e-02
5.942775934934615978e-02
6.301163163346548690e-02
5.661520282737910609e-02
5.656550149122874238e-02
6.064661726976434269e-02
5.635155746402839561e-02
5.652492731499175055e-02
6.183983745674292293e-02
5.871083326637745181e-02
5.534706773236394012e-02
5.548550182953476684e-02
6.189723544443646863e-02
5.589034110307693204e-02
5.570804389193653727e-02
5.941274540809293736e-02
5.697246283292770053e-02
5.825916504487395342e-02
6.456787030523021553e-02
5.806433391446868403e-02
5.927597510317961227e-02
5.567094319189588164e-02
5.983251440649231534e-02
6.627820657566189932e-02
5.605172607737282653e-02
5.468869693266848603e-02
5.796425927119950444e-02
5.488372245182593367e-02
5.774353527774413186e-02
5.578556303555766427e-02
5.679629030327001948e-02
5.599661459525426266e-02
5.404622642944256761e-02
5.922489089891314756e-02
5.662131877305606742e-02
5.884731884424885401e-02
5.434073303205271682e-02
6.068066772694388766e-02
5.721143306543429591e-02
6.160291450719038858e-02
5.939776337084670677e-02
5.610443007511397434e-02
5.684586572150389372e-02
6.055203765630721990e-02
5.758046452576915525e-02
5.660838835562268662e-02
5.964550651920338259e-02
5.763553481859465255e-02
5.409895943477750074e-02
5.773267818614840480e-02
6.031840713384251096e-02
6.085525748630364606e-02
5.793121157214045636e-02
5.895310312509536438e-02
5.480445178225636788e-02
6.005937719096739874e-02
5.506956177453199708e-02
6.192422580594817566e-02
5.483478626546760271e-02
5.467221527981261375e-02
5.560031917877495539e-02
5.856579414879282269e-02
5.977768014495571380e-02
5.808542679374417012e-02
6.013767029158770955e-02
5.750041759262482233e-02
5.983562619425356055e-02
5.855498813713590212e-02
5.635546314219633951e-02
6.295518636393050704e-02
5.911405590052405679e-02
5.627768151462077956e-02
5.581768839620053491e-02
5.896186379715800258e-02
5.807712969059745239e-02
6.510215103626251776e-02
5.545974677428602839e-02
5.475059988287588053e-02
5.548637777566909485e-02
5.564773219016690836e-02
5.698441753474374483e-02
5.612792832776904162e-02
5.503351135179400389e-02
5.461323575427134980e-02
6.707945590217907761e-02
5.705946221947669900e-02
5.434919672397275914e-02
5.563073258226116508e-02
5.530152413373191911e-02
5.344095025832454326e-02
5.591531824941436274e-02
5.756054533645510451e-02
5.836182750140627568e-02
5.420278393973906872e-02
5.588046569377183581e-02
5.994670557479063466e-02
5.701618205755949048e-02
5.588910514799257101e-02
5.456514001513521062e-02
5.718753446824848680e-02
5.994536238412062623e-02
5.783196961196760549e-02
5.541845194995403262e-02
5.850781039024392782e-02
5.501160806976258810e-02
5.698272264252106367e-02
5.771615490938226262e-02
5.312969407998025667e-02
5.961111801366011237e-02
5.980827461928129446e-02
5.487241482362151257e-02
5.743328853199879125e-02
5.562370818729201610e-02
5.331201766307155226e-02
5.684150783965984804e-02
5.927597403526305847e-02
6.033741353079676711e-02
5.472319603276749184e-02
5.564836753221849563e-02
5.517350358267625321e-02
5.606113921850919973e-02
5.761949749042590690e-02
5.343301673109332461e-02
5.910223480003575641e-02
5.478007339251537988e-02
5.762113217885295874e-02
5.573973084799945660e-02
5.572667237992087741e-02
5.699795297967891194e-02
5.517144456816216319e-02
5.256422262638807408e-02
5.696655977517366132e-02
5.803394566600521276e-02
5.401290121798713734e-02
6.173838488136728503e-02
5.557176478207111192e-02
5.674782220274209726e-02
5.467994991069038968e-02
5.920585244273145892e-02
6.064845259301364366e-02
5.800946029524008118e-02
6.432746344245970915e-02
5.711442913860082654e-02
5.508734621728460235e-02
5.595515749727686394e-02
5.914461489766836139e-02
5.522379405175645989e-02
5.481638268878062659e-02
5.425443829968571580e-02
6.247301747401555472e-02
5.624513306965430587e-02
5.881635635470350287e-02
5.698356994738181663e-02
5.628034660592675514e-02
5.857122202714284270e-02
5.469702659795681876e-02
5.724217195063829172e-02
5.457345445950825824e-02
6.077349496694902514e-02
5.474388120695948545e-02
6.358133319454888077e-02
5.870806204775969039e-02
5.616263934721549278e-02
5.545546745260556548e-02
5.388184513275821874e-02
5.569097463662425751e-02
6.111450269818306108e-02
5.545090967168410379e-02
5.886182504706084784e-02
5.790991903593142864e-02
5.782143892409900843e-02
5.560994924977422094e-02
5.468403909355402243e-02
5.588713927194476072e-02
5.384984615258872620e-02
5.813136401896675659e-02
6.151054947947462437e-02
5.538899797325332747e-02
5.249880150581399257e-02
5.280938311479985853e-02
5.372444193810224644e-02
5.863151286418239599e-02
5.526322536791364315e-02
5.602795231156051242e-02
5.313118988027175360e-02
5.647392444312572535e-02
5.734575883795817869e-02
5.758070570106307851e-02
5.257170507684350014e-02
5.665892213582992415e-02
5.588842349747816934e-02
5.532323107123374856e-02
5.828146558565398122e-02
5.801016895100474108e-02
5.682607701358696056e-02
6.078910024215777863e-02
5.573848811288674432e-02
5.547380410755674285e-02
5.525578342999021286e-02
5.465202532087762993e-02
5.452308449894190112e-02
5.673993635301788352e-02
5.980481438959638074e-02
6.372402775411804832e-02
5.666380080084006121e-02
5.639526801183819549e-02
5.609854305783907452e-02
5.560316723460952126e-02
5.735263237729668756e-02
5.983664041385054755e-02
5.582467723016937278e-02
5.724596803387006078e-02
5.308768451213836947e-02
5.843880770107110628e-02
5.616361720487475506e-02
6.285535305738448875e-02
5.840492055440942715e-02
5.560259625936547767e-02
5.589635246743758501e-02
5.481586732591191974e-02
5.904686169698834114e-02
6.061057414238651270e-02
5.324524041886131293e-02
5.602997961143652700e-02
5.533683144797881676e-02
5.595489809910456080e-02
5.486065631732344600e-02
6.010397854571541271e-02
5.484218684956431583e-02
5.580671487376093892e-02
5.800251063580314642e-02
6.749106191098690199e-02
5.483184312780697844e-02
5.618672071024775200e-02
5.545696183728675288e-02
5.550062601764996911e-02
5.203085993727048220e-02
5.440525226915875895e-02
5.441507659542063613e-02
5.461030829076965465e-02
5.572169559076428635e-02
5.624665515807767552e-02
5.571195527290304789e-02
7.095986473684509632e-02
6.457014231632153545e-02
5.978197496384382581e-02
5.536064362774292813e-02
5.288888974115252273e-02
5.721103330453236602e-02
5.749525693555673084e-02
5.915791955466071644e-02
5.807442133625348446e-02
5.517657492930690133e-02
5.750327954689661569e-02
5.655887775744001394e-02
5.585581663375099176e-02
5.650122709261874016e-02
5.532127793878317129e-02
5.636012353003025388e-02
6.190994630878170202e-02
5.596193073938290213e-02
5.437697911014159613e-02
5.796394341314832499e-02
5.683798631653189798e-02
