9.739695017536481592e-02
8.709943773845831017e-02
8.402508378028869518e-02
8.055797663827736488e-02
8.000505626201630249e-02
7.915000585218270879e-02
7.956789582967757624e-02
7.761487886309623163e-02
7.851730979979038016e-02
7.679283628861109656e-02
7.657926862438520221e-02
7.531861650447051193e-02
7.547765677173932930e-02
7.467974719901879221e-02
7.400718870262304461e-02
7.234239049255847265e-02
7.308247889081637139e-02
7.516440289715925482e-02
7.158694540460903977e-02
6.805149684349695582e-02
7.199269481003284232e-02
6.953278611103694273e-02
6.973870625098546605e-02
7.129340487221877409e-02
6.955438248813151925e-02
6.933554766078789400e-02
7.207526979347070317e-02
7.077360183000563909e-02
7.011581475536028674e-02
7.092897325754166094e-02
6.793204613029957262e-02
6.819899131854374741e-02
6.878697688380877584e-02
6.786483339965343475e-02
6.677897264560063439e-02
6.799299356838067743e-02
6.723078039785225501e-02
6.280319564044475888e-02
6.721870034933090376e-02
6.606764337668816212e-02
6.654435555140177094e-02
6.509015182654062648e-02
6.733702992399533127e-02
6.676709768672783873e-02
6.746031972269217469e-02
6.611892931163311504e-02
6.374579458187024095e-02
6.700071689983208567e-02
5.914259983847538343e-02
6.612590325375397593e-02
6.646071948111056948e-02
6.474659809221823548e-02
6.696949673195680408e-02
6.346765072395403606e-02
6.429994476338227183e-02
6.461532087375720934e-02
6.421440693239370556e-02
6.512677522997060986e-02
6.550116250912348115e-02
6.390929467976093348e-02
6.296634919941425379e-02
6.621544050673643100e-02
6.454060311118761661e-02
6.365124064187209496e-02
6.325783581783374354e-02
5.785310106972853250e-02
6.027001880109310317e-02
6.080343350768089433e-02
6.464703819404045426e-02
6.257519471148649537e-02
6.294153271863857368e-02
6.233046288291613224e-02
6.301963741580644818e-02
6.296239476650952738e-02
5.725134330491225138e-02
6.062530733644962144e-02
6.228031177073717339e-02
6.391376291712125290e-02
6.370477850238481787e-02
6.231557079901298146e-02
6.344073075801133499e-02
6.344352787981430430e-02
6.115458401540915107e-02
6.330958609779675783e-02
6.122299926976362827e-02
6.266337962200244083e-02
6.206115029752254375e-02
6.359035187711317705e-02
6.299657369653384464e-02
6.331884708255529348e-02
6.118145455916722958e-02
6.141309464971224374e-02
6.260042205452918951e-02
5.411295242607593731e-02
6.131398923695087488e-02
6.096768700828154863e-02
6.251452097048361412e-02
6.096298030267158913e-02
5.965819218506415722e-02
6.166688920309146282e-02
6.142568537344535173e-02
6.158496239533026856e-02
6.275176059454679045e-02
6.154016194244225912e-02
6.025461873660484940e-02
6.217763088643550595e-02
6.062982150663932118e-02
5.835368384917576784e-02
5.878958422690629820e-02
6.217188994089762472e-02
5.999450523406266861e-02
6.190621444334586804e-02
5.654360561321179063e-02
6.044472785045703483e-02
6.221038844436407173e-02
6.160147501776615936e-02
5.793942930797735952e-02
5.718351262311140853e-02
6.157456123580535429e-02
5.678277082741260695e-02
5.858998771756887547e-02
5.737922863413890545e-02
5.919553490976492416e-02
6.121999676028887227e-02
5.735306995610395947e-02
5.708398660024006921e-02
5.984691170354684148e-02
6.108920685946941237e-02
5.458623422930637681e-02
5.578735028704007171e-02
5.670546372731526813e-02
5.776007262368997031e-02
5.691536625226338575e-02
5.928201412161191591e-02
5.936724466582139065e-02
6.005185052752495117e-02
5.796735834330320192e-02
5.854575164616107608e-02
5.998683465023835204e-02
6.032103660206000056e-02
6.132363873223463380e-02
6.127568921695152743e-02
5.916456587612629187e-02
5.925939106692870717e-02
5.953997219602266688e-02
5.980630050102869744e-02
5.916130121797322922e-02
5.902656132976213943e-02
5.509302047391732848e-02
5.930236560602982626e-02
5.757246099412441365e-02
5.783494236568609975e-02
6.105325795710087045e-02
5.531742862115303361e-02
5.470690029362837437e-02
5.962153931458791245e-02
5.936099813630183603e-02
5.573282772054274914e-02
5.453243400901555682e-02
5.792880716423193938e-02
5.941891531149546407e-02
5.746795954803625428e-02
6.022296236207087816e-02
5.766648278882106210e-02
5.782231433937946863e-02
5.604317209372917941e-02
5.773514309277136963e-02
5.926116121311982704e-02
5.695488852759202081e-02
5.683713412533204085e-02
5.627046996106704196e-02
5.805921163409948071e-02
5.929605182260275220e-02
5.836505527297655704e-02
5.767166625708341349e-02
5.602855905890465060e-02
5.744783475995064032e-02
5.772088201095660481e-02
5.942720788220564460e-02
5.366810525457064301e-02
5.568480018526315856e-02
5.707331904520591276e-02
5.564840096980333550e-02
5.940780459592739926e-02
5.754775619755188310e-02
5.690556246787309425e-02
5.927478394160667907e-02
5.852601079891125296e-02
5.809252219895522096e-02
5.829291090369224243e-02
5.558108080178499055e-02
5.632098060101270454e-02
5.643588141848643325e-02
5.608324627081553299e-02
5.769082990785439485e-02
5.706901793678601648e-02
5.571650662769873918e-02
5.469271276146173144e-02
5.877649227778116575e-02
5.474108835061391315e-02
5.922762555380662458e-02
5.772591327627499963e-02
5.717938867708047268e-02
5.788907840847969111e-02
5.761489747713009757e-02
5.699720568954944749e-02
5.653856899589300433e-02
5.548567493756612068e-02
5.920416389902432436e-02
5.778653254111607712e-02
5.887245596696932814e-02
5.768893741071224462e-02
5.646536294370889386e-02
5.643287455042203526e-02
5.782994958261648832e-02
5.797104188551505111e-02
5.872235919038455015e-02
5.152829792350530763e-02
5.828803321967522544e-02
5.690614293018976533e-02
5.847737189382314765e-02
5.496174328029155426e-02
5.564984604716301242e-02
5.662108733008305167e-02
5.681621134281158308e-02
5.768698216726382555e-02
5.674447912722826309e-02
5.722178000956773536e-02
5.750049459437529126e-02
5.785235246022542299e-02
5.464485976845025877e-02
5.763553944726784728e-02
5.739752282698949021e-02
5.603055384010076356e-02
5.614180003603299468e-02
5.651007238775491992e-02
5.695732253293196018e-02
5.738806431492169541e-02
5.486306406557559662e-02
5.453241354475418801e-02
5.631626142809788294e-02
5.724492316444714651e-02
5.571632634848356497e-02
5.475246609499057060e-02
5.428056067476669938e-02
5.440722315261761061e-02
5.701027831683556230e-02
5.710846933225790373e-02
5.429976474493741767e-02
5.632855057716369684e-02
5.539764840155839837e-02
5.560793990890185168e-02
5.306958669175704246e-02
5.624342661350965195e-02
5.491225132097800332e-02
5.517724332710106927e-02
5.535362871984640665e-02
5.788998925437530141e-02
5.760654587298631724e-02
5.309958223253488652e-02
5.521389897912740846e-02
5.672025635838508911e-02
5.352654106914997434e-02
5.681318034728367883e-02
5.714895576238632202e-02
5.622790943831205285e-02
5.555549684911966629e-02
5.558251764625311148e-02
5.721375265469153676e-02
5.698223044474919757e-02
5.517666368434826635e-02
5.455299026022354669e-02
5.654879583666722054e-02
5.358411780248085315e-02
5.446534302085637852e-02
5.422122926761707012e-02
5.445534375806649480e-02
5.558632558832565795e-02
5.552402554700772153e-02
5.749486009279886761e-02
5.696440656979878669e-02
5.549357019364833943e-02
5.634452225019534466e-02
5.342986334115266966e-02
5.586729808400074659e-02
5.572222009301185802e-02
5.503875794510046382e-02
5.747170918931563538e-02
5.503494730840126359e-02
5.494675421466430065e-02
5.579122761885325216e-02
5.452003924796978290e-02
5.495290473103522921e-02
5.477518932272990720e-02
5.605555805067221481e-02
5.470237205425898530e-02
5.665649843712648043e-02
5.487621304889520046e-02
5.342593948046366059e-02
5.671983703970909230e-02
5.512472413480282163e-02
5.667876001447438861e-02
5.448565886666377478e-02
5.784197082122166655e-02
5.650192211071650150e-02
5.505993137756983596e-02
5.763858181734880098e-02
5.314770610382159310e-02
5.148193751772244670e-02
5.438347637653350580e-02
5.545764238884051678e-02
5.435567828516165573e-02
5.635661449283361352e-02
5.526523263504107969e-02
5.493152737617492537e-02
5.500189794848362596e-02
5.523470379412174364e-02
5.469776773204405862e-02
5.548035153498252076e-02
5.710946843028068265e-02
4.988085211565097127e-02
5.455561745911836902e-02
5.727913372218609162e-02
5.581600133329629732e-02
5.210056878626346394e-02
5.685334478815396581e-02
5.505147015055020937e-02
5.606179287036260062e-02
5.365332208573818373e-02
5.488740907361110144e-02
5.578390926122665100e-02
5.326583251357078219e-02
5.599589907874663597e-02
5.557684231549501336e-02
5.741169462601343476e-02
5.298262707889080103e-02
5.068675226221482089e-02
5.294939530392488158e-02
5.398643193145592767e-02
5.452475611120462251e-02
5.487390771508216664e-02
5.085934046655893326e-02
5.389351812501748384e-02
5.543599097679059035e-02
5.440226994454860909e-02
5.511054303497076035e-02
5.490521986037492919e-02
5.383852089444796096e-02
5.541365665694077819e-02
5.590421705196300939e-02
5.313390358040730177e-02
5.240729000419377948e-02
5.330419760197400991e-02
5.634689333538214079e-02
5.493125839779774283e-02
5.606858061005672023e-02
5.404679009069999346e-02
5.448614832013845555e-02
5.404803757866223635e-02
5.377985657503207839e-02
5.352626317491133989e-02
5.344656017919381663e-02
5.477487580229838809e-02
5.394103255122899981e-02
5.325664607187112487e-02
5.521666544179121977e-02
5.431601844727992900e-02
5.547417528927325869e-02
5.457350901017586631e-02
5.488627102226018711e-02
5.197047738979260201e-02
5.698363148917754556e-02
5.439316093921661710e-02
5.502083208411932130e-02
5.319582319507996232e-02
5.361767951399087906e-02
5.403679313759009173e-02
5.025464435418446757e-02
5.515977402528127183e-02
5.546737505743901120e-02
5.309405265996853390e-02
5.294217944145202664e-02
5.515922351429859705e-02
5.640315463145573888e-02
5.519132097562154393e-02
5.445241466164588845e-02
5.524204815427462278e-02
5.362805671989917533e-02
5.328964445739984429e-02
5.557573162019252555e-02
5.460372805595398171e-02
5.559704579412937109e-02
5.038916243861119026e-02
5.441427088032166348e-02
4.774755806972583172e-02
5.503463170180718234e-02
4.779034600903590835e-02
5.386250274876753369e-02
5.342978199323018124e-02
5.574447595824798263e-02
5.607159715145826340e-02
5.294352530191342304e-02
5.157943443705638453e-02
5.404977759967247858e-02
5.311849268774191529e-02
5.505570682386557585e-02
5.471378911286592372e-02
5.326601239542166216e-02
5.532355803996324289e-02
5.089807798465093014e-02
5.523278699566920580e-02
5.522731357564528848e-02
4.817170030126968761e-02
5.620076527198155508e-02
5.361499266078074977e-02
5.084986615926027215e-02
5.401255745440721595e-02
5.031035484125216672e-02
5.370181067536274749e-02
5.300426347802082716e-02
5.431260734796523881e-02
5.317082499464353268e-02
5.444398555904626791e-02
5.218621984124183905e-02
5.364535914113124221e-02
5.316751606762409182e-02
5.207743888099988089e-02
5.524477403610944526e-02
5.090932497133811296e-02
5.541141927242278914e-02
5.561064281811316928e-02
5.384378063182036073e-02
5.337834592908621140e-02
5.284486836443344493e-02
5.399569901327291865e-02
5.297870273391405704e-02
5.423169430345296804e-02
5.608305111527443071e-02
5.135124643643697306e-02
5.081530477851629174e-02
5.308923502763112506e-02
5.001087301721175715e-02
5.383869285384813852e-02
5.427070782830317741e-02
5.272650794436534172e-02
5.266031127423047992e-02
5.362885282685359023e-02
5.294168257464965111e-02
5.429491811742385293e-02
4.907951876521110535e-02
5.446331282456715744e-02
5.540423611799875914e-02
5.343131951987743072e-02
5.037644537786642451e-02
5.541144600758950156e-02
5.556106715152660941e-02
5.176773527016242243e-02
5.178151844690243727e-02
5.385420396924019137e-02
5.463960121075312620e-02
5.490245697398980773e-02
5.325606167316436490e-02
5.183893278241157726e-02
5.110386182864506965e-02
5.497252315282821766e-02
5.346385333687066893e-02
5.457846906036138701e-02
5.190958624084790474e-02
5.408248728762070356e-02
5.434374257922172657e-02
5.304575902720292530e-02
5.315902686367432461e-02
5.250479768961668209e-02
5.414514326800902444e-02
5.447957564145326781e-02
5.493212757011254471e-02
5.159535660097996218e-02
5.142722068975369432e-02
5.346709056446949382e-02
4.504182351132234030e-02
5.356007433185974720e-02
5.116992452492316601e-02
5.555917290349801640e-02
5.168991605440775849e-02
5.098905621717373521e-02
5.294715573390324642e-02
5.347729980945586936e-02
5.493810458729664337e-02
5.208817364027102520e-02
5.220821226636569029e-02
5.166704677045345223e-02
5.355097728470960966e-02
5.409362827738126156e-02
5.414457992961009547e-02
5.246731466303269226e-02
5.153727384905020664e-02
5.258231218904256543e-02
5.518778096884489198e-02
5.386849369853734942e-02
5.178611882030963870e-02
