4.220845016390085136e-01
1.189124051570892293e+00
4.855165107548236603e-01
2.147186574861407182e-01
2.408183047845959546e-01
2.870050394162535490e-01
2.355941577553749000e-01
1.851835602447390594e-01
1.569925273507833396e-01
1.142154362890869385e-01
1.082152935974299846e-01
1.085324834138154948e-01
9.303448566235601735e-02
8.525048119202256747e-02
8.688282660767436549e-02
8.445940086618065890e-02
7.878193593770264902e-02
7.862918022833764731e-02
7.830633904971182058e-02
8.266996823996305976e-02
7.769993826746940391e-02
8.646956422366201822e-02
7.640290100127458683e-02
7.579054013080895047e-02
7.621359814330935789e-02
7.607424077391623796e-02
7.573355373181402117e-02
7.351299046725034980e-02
7.409431525133550189e-02
8.098209977149962990e-02
7.638083749450742810e-02
7.289294979907572081e-02
7.330717818066477542e-02
7.484872811660170377e-02
7.624224409088492527e-02
7.196077282354235161e-02
7.344362655840813714e-02
7.446814970299601988e-02
7.407236555218696394e-02
7.250967299938201882e-02
7.479444696009159010e-02
7.241462432965636853e-02
7.287351712025702533e-02
7.401563115976750318e-02
7.456361851282418407e-02
7.090732457675039124e-02
6.840221721306442848e-02
7.486157960444689285e-02
6.928775089420377564e-02
7.100325768999755927e-02
6.924864532053470745e-02
6.796889192610978958e-02
6.750097957998514586e-02
6.848322751931845698e-02
6.971964870020747052e-02
7.154106941074132864e-02
7.384504414536058325e-02
8.224958155862986675e-02
6.821893888898193647e-02
6.955261786840856442e-02
6.844961146451532252e-02
7.560094154346734541e-02
7.169495067000389299e-02
7.142661452852189230e-02
7.327708921581506385e-02
7.130418430641292937e-02
6.887627251073717705e-02
6.774874981120228290e-02
7.275141010992229595e-02
6.976624247431754966e-02
6.884115689434111562e-02
7.138261520303786078e-02
7.999936594534665102e-02
7.112373907864093237e-02
7.101959025673568182e-02
7.724511693790554745e-02
7.625497323274611772e-02
7.345502193551510517e-02
7.628821815364063286e-02
6.724867920950054756e-02
6.725114685297012285e-02
6.965068071521818283e-02
6.668955105356871860e-02
6.726474709995090839e-02
7.140846035070717857e-02
8.639180126599967091e-02
8.175364246033131610e-02
7.311884525045753147e-02
8.028204375505447465e-02
6.724070479348301377e-02
6.785165799781679719e-02
7.017062347009778156e-02
6.671731614693998669e-02
6.762553013116121003e-02
7.013543447572738454e-02
6.562947694398463261e-02
6.787217360176145409e-02
6.625842988304793402e-02
6.608805890753864654e-02
6.888102317228912697e-02
