4.378764370083809143e-01
1.705822221934795435e-01
9.679750360548496080e-02
7.508382510393857290e-02
7.325849812477827627e-02
7.109108973294496481e-02
6.781663104891777483e-02
6.532721281051635798e-02
6.478888817131518707e-02
6.331319496035575645e-02
6.181599147617816703e-02
6.243302278220653340e-02
6.372930305078625124e-02
6.288958469405769858e-02
5.982602920383214840e-02
5.959352310746908465e-02
5.962980266660451723e-02
6.225381828844547133e-02
6.205439725890755931e-02
5.618539771065116095e-02
5.614945452660322078e-02
6.011277357116341646e-02
6.240844691172241915e-02
5.962906952947378408e-02
5.783849872648715723e-02
5.680068500339984644e-02
6.069071475416421696e-02
6.094244699925184527e-02
5.875435614958405411e-02
5.628837216645479063e-02
5.932593084871769229e-02
5.934190645813942205e-02
5.858409946784377126e-02
5.522276422008871866e-02
5.384121136739850044e-02
6.135272368788718955e-02
5.766690248623490556e-02
5.770405024290084506e-02
5.488456113263964764e-02
5.964111164212226868e-02
5.623081408441066992e-02
5.468143478035927124e-02
5.512469973415136393e-02
5.721352316439151653e-02
5.612601691856980435e-02
5.880191618576646045e-02
5.888281876221299060e-02
5.512981867417693360e-02
5.893636189401149639e-02
5.754332397133112009e-02
5.728927494958042932e-02
5.860392877832055342e-02
5.792555665597319547e-02
5.725202225148677548e-02
5.605213345959782906e-02
5.829645982012152811e-02
5.764084285125136570e-02
5.321640191599726760e-02
5.921198790892958502e-02
5.754857733845710616e-02
5.518951168283819930e-02
5.405417377129197176e-02
5.890929862856864735e-02
5.512034142389893310e-02
5.343893602490425165e-02
5.806152893230318718e-02
5.775360397994518113e-02
5.564341019839048191e-02
5.543236181139946095e-02
5.818207325413823211e-02
5.735264457762241641e-02
5.526074852794408965e-02
5.143797602504492084e-02
5.754422275349498073e-02
5.714528053998946949e-02
5.372520701959729306e-02
5.289070451632141984e-02
5.619479777291416789e-02
5.275530014187097827e-02
5.685077799484133942e-02
5.632706437259912824e-02
5.482408663257956616e-02
5.668549902737140406e-02
5.427122488617897034e-02
5.496504869312048014e-02
5.146666157990693879e-02
5.880188534036278475e-02
5.707882607355713872e-02
4.623869597911834523e-02
5.923002671450376677e-02
5.648952787742018977e-02
5.705442175269127142e-02
5.540857559069991417e-02
5.624816330149769866e-02
5.558623004704713738e-02
5.729785708710551095e-02
5.525116728618741091e-02
5.666765011847019196e-02
5.634841127321123938e-02
5.467842370271682600e-02
