6.850945764034986618e-02
4.926294226944446381e-02
4.688476838171481975e-02
4.588847176730632971e-02
4.473500625789165325e-02
4.406720171868801217e-02
4.371016530692577173e-02
4.293036609143018739e-02
4.261738194525242079e-02
4.205812273919582595e-02
4.180595485121011562e-02
4.118362349271774414e-02
4.102536349743604593e-02
4.087151168286800446e-02
4.009427664428949489e-02
3.991464634984731585e-02
3.954356561601161946e-02
3.911309676617383962e-02
3.918405462056398503e-02
3.880225754529238041e-02
3.867877075821161276e-02
3.859183087199926504e-02
3.836559291183948284e-02
3.808848802745342516e-02
3.777023525536059995e-02
3.758262825012206876e-02
3.734626263380050326e-02
3.708501312881708201e-02
3.683636838942766500e-02
3.657861109077930467e-02
3.666984290257096352e-02
3.656912504881620202e-02
3.630424135923385892e-02
3.597401111200451695e-02
3.581897184252738620e-02
3.545288867130875349e-02
3.560480961203574962e-02
3.552699878439307540e-02
3.523518930375575675e-02
3.517280681431293743e-02
3.511876943334937134e-02
3.502117546275258092e-02
3.482824920490384252e-02
3.462803664058446834e-02
3.471652105450630243e-02
3.461754492297768743e-02
3.447187464684248193e-02
3.430195562541484694e-02
3.414904068782925739e-02
3.418419971317052802e-02
3.399991757795214897e-02
3.398216791823506500e-02
3.407955214753746742e-02
3.398742521554231483e-02
3.390218182280659714e-02
3.377889470383525078e-02
3.367175822332501428e-02
3.360916668921708900e-02
3.360649001225829435e-02
3.350918786227703033e-02
3.338445875048637324e-02
3.342562694847583948e-02
3.326096640154719425e-02
3.332299365848302719e-02
3.333320088684559035e-02
3.330899006873368901e-02
3.312458312511443875e-02
3.320470163971185606e-02
3.298544547706842162e-02
3.308973282575607133e-02
3.297127588093280715e-02
3.294954665377736180e-02
3.277200083062052627e-02
3.286766407266258905e-02
3.274410571530460973e-02
3.277970045059919180e-02
3.266698504239320955e-02
3.265552344545721852e-02
3.264891805127263097e-02
3.241989625617861664e-02
3.236380641907453393e-02
3.249805223569274260e-02
3.267270405963063062e-02
3.238900155946612680e-02
3.243186092376709045e-02
3.232583583891391471e-02
3.233082275837659975e-02
3.240445393696427673e-02
3.222783269360661451e-02
3.227392193302511952e-02
3.234796231240034264e-02
3.230432480573654230e-02
3.210969221964478371e-02
3.234602161124348896e-02
3.225234575197100800e-02
3.214886577054858197e-02
3.215558131411671433e-02
3.195961114391684260e-02
3.208745111152529889e-02
3.203160488232970060e-02
3.210995855182409431e-02
3.185727218911051789e-02
3.197592184692621409e-02
3.200505138561129254e-02
3.194854029640555038e-02
3.189961601793765700e-02
3.193962652981281042e-02
3.196008728817105460e-02
3.163827269896864886e-02
3.173282007873058641e-02
3.187764349207282411e-02
3.173394507169723794e-02
3.170230321958661390e-02
3.180249034613370773e-02
3.171804532781243025e-02
3.176701612770557737e-02
3.160260237380862341e-02
3.174666258692741133e-02
3.168049305304884711e-02
3.165089005231857405e-02
3.166288412362337074e-02
3.157651487737894030e-02
3.153921672329306619e-02
3.152254831045866318e-02
3.144010781869292087e-02
3.137991883605718846e-02
3.146868531778454492e-02
3.139331017434596888e-02
3.133566735684871485e-02
3.140139741078019214e-02
3.131812981516123029e-02
3.136630053818225544e-02
3.122993122041225339e-02
3.135173811018467094e-02
3.118466008454561303e-02
3.128304432332515428e-02
3.117595091834664267e-02
3.137472245469689197e-02
3.117979981377720991e-02
3.123331787809729629e-02
3.119469264149665744e-02
3.134508111700415323e-02
3.125781710073351899e-02
3.109045720472931873e-02
3.128417977318167370e-02
3.113500897586345822e-02
3.104178526252508036e-02
3.116337685286998602e-02
3.092359532415866682e-02
3.120463557168841329e-02
3.107778943330049420e-02
3.128874232620000584e-02
3.090057408809662037e-02
3.088442021980881622e-02
3.117043203487992326e-02
3.095179894194007020e-02
3.088040561601519685e-02
3.094643157720565821e-02
3.109555244445800712e-02
3.087610026076436157e-02
3.079516136646270885e-02
3.082696904987096767e-02
3.076142206415534083e-02
3.081925867125391919e-02
3.088184752315282708e-02
3.079778627306222968e-02
3.090913166105747206e-02
3.077251028642058461e-02
3.085685313493013310e-02
3.081230178475380041e-02
3.088878465443849544e-02
3.079605481773614942e-02
3.069818327203393052e-02
3.078655137494206578e-02
3.059259937331080398e-02
3.071282489970326296e-02
3.073115736991166927e-02
3.069966401904821243e-02
3.086038176715373907e-02
3.064798054471612118e-02
3.060608559846877963e-02
3.087287127226591085e-02
3.072966876253485635e-02
3.072394997254013910e-02
3.077387805283069572e-02
3.064558849856257455e-02
3.072300111502409073e-02
3.069960493966937196e-02
3.055504029244184364e-02
3.053594323620200182e-02
3.073229151964187653e-02
3.071366881579160740e-02
3.051048109680414358e-02
3.044088150933384890e-02
3.047664878517389320e-02
3.065171756595373026e-02
3.050615810602903474e-02
3.052560560032725398e-02
3.042467786371707769e-02
3.055783483386039640e-02
3.057087847962975530e-02
3.052666965872049415e-02
3.047147741168737545e-02
3.041898578777909451e-02
3.045197262242436281e-02
3.039121285825967939e-02
3.029625958949327610e-02
3.058401191607117500e-02
3.044696979597210848e-02
3.042770302295684862e-02
3.052996002882718898e-02
3.045948531851172536e-02
3.038280596956610680e-02
3.040944101288914694e-02
3.040591475740075239e-02
3.032521081343293040e-02
3.051352179050445534e-02
3.028627757728099765e-02
3.034326529130339581e-02
3.042422674968838642e-02
3.020813513547182180e-02
3.026834649965166879e-02
3.035306609049439469e-02
3.027106593921780747e-02
3.025370040163397750e-02
3.037861303612589964e-02
3.029305402934551195e-02
3.036788644641637974e-02
3.021636908501386734e-02
3.017501954734325489e-02
3.010887818783521824e-02
3.028760986402630889e-02
3.019581473991274703e-02
3.027575787901878521e-02
3.024002122879028420e-02
3.033718107268214281e-02
3.027718688175082273e-02
3.030078104138374251e-02
3.020592381432652546e-02
3.018284639343619263e-02
3.025095609202980984e-02
3.013109128177166030e-02
3.016653075814247284e-02
3.020532346516847585e-02
3.019303729385137622e-02
3.014592184498906050e-02
3.011355348676443208e-02
3.015105988457798813e-02
3.017379457503557155e-02
3.007247176393866572e-02
3.017546694725752043e-02
3.010489102080464441e-02
3.029238797351718054e-02
3.006654791906476082e-02
3.014349369704723280e-02
2.997693087533116404e-02
3.007488296180963611e-02
3.021052965894341358e-02
3.011002649366855549e-02
3.011818300187587769e-02
3.009495013579726111e-02
3.006343626976013331e-02
3.013812151923775731e-02
2.998895015567541039e-02
3.010847866535186837e-02
3.003717180341482218e-02
2.999799507111310798e-02
3.008280491456389455e-02
3.021437316760420752e-02
3.005592277646064805e-02
3.003025810793042219e-02
2.996631581708788725e-02
3.003544399142265425e-02
3.002331348508596384e-02
2.995762618631124530e-02
2.998490338400006464e-02
2.995928456261754205e-02
3.001829575747251566e-02
2.986288089305162360e-02
2.994554693251848254e-02
2.988951534405350635e-02
3.000053003057837411e-02
2.995942454040050398e-02
2.995727045461535343e-02
2.997782754898071361e-02
2.972350341081619191e-02
2.987071689963340798e-02
2.986610126122832276e-02
2.991436456888913950e-02
2.995820511132478783e-02
2.998559598252177258e-02
2.988039505481719996e-02
2.983881393074989258e-02
2.979898715764284223e-02
2.986137782782316216e-02
2.977737650647759374e-02
2.998787661641836091e-02
2.975521635264158360e-02
2.981146205961704085e-02
2.987872851639986060e-02
2.976633346453309154e-02
2.994781246408820263e-02
2.984380224347114516e-02
2.984400213509797936e-02
2.984122731536626924e-02
2.987020922824740535e-02
2.991690665856003642e-02
2.986028574779629741e-02
2.976246447488665667e-02
2.988786247745156208e-02
2.983713685721159012e-02
2.980017785355448812e-02
2.971375362947583157e-02
2.983155793696641925e-02
2.982516431435942514e-02
2.973942171037197157e-02
2.977976793050765916e-02
2.984960043430328475e-02
