5.379736013337969858e-02
5.030755266547203008e-02
4.809584067389369166e-02
5.065880384668707687e-02
4.836179471760988086e-02
4.624133448489010229e-02
4.527352230995893706e-02
4.512989176437258443e-02
4.507845580764115179e-02
4.560677494853734859e-02
4.374105736054480220e-02
4.388763109594583794e-02
4.435544749535619974e-02
4.509094084240496125e-02
4.405405211821198513e-02
4.574156504124402695e-02
4.216686625406146360e-02
4.246580044552683564e-02
4.312950804270804239e-02
4.225717161223292023e-02
4.124688099138438396e-02
4.110073083639145114e-02
4.203489219211042210e-02
4.089892650023102538e-02
4.077074970118701319e-02
4.162530655972659921e-02
4.009412669762969089e-02
4.019366755150258208e-02
3.999091392569244230e-02
4.148072891496121933e-02
3.990132214501500296e-02
3.969251289404928523e-02
4.130526191368699002e-02
3.977207591943442838e-02
3.986803551204502749e-02
3.943121938221156447e-02
3.874082983657717999e-02
4.084349717944860125e-02
3.821438621729612156e-02
3.841550852358341372e-02
3.801809167489409585e-02
3.820843678899109308e-02
3.816178541816771241e-02
3.810250495746731608e-02
3.763647166639566555e-02
3.795171136781573529e-02
3.761975521408021661e-02
3.823955666273832349e-02
3.725813187286258071e-02
3.749818227812647814e-02
3.740441537089645579e-02
3.814828432351350523e-02
3.718316067010164067e-02
3.670076284371316666e-02
3.775081319175660477e-02
3.692129859514534790e-02
3.684684275276958743e-02
3.688725407049060073e-02
3.669121342338621528e-02
3.646582623198628414e-02
3.653279200755060047e-02
3.661214166320860691e-02
3.702859119698405366e-02
3.663214222900569583e-02
3.620532661676406638e-02
3.684087119251489711e-02
3.646085792034864381e-02
3.619421082548797408e-02
3.659121754579246211e-02
3.642973873578012056e-02
3.619455330446362529e-02
3.616638740710913930e-02
3.613344241864979017e-02
3.603327432461082835e-02
3.578903859853744401e-02
3.597233720310032135e-02
3.571055362001061134e-02
3.590716611407697434e-02
3.551078834943473261e-02
3.578635246865451147e-02
3.576585381664335733e-02
3.599038285203277898e-02
3.591130093112587796e-02
3.555488717369735541e-02
3.561373554542660719e-02
3.582685706019401312e-02
3.539034592732787088e-02
3.553432627394795262e-02
3.552466650493443096e-02
3.543096752837300578e-02
3.540553960949182483e-02
3.647451082803308819e-02
3.542511705681681417e-02
3.543374455533921524e-02
3.525279922783374625e-02
3.544828348606825219e-02
3.513967863284051668e-02
3.549727432988584314e-02
3.530134787783026362e-02
3.510654989071190085e-02
3.523043105937540692e-02
3.509855992533266605e-02
3.502016672119498408e-02
3.488560372404753834e-02
3.501322208531201102e-02
3.492725918255746437e-02
3.489125147834420265e-02
3.513916170038283021e-02
3.535490404069423914e-02
3.539784691855311222e-02
3.478197605535388037e-02
3.510763480141759069e-02
3.484086917713284659e-02
3.493442749977111739e-02
3.488332437910139638e-02
3.461417291313409472e-02
3.462620345875620786e-02
3.455854940228163946e-02
3.476445109769701891e-02
3.461871200427413253e-02
3.469146119058132138e-02
3.485065901651978465e-02
3.450176561996341068e-02
3.451868821494281231e-02
3.468243844434618778e-02
3.448471499048173100e-02
3.464799957163632038e-02
3.438411042653024413e-02
3.444963075034320615e-02
3.444261866994201976e-02
3.432791399210691208e-02
3.445010392740369132e-02
3.433444773405790185e-02
3.437438975833356086e-02
3.455129519104957470e-02
3.452071389928459966e-02
3.428357174061238966e-02
3.411699102632701625e-02
3.465664347633719278e-02
3.444693701900541916e-02
3.401751357503235429e-02
3.419071788713336224e-02
3.415231177210807656e-02
3.418184206075966514e-02
3.427260288782417452e-02
3.446603476442396813e-02
3.432316783629357770e-02
3.409283410757780325e-02
3.398498287238180954e-02
3.388384399563074134e-02
3.442650691606104207e-02
3.420471291616559301e-02
3.428787724487483701e-02
3.456537878327071989e-02
3.413886138238012707e-02
3.415500589087605565e-02
3.407179714925587244e-02
3.437006762251258035e-02
3.417282804474234409e-02
3.416654290072619615e-02
3.387948744371533510e-02
3.384626391343772273e-02
3.400633750110864523e-02
3.400262532196939025e-02
3.391298035532236410e-02
3.446550448611378908e-02
3.393975955992937360e-02
3.430062558874488049e-02
3.406016537547111589e-02
3.379462499916553730e-02
3.381690331548452277e-02
3.420033689029514795e-02
3.392569724842905976e-02
3.385924457944929772e-02
3.409329856932163255e-02
3.361327276378869855e-02
3.384157461859285676e-02
3.408595531992614225e-02
3.374313604086637275e-02
3.340998011827468750e-02
3.389756231661886221e-02
3.359958296082914131e-02
3.387599499151110888e-02
3.370819662325084259e-02
3.357606752216815704e-02
3.400416214205324861e-02
3.386539595015346932e-02
3.369267869181930691e-02
3.352755476348102254e-02
3.365896560996770731e-02
3.348296779207884932e-02
3.357762451283633626e-02
3.344009824469685449e-02
3.387011691369116312e-02
3.373870457336306666e-02
3.367775495164096466e-02
3.355993992462754510e-02
3.343239261396229595e-02
3.336394318938255138e-02
3.357720405422150861e-02
3.354526131413877038e-02
3.376563054230063976e-02
3.357258147373795576e-02
3.356333198025822362e-02
3.378906904533505312e-02
3.342637066543101970e-02
3.345522486232221232e-02
3.357000698707997971e-02
3.339680766686797114e-02
3.373981653153896448e-02
3.356964872218668600e-02
3.358016671426593963e-02
3.358611898683011576e-02
3.367087682895362338e-02
3.359103565104305800e-02
3.359764633700251801e-02
3.329067467339336811e-02
3.370338832587004008e-02
3.342532113380729947e-02
3.316697454079985813e-02
3.353286685794591715e-02
3.343641373142600126e-02
3.337983578629791920e-02
3.352795037161558633e-02
3.323214822821319442e-02
3.336018696427345276e-02
3.361504646763205373e-02
3.323847723193466830e-02
3.314167562685906704e-02
3.332187949307263003e-02
3.320216812379658128e-02
3.316298817470669791e-02
3.381530366372317159e-02
3.357272184826433359e-02
3.318045212700963115e-02
3.320466303639114242e-02
3.314478224515914756e-02
3.335887958668172504e-02
3.324997514113783859e-02
3.314137784484774002e-02
3.344778516888618353e-02
3.304187471605837118e-02
3.344283925183117595e-02
3.310863967612386050e-02
3.297081818245351653e-02
3.334613634645938740e-02
3.337443567439913467e-02
3.305475538410246328e-02
3.319988233968615421e-02
3.332167845964431607e-02
3.340902084298431884e-02
3.375804647058248259e-02
3.311923989094793519e-02
3.321694129891693270e-02
3.303103982470929900e-02
3.322085673734545552e-02
3.286572196520864964e-02
3.316294520907103749e-02
3.295603347942233086e-02
3.313426988013088575e-02
3.297380357980728149e-02
3.332430363819002817e-02
3.287141953781247405e-02
3.297408148273825446e-02
3.307406799681484461e-02
3.331655695103109133e-02
3.289116220176219879e-02
3.317211155407130685e-02
3.333031523786485206e-02
3.286927648447453970e-02
3.318317205831408656e-02
3.301926556043326827e-02
3.298492363467812882e-02
3.311339187622070607e-02
3.301843934692442334e-02
3.311106581799685977e-02
3.285397120565176216e-02
3.287706251442432115e-02
3.312739481590688123e-02
3.299797746725380287e-02
3.315118423663079850e-02
3.304461233504116247e-02
3.289380075037479090e-02
3.316451875306666158e-02
3.295449976809322612e-02
3.302029737830162320e-02
3.298654877208172936e-02
3.301459916867315741e-02
3.308257500454783728e-02
3.301450708508491677e-02
3.302645894698798962e-02
3.282607403025031290e-02
3.267174536921083755e-02
3.295405942946672689e-02
3.290204242989420991e-02
3.310768057592212987e-02
3.315993515215814175e-02
3.278151570819318184e-02
3.307310766912997108e-02
3.269749837182462510e-02
3.303557561337947673e-02
3.312991672195494258e-02
3.276076296903192991e-02
3.317138270661235122e-02
3.315275059826672255e-02
3.265299509279429718e-02
3.290777258761227314e-02
3.294353846646845552e-02
3.273294816724955925e-02
3.294110064767301338e-02
3.287978806905448442e-02
3.269677703641354904e-02
3.317665610648691532e-02
3.281539728492498253e-02
3.267309033311903421e-02
3.280248483084142325e-02
3.270280359499156547e-02
3.309295427054166627e-02
