2.788119367696345052e-01
1.882164106704294626e-01
1.715508130751550175e-01
1.623783181235194106e-01
1.551383441127836826e-01
1.511294740438461348e-01
1.468113064020871994e-01
1.424045494664460398e-01
1.400794260296970573e-01
1.375050003174692337e-01
1.357274040952324845e-01
1.342188047617673963e-01
1.325706735532730940e-01
1.310667973384261054e-01
1.295534234028309639e-01
1.279272301495075204e-01
1.273981113918125629e-01
1.263247398193925730e-01
1.253807775024324556e-01
1.240560906939208452e-01
1.228973692189902073e-01
1.223849804606288727e-01
1.217987125739455195e-01
1.213651738502085214e-01
1.198773606400936886e-01
1.200517392065376110e-01
1.187887710798531810e-01
1.186904225777834637e-01
1.182650618813931992e-01
1.175208069384097997e-01
1.175046319607645218e-01
1.163030407857149895e-01
1.160695343837142013e-01
1.157520476356148770e-01
1.149301306158304198e-01
1.151512369886040638e-01
1.142403463274240527e-01
1.143386989645659990e-01
1.135663554724305885e-01
1.130032166093587892e-01
1.136378200352191892e-01
1.127983347419649340e-01
1.118070251401513809e-01
1.122613004315644453e-01
1.122714650444686380e-01
1.114193145558238091e-01
1.111223942786455088e-01
1.112427025567740146e-01
1.101894323900342032e-01
1.100530611537396952e-01
1.100558532401919309e-01
1.103082417324185438e-01
1.099179290235042517e-01
1.094411370065063172e-01
1.093503682315349612e-01
1.090426231361925624e-01
1.092094812076538773e-01
1.084507291484624186e-01
1.084641386941075369e-01
1.079056263994425530e-01
1.078728953469544616e-01
1.074867110792547403e-01
1.079245736263692440e-01
1.071855047531425909e-01
1.071960451826453192e-01
1.070329055655747652e-01
1.061864865943789454e-01
1.066735554672777614e-01
1.060313043184578363e-01
1.064030184783041483e-01
1.060863311169669004e-01
1.058658268954604798e-01
1.051627351250499498e-01
1.050571350567042761e-01
1.051847190223634265e-01
1.054097191523760552e-01
1.050711073540151058e-01
1.048461912386119410e-01
1.048100958671420863e-01
1.048416427522897709e-01
1.043336427304893677e-01
1.045368949696421634e-01
1.044097101129591448e-01
1.038277978077530861e-01
1.045470510795712404e-01
1.039028204698115576e-01
1.033429891802370576e-01
1.040711007546633454e-01
1.033791631460189847e-01
1.036276632547378507e-01
1.030643799621611817e-01
1.031928380206227347e-01
1.026373456651344940e-01
1.027077618241310081e-01
1.024321443121880282e-01
1.025340581359341779e-01
1.023612178862094851e-01
1.020662453165277900e-01
1.024954744474962376e-01
1.023710647225379994e-01
1.022345613129437003e-01
1.022969068540260235e-01
1.017211204068735192e-01
1.017079572519287434e-01
1.016747006028890649e-01
1.014923783438280158e-01
1.011703217541798927e-01
1.013887185975909239e-01
1.011884782556444345e-01
1.013034619111567725e-01
1.008697367692366204e-01
1.006798027222976094e-01
1.007539238082244965e-01
1.006041312776505964e-01
1.006933148670941525e-01
1.002854681573808193e-01
1.002633260143920846e-01
1.002983795106410919e-01
1.003921849420294221e-01
1.004376412602141500e-01
1.002970694797113566e-01
1.001130756782367820e-01
9.965895335655659826e-02
1.003149959584698075e-01
9.944681714754551038e-02
9.955199903808534256e-02
9.945607379544525728e-02
9.961473858915269319e-02
9.914147597737610340e-02
9.971827283035963885e-02
9.898143980652093776e-02
9.928311841096729151e-02
9.922012875322253067e-02
9.910784104838966935e-02
9.877813666127621683e-02
9.880573044531047733e-02
9.879984761588275766e-02
9.859252698719501995e-02
9.852262506727128832e-02
9.871920764446258378e-02
9.859560699667781203e-02
9.856536515988409408e-02
9.798424666747450329e-02
9.836730774957685997e-02
9.810037961229682579e-02
9.844471023418009670e-02
9.814064773730933611e-02
9.797873817849904465e-02
9.767604500986636074e-02
9.801564336288720591e-02
9.761217846069485116e-02
9.819234880618750438e-02
9.791576239280402882e-02
9.783010067418217159e-02
9.730160828214139135e-02
9.732443252112715770e-02
9.792642835061997342e-02
9.755337934475391548e-02
9.745835879351943953e-02
9.738689742051065412e-02
9.727260779589413930e-02
9.682114828377962057e-02
9.723313956521451029e-02
9.698275796603411658e-02
9.669687970075756256e-02
9.711274841334670282e-02
9.675336602143942699e-02
9.683320815674960336e-02
9.704624721780419350e-02
9.669686861336231065e-02
9.672813207376748657e-02
9.648813029285520371e-02
9.650299369357526191e-02
9.631252403371036441e-02
9.639509925618768016e-02
9.624963982496410886e-02
9.654041788075119757e-02
9.651365057099610401e-02
9.624160072300583235e-02
9.618472055066376591e-02
9.573653793893754926e-02
9.619035033509135135e-02
9.592450033873319015e-02
9.557088724337518826e-02
9.567236511502415219e-02
9.547982502728701026e-02
9.559511537197977471e-02
9.599119018297642969e-02
9.582676724996418149e-02
9.540954466443508919e-02
9.573866793420165999e-02
9.556854090653360556e-02
9.605582717806100679e-02
9.490176779683678898e-02
9.573565390892327387e-02
9.528723421506583857e-02
9.544612556695937500e-02
9.527268079575151871e-02
9.499940888490528146e-02
9.464956725481897537e-02
9.535860485862940328e-02
9.502873645164072736e-02
9.489325798116624022e-02
9.475951291620730854e-02
9.520915695466100614e-02
9.523052652832120213e-02
9.499917119741439764e-02
9.510393943637610037e-02
9.523629923816770426e-02
9.501020961906761486e-02
9.412415735423565466e-02
9.447244471404701860e-02
9.505099778063595684e-02
9.449958886019885207e-02
9.466739250347018519e-02
9.475126080214976709e-02
9.403529242612421180e-02
9.444559740833938233e-02
9.407806318718940630e-02
9.420426832046359389e-02
9.458266342524439263e-02
9.442753951530903633e-02
9.402842119336128623e-02
9.388075300958007019e-02
9.411622099578380307e-02
9.406470421236008683e-02
9.419172754511237478e-02
9.381883346009999014e-02
9.451767115388065577e-02
9.436771450564265806e-02
9.382151959463953805e-02
9.415688029024750494e-02
9.371333287097513565e-02
9.363441858906298987e-02
9.383609201293438562e-02
9.375518185086548217e-02
9.387531271204352379e-02
9.389366094488650616e-02
9.367127498146146647e-02
9.359496609773486353e-02
9.379721519071608504e-02
9.348277088254690337e-02
9.371803211048244930e-02
9.353330253157764174e-02
9.326295547652989348e-02
9.329849011264741698e-02
9.365237657446413844e-02
9.320972756016999983e-02
9.363197123166173974e-02
9.311097424011677282e-02
9.335399443283677601e-02
9.338381523266434114e-02
9.276694413274526319e-02
9.299932518042623719e-02
9.357962500303983189e-02
9.287727416958660442e-02
9.294447524938732885e-02
9.325681976042687893e-02
9.310834242962301444e-02
9.313218469731510130e-02
9.275795549154280950e-02
9.289621734526008756e-02
9.297946649603545943e-02
9.284262974746525232e-02
9.282195967156439687e-02
9.295686377678066825e-02
9.286925470456480758e-02
9.237010963726788315e-02
9.236009561922400857e-02
9.243293303996324983e-02
9.289827060420066673e-02
9.285934298764914052e-02
9.250144184567034300e-02
9.284062155056745091e-02
9.302260358352214265e-02
9.220230709295719473e-02
9.226467457134276962e-02
9.231930215377361082e-02
9.188284439500421508e-02
9.236104233190417512e-02
9.232049233280122114e-02
9.241524161770939272e-02
9.287268659099937040e-02
9.209273730870336239e-02
9.225797138642519157e-02
9.174364673439412698e-02
9.201932463794947059e-02
9.221390651538968752e-02
9.195549474563449732e-02
9.181931034661829083e-02
9.238833736162632704e-02
9.233320682775229826e-02
9.182681530248373858e-02
9.186550742480903420e-02
9.210250974167139004e-02
9.205013768281787578e-02
9.228338841814548443e-02
9.187172983773052304e-02
9.194303080905229242e-02
9.149668748490512316e-02
9.190936638507991863e-02
9.187892350368201400e-02
9.205423084087670238e-02
9.165879925247281956e-02
9.165730382781475671e-02
9.161502324044704104e-02
9.177533224690705149e-02
9.149678795598446823e-02
9.142968737985938954e-02
9.154116199817508015e-02
9.171396966092287828e-02
9.156933204736560084e-02
9.159249863121658730e-02
9.146351832430810180e-02
9.149990271311253531e-02
9.111959398724138459e-02
9.117829989641905442e-02
9.113082312047481037e-02
9.108393495902418480e-02
9.139984595589339955e-02
9.118150495924055854e-02
9.104382686782627743e-02
9.080430177040398065e-02
9.113583605270832166e-02
9.104334866628051304e-02
9.100930066779255867e-02
9.153933863621205314e-02
9.062093531247228384e-02
9.098704759497194816e-02
9.119273363146930544e-02
9.060441703535616897e-02
9.109713907819241840e-02
9.070909049361944310e-02
9.069471260067075991e-02
9.124649730511009971e-02
9.095027116592974137e-02
9.077073834836482669e-02
9.099615849088876773e-02
9.084756074007600823e-02
9.051138645038009356e-02
9.088228888344020151e-02
9.062711261212826053e-02
9.050373432692140896e-02
9.079302191734313354e-02
9.046730531845241507e-02
9.044971260242164190e-02
9.075837128795682940e-02
9.106978883501141986e-02
9.047022720798850171e-02
9.056440132204443549e-02
9.089512506499886069e-02
9.026818476151675374e-02
9.010257271118461697e-02
9.054838133044540438e-02
9.026045771781354699e-02
9.006010661832988817e-02
9.036050942260771823e-02
9.065627450589090752e-02
9.063008725643158237e-02
9.008359327446668896e-02
9.041854226030408836e-02
9.055248055607080515e-02
9.023194667883217834e-02
9.019150685984640703e-02
8.996592569164932329e-02
9.026845482643693075e-02
9.013568968512117308e-02
8.994518992956727910e-02
9.022131059784442575e-02
8.985435915179550148e-02
9.007077504880726948e-02
8.978846828918904399e-02
9.026898145209998059e-02
9.012068268842994556e-02
8.978970699477940853e-02
8.976949857082218431e-02
9.012968320865183403e-02
8.996858634520321640e-02
9.007799271494150439e-02
9.006090362556279372e-02
8.995085982140153813e-02
9.025893744546920061e-02
8.974652653560041826e-02
8.991375395562499484e-02
8.962141084484756548e-02
8.972808343823998611e-02
9.000053649302572345e-02
8.992860652972012314e-02
8.992068744264543334e-02
9.006607268936932253e-02
8.971332611516118216e-02
8.970959219150245745e-02
8.926441981922834945e-02
8.947015559300780518e-02
8.943673553876578530e-02
8.934078603051602563e-02
8.935059666167945169e-02
8.948210797272622419e-02
8.951682339888065998e-02
8.942755611613392719e-02
8.964742099866271352e-02
8.948569317813963309e-02
8.951002235990017375e-02
8.913426381070166382e-02
8.962527349591255243e-02
8.884733552113174837e-02
8.891472910065204016e-02
8.965204904321581736e-02
8.951224989257752784e-02
8.944434023927896882e-02
8.949531735386699605e-02
8.937566818203776520e-02
8.951368411537259651e-02
8.915280646644532792e-02
8.897078652400523813e-02
8.938598782755434458e-02
8.983040087390690986e-02
8.920455012470483724e-02
8.918506563641130647e-02
8.912569977808743049e-02
8.930584689136594756e-02
8.901700197719036867e-02
8.911980984266847094e-02
8.898188186343759798e-02
8.882607446983456501e-02
8.922243013978004011e-02
8.894758837297558896e-02
8.923340303357690795e-02
8.898955046199262531e-02
8.895406763069331479e-02
8.886222555767744891e-02
8.892051059287041370e-02
8.919103244785218931e-02
8.891835373360663930e-02
8.897911221720278263e-02
8.893273474648594190e-02
8.898538128472864572e-02
8.861608032602816265e-02
8.912960004527122060e-02
8.891395688056945301e-02
8.877274728380143975e-02
8.870257927104831241e-02
8.865069326944649553e-02
8.846844186540693544e-02
8.905442007817328254e-02
8.881578688975423630e-02
8.884283293038607032e-02
8.839199207723140439e-02
8.881756850983947571e-02
8.927541759796440990e-02
8.876244649291038791e-02
8.872449676506220795e-02
8.863316879142076055e-02
8.837295175530016089e-02
8.846574130002408942e-02
8.797497246880084387e-02
8.844153099693358167e-02
8.835635077673942295e-02
8.860653943847865421e-02
8.855304986238479725e-02
8.842080026865005438e-02
8.844863035250455363e-02
8.871528963558375502e-02
8.852554536890239190e-02
8.845381213817744837e-02
8.872380086686462719e-02
8.831918191164732368e-02
8.849332814104854394e-02
8.835831628181040065e-02
8.855618802830576841e-02
8.839610608294606875e-02
8.829506198875605727e-02
8.804191086441277847e-02
8.840867547784000968e-02
8.811728023458272052e-02
8.821454352233558394e-02
8.864464140031486084e-02
8.799892283510417357e-02
8.825092308223247972e-02
8.830206627957522258e-02
8.824717964045702967e-02
8.762675438076257539e-02
8.805693679489196013e-02
8.802036886569113150e-02
8.810766310431063231e-02
8.803116350434719850e-02
8.804658743087202810e-02
8.791425595059991493e-02
8.796156127005815006e-02
8.811931984033435916e-02
8.773012175690382553e-02
8.818002182058989891e-02
8.831223829649388624e-02
8.814004341606050674e-02
8.807106734253465630e-02
8.787144542206078157e-02
8.808042842894792113e-02
8.776522334199399200e-02
8.772615906316787171e-02
8.784756660461426336e-02
8.767332923598587791e-02
8.765589966438711023e-02
8.778261406347155626e-02
8.762455193325877079e-02
8.791899933479725704e-02
8.808485403191297636e-02
8.802612129598856583e-02
8.787195169832556774e-02
8.781284380704164338e-02
8.743909748271107285e-02
8.800455724820493986e-02
8.802796168252825793e-02
8.751945004798472594e-02
8.784645660780369958e-02
8.771618191152810717e-02
8.759703371673822903e-02
8.783936926629394570e-02
8.734192529227584323e-02
8.816159981768578735e-02
8.741296492516995031e-02
8.782010667957365624e-02
8.757745796348899436e-02
8.734785383101552336e-02
8.758718576747924478e-02
8.726978574413805922e-02
8.760847208555787302e-02
8.750852969475091114e-02
8.764508461114019211e-02
8.743987856432795802e-02
8.768224284984171835e-02
8.745094686746597568e-02
8.750377955846488920e-02
8.794367540627717750e-02
8.762298600282519834e-02
8.754925306420772990e-02
8.762540398165583055e-02
8.721150909084826597e-02
8.750612183008342482e-02
8.759323145262896959e-02
8.735012278426439181e-02
8.715127186384051539e-02
8.721887157298624516e-02
8.751071088947355581e-02
8.735443861223757267e-02
8.736621509306133349e-02
8.757061701733619141e-02
8.762413192074745838e-02
8.776971519924700593e-02
8.748074064962566010e-02
8.736022238619625679e-02
8.732029466424137687e-02
8.726567702367901691e-02
8.751347531098872812e-02
8.722549992613494452e-02
8.760266519151628517e-02
8.715949143748730199e-02
8.727710509672760575e-02
8.734089018777012325e-02
8.736468766815960740e-02
8.713101206347345640e-02
8.704229862894863334e-02
8.710429850500077398e-02
8.702130887657404112e-02
8.700500458013266103e-02
8.717016356997192572e-02
8.741266505327076330e-02
8.747133358381688206e-02
8.710905515123158749e-02
8.716612863354385177e-02
8.709744025487452246e-02
8.722617787308990789e-02
8.676291765645145759e-02
8.702072384767234325e-02
8.677442592103033758e-02
8.706759047228843085e-02
8.700182659085839432e-02
8.714367026463150367e-02
8.672908784355967682e-02
8.662149871233851273e-02
8.676355126313865795e-02
8.682138680014758747e-02
8.658698425628244544e-02
8.745255909860133459e-02
8.685373408719897215e-02
8.688623309601098410e-02
8.728462110273539631e-02
8.633387353271246289e-02
8.649847557768225448e-02
8.665112699847668520e-02
8.697545244358480254e-02
8.682830294128507376e-02
8.712680393829941305e-02
8.656315957661718519e-02
8.705410089809446916e-02
8.680002869106828722e-02
8.675703878980130235e-02
8.649717744905500993e-02
8.667043484747409543e-02
8.654632016550749263e-02
8.646897692233324051e-02
8.685264990199356716e-02
8.689645400736481506e-02
8.693462375085800331e-02
8.651581721380352530e-02
8.642084413208067639e-02
8.652714680414647086e-02
8.662680059205740690e-02
8.689665704034268967e-02
8.657789859920740627e-02
8.672827632166445200e-02
8.696627056691795532e-02
8.677578628994524201e-02
8.674106122925877294e-02
8.691482494585216212e-02
8.660788288805633395e-02
8.669709988404065981e-02
8.648110369686037857e-02
8.701275996398180612e-02
8.608473899308592692e-02
8.679700139909982126e-02
8.663923170417547892e-02
8.649529598187655210e-02
8.657824958674609217e-02
8.609705779701470885e-02
8.669908211566507150e-02
8.676772756502032502e-02
8.614520853385329580e-02
8.639492712914943751e-02
8.694847696460783482e-02
8.692981429863720633e-02
8.630780365783721764e-02
8.651723877526819317e-02
8.627800046000629053e-02
8.650937458500265742e-02
8.647841919213533624e-02
8.639308520592749174e-02
8.612682817969470606e-02
8.628442444838584080e-02
8.649360020644962510e-02
8.621545105706900081e-02
8.596423275303095857e-02
8.668322459794580714e-02
8.597264599986374767e-02
8.628430462442338023e-02
8.611446039751172177e-02
8.604948944877832684e-02
8.645789195317775400e-02
8.640425151679664850e-02
8.622641539666801858e-02
8.620638013351708540e-02
8.618346414063125793e-02
8.621785806491971682e-02
8.595679804217069842e-02
8.599371706135570947e-02
8.570512436330318673e-02
8.627416759729385209e-02
8.592241366393864321e-02
8.635454264469444308e-02
8.580877264030277451e-02
8.627312767319381126e-02
8.615348591469228212e-02
8.619659121613949815e-02
8.633080687839538025e-02
8.578381321392952730e-02
8.597184926737100330e-02
8.597746253944933692e-02
8.622844083234668111e-02
8.592714643571525146e-02
8.613649080041796413e-02
8.627489546779543161e-02
8.611520382575690857e-02
8.605231898371129562e-02
8.581246441695838945e-02
8.609936099965125045e-02
8.611499628052116107e-02
8.596505842637271189e-02
8.617752606049179642e-02
8.591023424174636103e-02
8.573329825419932770e-02
8.609911831561475881e-02
8.564248471520841122e-02
8.572703427635133822e-02
8.575607765465974308e-02
8.538685806561260860e-02
8.589811528101563842e-02
8.587128376122564466e-02
8.579251781105995400e-02
8.577218293212354738e-02
8.631295455154031071e-02
8.604839055798947645e-02
8.606285009067506098e-02
8.578898375853896696e-02
8.579533925279975159e-02
8.548599731642753108e-02
8.568694137502461117e-02
8.613227340858430059e-02
8.565920521970837864e-02
8.592027229722588866e-02
8.579502883367240429e-02
8.593732468783855938e-02
8.552057252265513054e-02
8.559199562296271324e-02
8.541241508442908026e-02
8.572620502673089504e-02
8.568980591371655464e-02
8.587762035429477581e-02
8.591161039192229953e-02
8.611364880111067877e-02
8.596969940699636381e-02
8.558302418328821159e-02
8.584762024227529653e-02
8.598839086946100108e-02
8.602705701254308168e-02
8.580774425994604215e-02
8.583145629614591376e-02
8.519318147562443544e-02
8.581423820927738810e-02
8.585779977496713067e-02
8.568738424219191074e-02
8.561414903495460915e-02
8.534853093326091877e-02
8.573341554030776412e-02
8.569283143151551485e-02
8.554969168268143631e-02
8.506545197218656762e-02
8.560490162111818180e-02
8.532530477736145758e-02
8.560111266095191129e-02
8.555362211540341877e-02
8.589216223917901794e-02
8.545478237327187865e-02
8.572453186847268924e-02
8.561931089032441544e-02
8.548170376569032280e-02
8.557923323474823929e-02
8.508619040716439152e-02
8.563150261528790219e-02
8.524689298588782049e-02
8.548686394467949756e-02
8.521612890530377848e-02
8.496390542015433422e-02
8.528486751019954959e-02
8.516325559001415579e-02
8.553455579560249877e-02
8.566090741194784530e-02
8.521837949287146274e-02
8.519745554774998952e-02
8.563699112273752412e-02
8.542219536378979627e-02
8.535985047928988656e-02
8.528406016062944905e-02
8.540824966505169979e-02
8.496251401025801953e-02
8.495654140599072368e-02
8.535611800849438047e-02
8.488546375650912745e-02
8.522115265019238051e-02
8.507754336111247873e-02
8.518387435935437235e-02
8.530051687266677896e-02
8.528276028111576867e-02
8.518772329669445365e-02
8.501633836422115009e-02
8.516387266106903442e-02
8.506121460814028423e-02
8.517545752692967653e-02
8.545863540843129380e-02
8.493269936647265816e-02
8.493130836170166564e-02
8.554875049740076620e-02
8.552338316105306815e-02
8.493341930210590585e-02
8.493432210292667373e-02
8.472364571411163114e-02
8.497225766535848601e-02
8.481564424466342400e-02
8.486217177938669420e-02
8.504223384894431248e-02
8.528941899538039495e-02
8.515672813169658517e-02
8.492237849626689539e-02
8.530195125844329540e-02
8.509230906609445422e-02
8.487352318130433892e-02
8.504311172757297865e-02
8.511614036746323331e-02
8.505710126366466950e-02
8.503019414842129253e-02
8.506087215151637848e-02
8.514674063771962564e-02
8.484433584846556853e-02
8.551526149269193799e-02
8.452587915118783823e-02
8.494588467758149020e-02
8.467624751385301185e-02
8.472982394509016857e-02
8.481001302134245912e-02
8.474690855015069857e-02
8.488582214806228432e-02
8.444685335271059912e-02
8.479271825868636703e-02
8.445168972015380804e-02
8.509009477216750161e-02
8.488519347272813209e-02
8.478086815215647720e-02
8.493303150869906115e-02
8.509120227303355877e-02
8.462832238525151707e-02
8.484216913580894248e-02
8.495533313602209036e-02
8.479199102148413103e-02
8.459779907017946077e-02
8.510243652854114493e-02
8.478873293381183895e-02
8.476830128580331580e-02
8.480370682664215010e-02
8.501026321202516389e-02
8.507974210660904091e-02
8.472489292733370592e-02
8.467299553100020304e-02
8.455368744209408594e-02
8.490328832995146235e-02
8.498286991845815930e-02
8.477560336235910599e-02
8.515328842215240390e-02
8.457222376484424542e-02
8.451255295425653957e-02
8.476184518076479435e-02
8.472965777385979558e-02
8.446613652631640434e-02
8.437549413181841262e-02
8.484429607633500736e-02
8.449756369926035571e-02
8.476138651836663540e-02
8.456327175721525813e-02
8.493624251801520919e-02
8.498984120786190477e-02
8.448205444030464084e-02
8.422464874573051818e-02
8.441093957517295521e-02
8.435111644212156534e-02
8.459139300044625498e-02
8.471680735703557286e-02
8.463585299905389270e-02
8.457469066139310099e-02
8.454742418602108345e-02
8.488002040889114364e-02
8.458729278296232834e-02
8.457823698408901969e-02
8.431765322107821758e-02
8.475111281499266014e-02
8.441323320381342865e-02
8.434282170142978763e-02
8.447450235020369236e-02
8.483112337533384173e-02
8.457418306730687951e-02
8.439344877842813730e-02
8.454281401820480657e-02
8.418428585398941844e-02
8.452789659611881223e-02
8.441083968617021926e-02
8.430199580732733455e-02
8.427412505727260861e-02
8.473846674896776121e-02
8.462271670810878055e-02
8.458642498590052128e-02
8.414415321778506707e-02
8.449153312016279005e-02
8.459093243349342928e-02
8.415900659747421741e-02
8.439428877551108377e-02
8.441367449704557935e-02
8.436903073918074203e-02
8.438718471676111277e-02
8.459213444497436230e-02
8.434925229288638138e-02
8.460932651534676385e-02
8.420631834305822294e-02
8.393248974345624003e-02
8.466641853097826853e-02
8.469230022281408476e-02
8.408298484049737953e-02
8.459972186945378947e-02
8.438951077871024997e-02
8.413584104273467978e-02
8.454183151014149633e-02
8.401764662936329897e-02
8.440349591430276743e-02
8.447022248990833371e-02
8.425600760150700475e-02
8.416930894833057897e-02
8.430975092574953533e-02
8.417451339308172631e-02
8.401900193188339971e-02
8.441810789983719698e-02
8.424481606576592063e-02
8.445966430474072251e-02
8.456592498812824654e-02
8.436883451882749851e-02
8.406690540723502081e-02
8.428165606688707567e-02
8.412665754556655773e-02
8.416741438210011139e-02
8.437149607110767946e-02
8.402979119680821507e-02
8.455892284400760850e-02
8.422894631512463370e-02
8.425113131757826224e-02
8.412421501241623689e-02
8.408152451738715172e-02
8.433108209166675917e-02
8.391042014118284265e-02
8.421099821571260968e-02
8.393608309794217681e-02
8.389764710795134806e-02
8.390308500267565361e-02
8.412216723896563664e-02
8.439477192237973546e-02
8.397152876947075462e-02
8.436228660400957313e-02
8.427126230206340163e-02
8.413558246102184612e-02
8.396632789168506639e-02
8.427072271704673379e-02
8.409883117303251776e-02
8.400172826834023665e-02
8.397189346607775162e-02
8.449638891499489102e-02
8.388281726744026279e-02
8.399202255066484657e-02
8.428809860255569164e-02
8.417847993317990885e-02
8.416620058007538707e-02
8.382939891424029399e-02
8.411721900571138277e-02
8.384929659776389765e-02
8.402716341428458080e-02
8.377126856707035885e-02
8.385934790130704364e-02
8.363913115113973118e-02
8.362736112903804142e-02
8.422566338907927497e-02
8.375097981188446561e-02
8.409279101993888395e-02
8.409576417878270038e-02
8.382316954433917389e-02
8.405494938604533839e-02
8.402136637363583072e-02
8.374452064745127600e-02
8.396711979992688146e-02
8.390485818497836479e-02
8.380928298924118780e-02
8.382372337393462214e-02
8.386045757681132029e-02
8.338645081035793438e-02
8.358816081658006214e-02
8.415454765781760216e-02
8.385228452738374694e-02
8.389742480590939300e-02
8.345202262513339020e-02
8.366841009352356251e-02
8.399621734861284494e-02
8.364578266162425724e-02
8.362665164284407981e-02
8.407190143596381116e-02
8.372068264055997078e-02
8.401497913990169097e-02
8.364044414833188279e-02
8.377776236739009619e-02
8.337836342398077805e-02
8.380375387147069588e-02
8.414651962928473838e-02
8.413262661546468124e-02
8.403058406896889154e-02
8.367247563786804621e-02
8.425570567604154237e-02
8.352648069616407100e-02
8.380766661837696363e-02
8.329579024575650692e-02
8.367645462974905579e-02
8.386329996399581599e-02
8.389852225780486394e-02
8.385984306223689955e-02
8.364457554183900301e-02
8.392858177423477561e-02
8.347185347694903446e-02
8.371737092733383401e-02
8.358454232569784148e-02
8.349613437429070917e-02
8.342469088267534527e-02
8.375244050286710651e-02
8.403911687899380534e-02
8.391249733045696990e-02
8.358696092851460036e-02
8.359026263933629075e-02
8.338840271811932825e-02
8.427738298662007521e-02
8.323231396265327875e-02
8.351539164781569824e-02
8.374263285193592199e-02
