2.622913545370101907e-01
1.844843230023980041e-01
1.654719123616814613e-01
1.550099002942443016e-01
1.474945684522390443e-01
1.418525240570306656e-01
1.377522417530417376e-01
1.341286762058734872e-01
1.313769847713410766e-01
1.289482458308339186e-01
1.270764031261205629e-01
1.250538265891373291e-01
1.232088077440857826e-01
1.217765173874795492e-01
1.206776195578277144e-01
1.192775248922407633e-01
1.181528977490961529e-01
1.172659337893128401e-01
1.160543167777359497e-01
1.151750638149678652e-01
1.144248826615512360e-01
1.135068912059068735e-01
1.128919051773846216e-01
1.123576089926063976e-01
1.114626120403408999e-01
1.106810928136110345e-01
1.101032652892172392e-01
1.098183633387088826e-01
1.093202847056090887e-01
1.089683446660637822e-01
1.085175797343254089e-01
1.079749989323317977e-01
1.076113104447722485e-01
1.071814741007983685e-01
1.066854003816843088e-01
1.061289848573505890e-01
1.059665527381002947e-01
1.058499223552644281e-01
1.049674641154706434e-01
1.049193258769810233e-01
1.043761137127876271e-01
1.041224444285035189e-01
1.038152091577649178e-01
1.037013277038931897e-01
1.033517484180629248e-01
1.028271255269646578e-01
1.026466110348701471e-01
1.025034995004534683e-01
1.023153097182512294e-01
1.021459238789975688e-01
1.017818969488143988e-01
1.015530602261424109e-01
1.010178193636238619e-01
1.008877293393015823e-01
1.007912047021091023e-01
1.004165671765804291e-01
1.003340162709355360e-01
1.002066561952233287e-01
9.986524816602468380e-02
9.939849471673369019e-02
9.932275732979178873e-02
9.957791535183786735e-02
9.906631600111723279e-02
9.892534693703054771e-02
9.900063272565602646e-02
9.861570950597524365e-02
9.828764570876956375e-02
9.862575164064764366e-02
9.805941166356206551e-02
9.774948166683315731e-02
9.800663322210312334e-02
9.751251121982931758e-02
9.733720201998949384e-02
9.762738920748233185e-02
9.696686135604977441e-02
9.706607224419712410e-02
9.702829191461205538e-02
9.653930908069013883e-02
9.664507901296019721e-02
9.628280255943537369e-02
9.585683230310677871e-02
9.676831863820552215e-02
9.613049255684018302e-02
9.610685227438807432e-02
9.566496666520833692e-02
9.578170666471123862e-02
9.557472830638288896e-02
9.524688081815839424e-02
9.504427727311849650e-02
9.522831050679086973e-02
9.539757007732987959e-02
9.499295951798558679e-02
9.476847752928733992e-02
9.470989609137177301e-02
9.465960280969738794e-02
9.441129198297858183e-02
9.433894569054246393e-02
9.422352798283099851e-02
9.437096083536744562e-02
9.407957559451460283e-02
9.392413726076483116e-02
9.391450658440589350e-02
9.384782588109373547e-02
9.377113435417414045e-02
9.395651534199714328e-02
9.340383840724825193e-02
9.349261373281478327e-02
9.319635178893805050e-02
9.326912524178623820e-02
9.324141368269919794e-02
9.295245036482810419e-02
9.285944841802119820e-02
9.286424100399016945e-02
9.283152589574455993e-02
9.282561885192990025e-02
9.269348207861184685e-02
9.232307942584157268e-02
9.252493215724826026e-02
9.264841618016361746e-02
9.216101005673409119e-02
9.231489269062877201e-02
9.193059999495745149e-02
9.212199080735444801e-02
9.218626074492931866e-02
9.184378474950789795e-02
9.161301461979746985e-02
9.174798907712101992e-02
9.188886621966957380e-02
9.141034312546253426e-02
9.121477380394935053e-02
9.152061855420470793e-02
9.098985008895396631e-02
9.149294823408127275e-02
9.114723300561308750e-02
9.122151926159859092e-02
9.076181348413228656e-02
9.096834875643253215e-02
9.081334242597222106e-02
9.105521118268371239e-02
9.045722905546427217e-02
9.079196125268935991e-02
9.045209264382719772e-02
9.040368981659412106e-02
9.062399823218583728e-02
9.075915770605207100e-02
9.052286799997091848e-02
9.038469925522804593e-02
9.005165742710233290e-02
9.027826236560940187e-02
9.034561054781078959e-02
8.999969987198710997e-02
8.998564783483743723e-02
8.999819701537489780e-02
8.988336661830544083e-02
8.998700739815830574e-02
8.974506137892604429e-02
8.990042068064213465e-02
8.973750865086912998e-02
8.933352330699563526e-02
8.954902712255716213e-02
8.950892454013228972e-02
8.970335911959409492e-02
8.945787807926536273e-02
8.916128588840364910e-02
8.949276994913817063e-02
8.906827636063098519e-02
8.917048813775181604e-02
8.920845888555049841e-02
8.878796324133872431e-02
8.915711522102355568e-02
8.897783489897846676e-02
8.877349980175494593e-02
8.905883014202117809e-02
8.876757415011525543e-02
8.865204585716128516e-02
8.880700502544641717e-02
8.863190783187746558e-02
8.859525278210639287e-02
8.886531237512826364e-02
8.802827935665845371e-02
8.882402529940008895e-02
8.850257052108645439e-02
8.855469759553670495e-02
8.860323769971728547e-02
8.815723385661840272e-02
8.804731646552682589e-02
8.799197457730770222e-02
8.821819500997662988e-02
8.802302181720733643e-02
8.791752528399228439e-02
8.802344340831042002e-02
8.742621399462223442e-02
8.793223513290286675e-02
8.797175096347928380e-02
8.812770158052445069e-02
8.786978794261812720e-02
8.773775590583682282e-02
8.754642440006137061e-02
8.749554492533206940e-02
8.731752974912523890e-02
8.733270423486828860e-02
8.738392934203148554e-02
8.750075818970799724e-02
8.752740478143096470e-02
8.749494535848498233e-02
8.747433800250291325e-02
8.746740628033876364e-02
8.743103863671422560e-02
8.708247210830449836e-02
8.728765975683927536e-02
8.749489452689886149e-02
8.691438715904950540e-02
8.713004985824227000e-02
8.712477413937450010e-02
8.659442896023392122e-02
8.707020640373229481e-02
8.682743668556212879e-02
8.678828939795493747e-02
8.694199929013848860e-02
8.700874017551540884e-02
8.687636118382215111e-02
8.703871328383684658e-02
8.672234319150447235e-02
8.669684115797281210e-02
8.650583613663911930e-02
8.670339677482843954e-02
8.632513584569095899e-02
8.651710616424679312e-02
8.617373060435057353e-02
8.616012116894125605e-02
8.643729280680417792e-02
8.672150524333119281e-02
8.622007012367248480e-02
8.631735745817423200e-02
8.594954010099171982e-02
8.627824950963258743e-02
8.598917765542864189e-02
8.613869139924645868e-02
8.642232634127139379e-02
8.632541211321949348e-02
8.612409252673387805e-02
8.596974592655896863e-02
8.638405242934822648e-02
8.585099797695874835e-02
8.588293237611650810e-02
8.618939543142914439e-02
8.579356580972671842e-02
8.580756524577737299e-02
8.567897969856858031e-02
8.584789680317043981e-02
8.590113867074250509e-02
8.584058009088040009e-02
8.555811032652854697e-02
8.587624840438365381e-02
8.536305604502558708e-02
8.564439903944730259e-02
8.585473017767071557e-02
8.562291866168379728e-02
8.564551742747425478e-02
8.556175045669078827e-02
8.547812223434447798e-02
8.545062325894832445e-02
8.529843591153621341e-02
8.533416360616684349e-02
8.507331388071179279e-02
8.513054227456449963e-02
8.515489060431719048e-02
8.536997195333242971e-02
8.512055924162269249e-02
8.547675639390944768e-02
8.523558288812636830e-02
8.520862391218543552e-02
8.505650242790580018e-02
8.535076737403869684e-02
8.489575281739235313e-02
8.492265695706009698e-02
8.496663819998502565e-02
8.507050262764095927e-02
8.522646792232990709e-02
8.500444382429123147e-02
8.474607015028595702e-02
8.520802076905965861e-02
8.450655989348888897e-02
8.465592686086892416e-02
8.496849324554205107e-02
8.465379860252142397e-02
8.475171295925974790e-02
8.438734941184521110e-02
8.456796754151582607e-02
8.446558658033609390e-02
8.464890738949179538e-02
8.456221789121627641e-02
8.423240507021546863e-02
8.468354612588882557e-02
8.439370198175311089e-02
8.460724765434861350e-02
8.449062392115593012e-02
8.450840197503567408e-02
8.442449105903505890e-02
8.435531862080097865e-02
8.431640209630131277e-02
8.432516247034073376e-02
8.418855996802449004e-02
8.421047188341618250e-02
8.401744078844786134e-02
8.445474931970238519e-02
8.416467713192105071e-02
8.419191285967826677e-02
8.411026906222104915e-02
8.417685121297836803e-02
8.394140766933561038e-02
8.427248535677790697e-02
8.386215707287192345e-02
8.374084442853928223e-02
8.390806473791599662e-02
8.380206348374485970e-02
8.391141513362526672e-02
8.378428459167480691e-02
8.391008956357837167e-02
8.375989954918622304e-02
8.385414760559797842e-02
8.382937701418996523e-02
8.398705983534454633e-02
8.412791421636939271e-02
8.395310994237661917e-02
8.379913546144962533e-02
8.384273339062929542e-02
8.372378360480070558e-02
8.339009411633015179e-02
8.340166257694363316e-02
8.330044018104672265e-02
8.372952790930866807e-02
8.349989123642444222e-02
8.372353477403521316e-02
8.344409339129925385e-02
8.379428960382938329e-02
8.380717288702727030e-02
8.315614219754934033e-02
8.321365831419826053e-02
8.367760846391320007e-02
8.352105019614100567e-02
8.308182852342724245e-02
8.318706212565302183e-02
8.316768767312168742e-02
8.355895806103945389e-02
8.328856678679585901e-02
8.334896855056285470e-02
8.314171513542532865e-02
8.308768413960933297e-02
8.332770435139537357e-02
8.339502785354852010e-02
8.314349653199315515e-02
8.311220299452543037e-02
8.319152440875768328e-02
8.322474274784326387e-02
8.292838202789426516e-02
8.323863398283720683e-02
8.299395207315683753e-02
8.332093007862567680e-02
8.314110420644282851e-02
8.293399946764111463e-02
8.285231035202741956e-02
8.286013914272188918e-02
8.273578044027089795e-02
8.281353687867522295e-02
8.296156629920005410e-02
8.312256194651126973e-02
8.280743975192308981e-02
8.283666329458355682e-02
8.255136109888554230e-02
8.309498995542526079e-02
8.291282212361693327e-02
8.281048726290464457e-02
8.283989556133747323e-02
8.288378387689590565e-02
8.260464850813149795e-02
8.282678477466105804e-02
8.279301879927515595e-02
8.269298844039439655e-02
8.250769145786762682e-02
8.275805702432989519e-02
8.232100455090403390e-02
8.271597171202302312e-02
8.258989874273538201e-02
8.249082468450069650e-02
8.254130979999900475e-02
8.268403502181172204e-02
8.263865163549781456e-02
8.250204283744096145e-02
8.244185669347643686e-02
8.232881437987088491e-02
8.221091251820325518e-02
8.234477467834949715e-02
8.247868020087480156e-02
8.274632893502711917e-02
8.248540490865707842e-02
8.253999337553978577e-02
8.245538016781210622e-02
8.235740000382066328e-02
8.215893194079398887e-02
8.229213757440448362e-02
8.210052225738763421e-02
8.240366145968437694e-02
8.207788739353417962e-02
8.234275568276644419e-02
8.198307828977703660e-02
8.196218101307749249e-02
8.233451552689075026e-02
8.207873051986097623e-02
8.211958548054099083e-02
8.247641114518046435e-02
8.181668905541300552e-02
8.232185611501335876e-02
8.211765551939606556e-02
8.187667062506079341e-02
8.220305655151605162e-02
8.205216607078909263e-02
8.184884829446673060e-02
8.219245448708534241e-02
8.209295747801662047e-02
8.197639612480997484e-02
8.199435418471694159e-02
8.174477806314825457e-02
8.185931857675314560e-02
8.157987331971526535e-02
8.185376735404133186e-02
8.177756054326891511e-02
8.161136703565716188e-02
8.166925475001335366e-02
8.175639854744076729e-02
8.199155885726212845e-02
8.163651606068014766e-02
8.175414916127919651e-02
8.183404900133610382e-02
8.162675060331821275e-02
8.169210039079188856e-02
8.184563586488366460e-02
8.175114199519156744e-02
8.132085921242833415e-02
8.181602567434310969e-02
8.147268043830990791e-02
8.144875962287187465e-02
8.143017068505287170e-02
8.137040920555591028e-02
8.151653712615371250e-02
8.158042060211301294e-02
8.174949062988162707e-02
8.154497295618057251e-02
8.151467889547348022e-02
8.152214407920838068e-02
8.156973261386156471e-02
8.148646296933292899e-02
8.152119634672999604e-02
8.196191599592567156e-02
8.117965551093220267e-02
8.159742318093776703e-02
8.171611877158284354e-02
8.118079394102097057e-02
8.137512853369116561e-02
8.170675184577703976e-02
8.138214532285928393e-02
8.112542867660522961e-02
8.111526509746909419e-02
8.109925873577594757e-02
8.141881464049220696e-02
8.148846302181482482e-02
8.119077851995826212e-02
8.117289923131465468e-02
8.072784086689352434e-02
8.138662887737155294e-02
8.089158549904823525e-02
8.122516298666596080e-02
8.099314603954553549e-02
8.115251693874597771e-02
8.109822668135166501e-02
8.108856607228517865e-02
8.116411104798317011e-02
8.105097791180014555e-02
8.108974462375044545e-02
8.149958729743957131e-02
8.091832803562283571e-02
8.102835286408663351e-02
8.092459473758935318e-02
8.095132643356919844e-02
8.098830135539174246e-02
8.123461037874221691e-02
8.135594237595795974e-02
8.098446156829595954e-02
8.113194521516561841e-02
8.082858735695480634e-02
8.120165064930916221e-02
8.078575517982244936e-02
8.064807709306479055e-02
8.081560010090470259e-02
8.067235721275210769e-02
8.073519030585885048e-02
8.090473618358373642e-02
8.082456301897764095e-02
8.070571428164839689e-02
8.112116301432252541e-02
8.070425279438495081e-02
8.060993220657110270e-02
8.073796400800346829e-02
8.072825096547603385e-02
8.069924993440508176e-02
8.082492358982562575e-02
8.072343483567237521e-02
8.079093435779213794e-02
8.084100563079119062e-02
8.048773054033517282e-02
8.069434041157365345e-02
8.071188701316714398e-02
8.057471437379717938e-02
8.060465157032012384e-02
8.078735493123531675e-02
8.048220044001937190e-02
8.061494141817092396e-02
8.079677103087305745e-02
8.051536919549107107e-02
8.061785858124494164e-02
8.048995025455951691e-02
8.064461555331944864e-02
8.018559690564870668e-02
8.063498130068183500e-02
8.052363770082593408e-02
8.036979990079999581e-02
8.055263845250010268e-02
8.051990056410432417e-02
8.053858205676078796e-02
8.043332202360034544e-02
8.041591351851820613e-02
8.034633513540029304e-02
8.028680214658379111e-02
8.031111255288124473e-02
8.030252756550908255e-02
8.023273238912224936e-02
8.040077062323688906e-02
8.019190907478332409e-02
8.018141528591513079e-02
8.017834154888987819e-02
8.041787503287195493e-02
8.045295597985387126e-02
8.046002302318810973e-02
8.022930271923542356e-02
8.007943417876958736e-02
8.017552042379975930e-02
8.064892103895544839e-02
7.991343626752495100e-02
8.032311722636223394e-02
8.026835076510906164e-02
8.010754309594630973e-02
8.028278078883886726e-02
8.039775595068932024e-02
8.002349158748983671e-02
8.035459604114293664e-02
8.046511016786098147e-02
8.013497686013579258e-02
7.989924605935812274e-02
8.012730907648801804e-02
8.038065254688263328e-02
7.991969114169478194e-02
8.011381169781088551e-02
8.009340973570942823e-02
8.013854468241334017e-02
7.999044323340058493e-02
8.022650817409157642e-02
8.037068080157042105e-02
7.998848877847195005e-02
7.972473241388797205e-02
8.004359846934676337e-02
8.006217297166585978e-02
7.986441947519778983e-02
7.978270245715975151e-02
7.970308268442749533e-02
7.983475569635629931e-02
8.001081759110093006e-02
7.981553280726075283e-02
7.957568440586328118e-02
7.977207826450466444e-02
7.985994489863515455e-02
7.973790723830460891e-02
7.982607780024408850e-02
7.981056505814194957e-02
7.965707397088409025e-02
7.980251085013151391e-02
7.974159013479947822e-02
7.971086332574486844e-02
7.988215642049908971e-02
7.978938026353717128e-02
7.943271823227406048e-02
8.005243973806500102e-02
8.019310122355818859e-02
7.978300308808684849e-02
8.000222483649849226e-02
7.983322232961655163e-02
7.958814769983291182e-02
7.991446303203701695e-02
7.962862404063343613e-02
7.980354445055126700e-02
7.949577659368514682e-02
7.962394924834370613e-02
7.968931956216693258e-02
7.954025352373719771e-02
7.967852417379617247e-02
7.975964399054646936e-02
7.936631852760911432e-02
7.962596826255322058e-02
7.959303656592965626e-02
7.986989794299007017e-02
7.985101843252778719e-02
7.959105651825666705e-02
7.970812141895294856e-02
7.935741458088159395e-02
7.938730143010616636e-02
7.939058244228362760e-02
7.946575747802853140e-02
7.964956942945718155e-02
7.934753553941846504e-02
7.958594672381877344e-02
7.945644354447722879e-02
7.940256645902991905e-02
7.944002555683254974e-02
7.936814151704311981e-02
7.889081537723541260e-02
7.971501108258963186e-02
7.954884609207510393e-02
7.950334494933486429e-02
7.948270451277494875e-02
7.937501231208443642e-02
7.932941246777773514e-02
7.939763585105538701e-02
7.914097463712095604e-02
7.925058878958225750e-02
7.923886368051170914e-02
7.930460894480347023e-02
7.927983645349741260e-02
7.920321654528379718e-02
7.915919801220297480e-02
7.903913745656609979e-02
7.916458664461969996e-02
7.926673304289579003e-02
7.941104708239436760e-02
7.914959160611033384e-02
7.919694812968373909e-02
7.907005319371819552e-02
7.906111298128962184e-02
7.929282698780298899e-02
7.894869700074196028e-02
7.949292585253715793e-02
7.911019997671246695e-02
7.918024331331252608e-02
7.944429203867912903e-02
7.914672601968049392e-02
7.915009550750255751e-02
7.927594378590584190e-02
7.923693317919969226e-02
7.924722304567693998e-02
7.929420635104179882e-02
7.914302816614508795e-02
7.883317431434988531e-02
7.922185700386762119e-02
7.907485127449036255e-02
7.908194895833731142e-02
7.934022020548582577e-02
7.886260477825998705e-02
7.909257220104336239e-02
7.904535811394453049e-02
7.881590973585844706e-02
7.908738138154149111e-02
7.889379655942320435e-02
7.868228888139128241e-02
7.891063250601292045e-02
7.895261501893401090e-02
7.883146010339260601e-02
7.902590345591306575e-02
7.907115278765558530e-02
7.894469192251563072e-02
7.907651508226991310e-02
7.908616412431002107e-02
7.879780031740665769e-02
7.889344841241836825e-02
7.883320195600390656e-02
7.878397854045032789e-02
7.891131190583110244e-02
7.869244208559393605e-02
7.898803187534213233e-02
7.896239904686808142e-02
7.898128289729357265e-02
7.930968845263124123e-02
7.879101635888219324e-02
7.894107101485133005e-02
7.894205978140235447e-02
7.904743615537881962e-02
7.890084389597178116e-02
7.895498875528574045e-02
7.852317089214920498e-02
7.874034358188509997e-02
7.870318539440632200e-02
7.876241788268088795e-02
7.861101046204567455e-02
7.878494760021567678e-02
7.862027667462825886e-02
7.870806679129600802e-02
7.883855413645506072e-02
7.857478110119700543e-02
7.877261521294713631e-02
7.895422039553523508e-02
7.844732008874416573e-02
7.862643780186771847e-02
7.870462955906987190e-02
7.869533896446227750e-02
7.849511658772825862e-02
7.852778472006320676e-02
7.844600610435009669e-02
7.852796921506524641e-02
7.867725316435097982e-02
7.829891324043274092e-02
7.844642225652932732e-02
7.838098110631108728e-02
7.826474955305456893e-02
7.853669982403516103e-02
7.872215578332543429e-02
7.850705899298190960e-02
7.846696557477116085e-02
7.853760976344346945e-02
7.847236862406134494e-02
7.857033126056194028e-02
7.845889735966921075e-02
7.844373485073447005e-02
7.823568975552916416e-02
7.839147811755538264e-02
7.841821705922484564e-02
7.841036418452858314e-02
7.818383365869521762e-02
7.838609270751475955e-02
7.816061757504939866e-02
7.834155842661857938e-02
7.827751310542226115e-02
7.884668063372374247e-02
7.834831805899739043e-02
7.861416961997746977e-02
7.827108399942517281e-02
7.848201164975762700e-02
7.849457519128918981e-02
7.840875215828418954e-02
7.826366767287254445e-02
7.850445143878459486e-02
7.824681634083389958e-02
7.827378708869218993e-02
7.832220295444131120e-02
7.820996349677443449e-02
7.845088358968496656e-02
7.797829989343880996e-02
7.814023211598396246e-02
7.838589200749992991e-02
7.814920259639621114e-02
7.827196910977363142e-02
7.808289220556616228e-02
7.839332748204469459e-02
7.826478365808725579e-02
7.851457085460424035e-02
7.800913034006953795e-02
7.817719323560595734e-02
7.838228832930325962e-02
7.812252674251794760e-02
7.789053017273545043e-02
7.809000633656978940e-02
7.801632456481456812e-02
7.808881547302007342e-02
7.817083904519676885e-02
7.830874379724264700e-02
7.836598841473460531e-02
7.820545295253396312e-02
7.829644616693258452e-02
7.820246085524558410e-02
7.793425418436526753e-02
7.802684104070067850e-02
7.804473476484417860e-02
7.816092954948544724e-02
7.800121352076530568e-02
7.796735627576709127e-02
7.786529909819364659e-02
7.830419352278113199e-02
7.817425305023789628e-02
7.810779094696045088e-02
7.817196993157267404e-02
7.800914399325847848e-02
7.804496048018336185e-02
7.808528665453196016e-02
7.806222312152386045e-02
7.797180876135825778e-02
7.803678626194596180e-02
7.813909113407134510e-02
7.822509746998548841e-02
7.801583563908934260e-02
7.791822906583548147e-02
7.798471584916115418e-02
7.787706028670073055e-02
7.799538554623723641e-02
7.798017309978604039e-02
7.817298518493771831e-02
7.793785730376839860e-02
7.825888000428676827e-02
7.770863637328147278e-02
7.777552271261811700e-02
7.808588629588485153e-02
7.760726522654294579e-02
7.788590285927057821e-02
7.800523789599538016e-02
7.805647732689977025e-02
7.798178281635045894e-02
7.790371203795075361e-02
7.751337066292762756e-02
7.787037143483757640e-02
7.826764781028032469e-02
7.781026881188153610e-02
7.768536228686570566e-02
7.795234819874168053e-02
7.795139867812395096e-02
7.776992579922080429e-02
7.794549016281962506e-02
7.771861275658011048e-02
7.767900962382555397e-02
7.787671871483325958e-02
7.789724381640553141e-02
7.768443264067173559e-02
7.755738127976656571e-02
7.766584416851401995e-02
7.763048864901066215e-02
7.786779465153813307e-02
7.783853158354758772e-02
7.806599760428070689e-02
7.783453900367021117e-02
7.768259065225720239e-02
7.783240778371691704e-02
7.782438512891530491e-02
7.764478584751487167e-02
7.772765904664993841e-02
7.776582045480609495e-02
7.761812610551714620e-02
7.762440094724297468e-02
7.785940665751694967e-02
7.797082016244530345e-02
7.759050048887729256e-02
7.774922246113419311e-02
7.763952296227216721e-02
7.789864500984550189e-02
7.780136860907077567e-02
7.765746464952826000e-02
7.776906767860054803e-02
7.763381546363234964e-02
7.766533551737665741e-02
7.767818022519350218e-02
7.760368328541517036e-02
7.759724507108330116e-02
7.741350796073674656e-02
7.728588026016951218e-02
7.788121085613966543e-02
7.731091905385255314e-02
7.744594804942607491e-02
7.783682875335216911e-02
7.752597289159894600e-02
7.749415928497910278e-02
7.749167717993259152e-02
7.726916415616870426e-02
7.751305889338254429e-02
7.755416110157967169e-02
7.755655292421578806e-02
7.742030031979084403e-02
7.760009417310356761e-02
7.745169419795275290e-02
7.766670430079102017e-02
7.729182600975036121e-02
7.741431314498185834e-02
7.772544911131262779e-02
7.732336696237325502e-02
7.755059555172920394e-02
7.759745113551616558e-02
7.722171630710362999e-02
7.749625181779265515e-02
7.728733155876398031e-02
7.743081223219633324e-02
7.747958159074187778e-02
7.737958474084734306e-02
7.725394172593950948e-02
7.762734098359942714e-02
7.746737293899058630e-02
7.734507163986563405e-02
7.749856775626540184e-02
7.722514985129237675e-02
7.731713676825165138e-02
7.729259012266993800e-02
7.725747417658566929e-02
7.729388507083058413e-02
7.722753129899501134e-02
7.739911414682865143e-02
7.734627172350883040e-02
7.720041934400796724e-02
7.726289914920926594e-02
7.721924087032676354e-02
7.742892304435372575e-02
7.708361010998487917e-02
7.714739900082349944e-02
7.726634506136179081e-02
7.722187215462326948e-02
7.724511906504631653e-02
7.720496235415338915e-02
7.723717154935001716e-02
7.738044584169984086e-02
7.713099077343940624e-02
7.726147277280688563e-02
7.727435043081641586e-02
7.715311968699097023e-02
7.703552752733230924e-02
7.709405800327658043e-02
7.746016498655081128e-02
7.722403993830084801e-02
7.708984734490513524e-02
7.705100538209080918e-02
7.738502580672503017e-02
7.719111246988177855e-02
7.697024451568722225e-02
7.704864209517836571e-02
7.710854664444923012e-02
7.705479372292757534e-02
7.732418902218342327e-02
7.739063186571001896e-02
7.712956450879573933e-02
7.672255098819732999e-02
7.715132916346192915e-02
7.729918612167238634e-02
7.724832970649003760e-02
7.704938840121031141e-02
7.700511144474148084e-02
7.721664438024163080e-02
7.702965568751096725e-02
7.698907110840082224e-02
7.717305418103932724e-02
7.695756928995250989e-02
7.708806606009602214e-02
7.702761808410286959e-02
7.698330316692590658e-02
7.686305610463023408e-02
7.680878067389131092e-02
7.664916137233376836e-02
7.701887769624590763e-02
7.695375870913266636e-02
7.693449547514319420e-02
7.730129415169358087e-02
7.689727704972028344e-02
7.696337049826978971e-02
7.720398381352425177e-02
7.703053256496787682e-02
7.728837216272950450e-02
7.698478324338793588e-02
7.697474708780646657e-02
7.692915670573712006e-02
7.700048111379147187e-02
7.679384473711252379e-02
7.713790552690624747e-02
7.699492918327451030e-02
7.679863486438989750e-02
7.701618026942014250e-02
7.719517661258577801e-02
7.714335925877094380e-02
7.673102932050823721e-02
7.699017820879816565e-02
7.710365414619445301e-02
7.697507403790951330e-02
7.663774169981479867e-02
7.665866395458578730e-02
7.672176755964756067e-02
7.687381699681282432e-02
7.662392973899841142e-02
7.691618366166949605e-02
7.677163403481244985e-02
7.675355803221464712e-02
7.686846503987908308e-02
7.697934336960315926e-02
7.709676507860421801e-02
7.704334234818815963e-02
7.672697585076093674e-02
7.670531863346695400e-02
7.683600507676600910e-02
7.676542185246944261e-02
7.663694225251674319e-02
7.688624087721109002e-02
7.692612236365675704e-02
7.685707544907927069e-02
7.653569117188453730e-02
7.671404406428336542e-02
7.671408519148827099e-02
7.672733962535857599e-02
7.665090195834636799e-02
7.671294029802083747e-02
7.672670485451817124e-02
7.670015299692750643e-02
7.689421851187944190e-02
7.663643740117549730e-02
7.683780146762728136e-02
