3.373383381403982639e-02
3.221224523149431029e-02
2.736106094438582603e-02
2.643146510701626511e-02
2.603458147030323841e-02
2.563549899030476836e-02
2.570850915275514278e-02
2.487035662634298067e-02
2.489468435058370122e-02
2.514215999515727329e-02
2.460891551105305608e-02
2.425062038702890249e-02
2.407223025104031008e-02
2.405146072618663186e-02
2.430762281641364250e-02
2.407156517729163239e-02
2.340442524524405724e-02
2.342179697472602032e-02
2.310336511116474825e-02
2.335377128329128166e-02
2.306026639416813850e-02
2.326334836892783586e-02
2.321542345918714903e-02
2.288562486879527555e-02
2.281667374074458979e-02
2.318108073202893027e-02
2.245333333034068429e-02
2.233090173220261820e-02
2.243886925978585967e-02
2.221743356669321490e-02
2.215628011617809534e-02
2.199993446702137520e-02
2.209395981393754566e-02
2.227966804290190325e-02
2.197983028367161626e-02
2.200976053718477557e-02
2.176937293028459106e-02
2.169461664743721485e-02
2.193626442225650106e-02
2.184981045778840864e-02
2.169936059042811352e-02
2.201853166101500406e-02
2.190216535003855838e-02
2.214151443215087167e-02
2.179426151560619543e-02
2.177738302387297042e-02
2.140508907614275744e-02
2.170550016220659101e-02
2.146807197714224388e-02
2.125879212282598060e-02
2.133721594465896529e-02
2.132282219827175140e-02
2.125133686931803684e-02
2.199041557032615016e-02
2.107387260301038512e-02
2.110110925510525620e-02
2.155850348994135801e-02
2.139848602004349246e-02
2.110231805359944618e-02
2.127186719095334327e-02
2.096936895046383129e-02
2.082048911135643554e-02
2.086910458747297595e-02
2.079492305405437891e-02
2.092633519088849328e-02
2.067303062649443815e-02
2.091039149789139517e-02
2.078259906498715337e-02
2.151366474106907942e-02
2.077622784301638714e-02
2.056054029846563977e-02
2.091339843114838060e-02
2.086830546846613413e-02
2.086779101053252983e-02
2.061976253287866809e-02
2.104934148257598184e-02
2.045685746939852889e-02
2.053571732249110868e-02
2.064301842125132805e-02
2.037559845251962418e-02
2.086387255461886678e-02
2.037070681340992506e-02
2.072190824197605100e-02
2.037432918790728006e-02
2.028981266776099662e-02
2.030774152837693663e-02
2.026461798930540709e-02
2.038636650890111868e-02
2.020010800566524392e-02
2.042960729217156712e-02
2.025020133238285627e-02
2.014666416682302924e-02
2.013202204601839337e-02
2.037470009177923258e-02
2.024288255022838739e-02
2.019120495533570717e-02
2.005995024461299306e-02
2.009719023946672511e-02
2.011197442654520315e-02
1.996603640727698942e-02
1.992726263822987634e-02
1.994726447388529833e-02
1.985716938273981297e-02
1.992948857601731932e-02
1.984462811844423316e-02
1.992804572917521166e-02
1.981982296332716886e-02
2.007486928487196495e-02
1.997992865508422394e-02
1.995021896436810493e-02
1.987619198858738001e-02
1.970200628042221083e-02
2.009405396413058154e-02
2.006158041302114753e-02
2.014073301339521990e-02
1.976544569013640243e-02
1.980510847410187070e-02
2.019681185018271097e-02
1.991180674405768417e-02
1.973927915561944288e-02
1.965199208352714708e-02
2.015784799586981674e-02
1.994689575862139408e-02
1.964640417601913255e-02
1.976348966825753478e-02
1.936483799712732448e-02
1.949845347786322361e-02
1.942776038544252390e-02
1.969367958605289584e-02
1.949277720414101939e-02
1.964647505199536640e-02
1.949120973236858831e-02
1.958749633049592515e-02
1.959620711859315703e-02
1.944230894325300885e-02
1.935368428239598801e-02
1.956244511529803276e-02
1.953450847882777508e-02
1.943552135024219710e-02
1.929536106530576819e-02
1.928315174300223450e-02
1.928583012660965365e-02
1.930870613548904546e-02
1.935155926737934518e-02
1.932073748670518412e-02
1.924968227278441024e-02
1.981556206010282040e-02
1.935525775188580086e-02
1.930356573779136095e-02
1.914572122739627985e-02
1.916653475956991287e-02
1.944414823548868201e-02
1.928659552009776360e-02
1.909789750585332360e-02
1.923197776312008528e-02
1.920102828182279966e-02
1.912588837090879734e-02
1.910141628934070371e-02
1.941067979671061081e-02
1.933316163253039066e-02
1.907471908954903525e-02
1.910491690738126691e-02
1.902043058536946607e-02
1.924636167241260479e-02
1.941491579404100790e-02
1.900021584471687716e-02
1.911627070279791826e-02
1.904851741157471967e-02
1.902682557236403185e-02
1.897860483964905129e-02
1.912157121580094002e-02
1.889601419912651306e-02
1.885060271015390893e-02
1.921365339541807743e-02
1.919936386868357700e-02
1.893361213849857616e-02
1.889750980073585940e-02
1.919565430842340090e-02
1.905159216141328118e-02
1.885955148609354953e-02
1.882363253971561928e-02
1.889193049864843627e-02
1.886909382883459468e-02
1.876608835300430655e-02
1.887921007117256481e-02
1.957048984942957870e-02
1.865614373702555867e-02
1.870045637479051878e-02
1.895395198836922687e-02
1.886036064242944260e-02
1.905957049224525635e-02
1.876957940869033309e-02
1.877233686391264339e-02
1.868897226173430598e-02
1.927788201253861217e-02
1.880091844592243419e-02
1.899639057926833657e-02
1.865731585538014936e-02
1.877465473022311981e-02
1.870115522760897736e-02
1.875776273896917826e-02
1.892672816989943510e-02
1.865342943230643979e-02
1.873028589645400754e-02
1.861772057134658195e-02
1.861628229962662001e-02
1.889102274319157115e-02
1.890800157096236833e-02
1.872432988137006857e-02
1.852824137546122199e-02
1.859979984350502644e-02
1.866808206075802612e-02
1.856046565808355808e-02
1.881425427272915771e-02
1.863389637321233652e-02
1.858554800273850421e-02
1.856982941972091725e-02
1.869319021701812758e-02
1.871389857493340955e-02
1.851728370180353439e-02
1.887874329928308781e-02
1.864591847173869762e-02
1.852547301910817748e-02
1.866888898657634993e-02
1.849871314829215282e-02
1.854854980483651092e-02
1.842673944775015046e-02
1.834265222540125417e-02
1.852086986880749353e-02
1.859152792021632333e-02
1.848673459142446615e-02
1.859007854247465841e-02
1.862180586205795449e-02
1.846770634641871009e-02
1.846683910349384075e-02
1.859391672071069451e-02
1.842298134462908021e-02
1.840451033087447258e-02
1.826334876706823748e-02
1.835787086747586727e-02
1.846851772163063399e-02
1.859094836050644364e-02
1.841446825070306575e-02
1.834973529912531376e-02
1.834112924523651628e-02
1.840154296020045724e-02
1.857545768609270356e-02
1.882853613700717632e-02
1.834241116186603737e-02
1.852689923252910306e-02
1.828342101303860601e-02
1.832754155853763209e-02
1.829559198115020963e-02
1.853549207560718087e-02
1.864346902584657073e-02
1.821303421864286023e-02
1.830912081291899071e-02
1.843323403503745878e-02
1.857149156276136776e-02
1.846598900388926254e-02
1.846122280461713616e-02
1.844024024670943770e-02
1.821035626577213393e-02
1.847138720331713627e-02
1.845187210943549996e-02
1.840238595847040401e-02
1.915138352662324947e-02
1.819745263084769291e-02
1.827333505032584238e-02
1.836164278909564046e-02
1.849683959502726807e-02
1.813847652636468508e-02
1.815918347565457364e-02
1.821694744052365297e-02
1.837824746267870124e-02
1.804449418559670587e-02
1.828186970204115011e-02
1.827595417620614046e-02
1.841081988997757268e-02
1.811232557287439579e-02
1.814928957726806569e-02
1.828970751026645289e-02
1.821472172392532216e-02
1.813865712611004849e-02
1.822928825393319019e-02
1.817530219443142317e-02
1.827557551674544728e-02
1.822602643165737238e-02
1.838449003407731722e-02
1.810982275987043852e-02
1.812081271316856243e-02
1.812632271088659638e-02
1.835095815360546223e-02
1.837901694001629893e-02
1.818002514308318662e-02
1.813918241532519460e-02
1.825951812788844178e-02
1.800035604275762938e-02
1.814368996303528450e-02
1.821628740988671946e-02
1.809500317554920898e-02
1.802443465217947946e-02
1.819649597862735280e-02
1.795594160212203930e-02
1.816219786414876441e-02
1.820144839584827284e-02
1.800249487860128284e-02
1.806489959824830391e-02
1.825553628616034818e-02
1.817815908463671706e-02
1.800431345822289461e-02
1.799796522129326962e-02
1.793254422023892250e-02
1.813432912807911787e-02
1.808356629684567535e-02
1.796938003506511408e-02
1.801836572121828794e-02
1.807996893534436975e-02
1.794610830722376607e-02
1.797284832224249965e-02
1.829426983837038195e-02
1.796722314553335365e-02
1.798287336248904564e-02
1.797995816450565984e-02
1.786638893652707505e-02
1.799409897532314173e-02
1.778634368209168481e-02
1.812820945400744552e-02
1.803276687627658123e-02
1.792477326467633095e-02
1.774887445615604478e-02
1.796643379610031802e-02
1.788299992447718936e-02
1.811582207912579290e-02
1.788204212673008553e-02
1.795369607862085104e-02
1.791285172104835344e-02
1.830410694004967753e-02
1.820442056981846565e-02
1.793802286498248633e-02
1.787543655838817400e-02
1.800116728758439574e-02
1.798424414126202631e-02
1.822414657333865790e-02
1.801408970262855305e-02
1.784049540990963537e-02
1.794479834148660427e-02
1.792781575815752260e-02
1.796832596650347127e-02
1.800085174385458384e-02
1.792910529067739955e-02
1.794185379752889428e-02
1.778206786373630333e-02
1.798516854410990920e-02
1.775930521776899682e-02
1.782485651783645084e-02
1.810550366528332344e-02
1.784597316989675053e-02
1.815804853336885558e-02
1.809669415233656695e-02
1.780690046958625233e-02
1.786039073951542488e-02
1.797422689385712313e-02
1.786597883095964942e-02
1.779900777619332006e-02
1.779397827573120719e-02
1.775403780862689143e-02
1.786473545711487684e-02
1.790292278397828327e-02
1.769132002256810707e-02
1.790578521322459121e-02
1.765039263525977620e-02
1.782639371231198311e-02
1.792654927354305969e-02
1.784584372304379857e-02
1.784123684745281962e-02
1.803306730231270250e-02
1.779862391995266219e-02
1.775684403954073953e-02
1.793011984322220170e-02
1.767696384340524535e-02
1.782821008237078786e-02
1.774281285237520878e-02
1.762731762370094504e-02
1.775750390021130568e-02
1.760856356238946208e-02
1.772113163257017787e-02
1.795083353761583664e-02
1.825014628237113523e-02
1.789657532935962081e-02
1.790567368734628101e-02
1.786351350601762464e-02
1.778211197815835615e-02
1.789001357974484563e-02
1.772286103572696600e-02
1.773255492094904032e-02
1.758561685215681916e-02
1.770806976361200338e-02
1.787574986228719284e-02
1.776790771633386667e-02
1.764158718986436752e-02
1.803982237353921048e-02
1.770689237629994792e-02
1.788017110433429493e-02
1.798884031595662097e-02
1.758233704837039099e-02
1.769690566230565365e-02
1.756370026618242139e-02
1.760374954668805086e-02
1.757259376347064875e-02
1.767959704156964879e-02
1.785614550113677826e-02
1.764574315166100860e-02
1.803448078455403489e-02
1.769657961325719897e-02
1.753764809807762531e-02
1.758311775047332118e-02
1.769435239722952358e-02
1.772168406285345651e-02
1.777647719951346364e-02
1.767274106619879520e-02
1.767123796744272252e-02
1.759875852614641023e-02
1.763253422919660793e-02
1.759616387309506647e-02
1.753975402330979622e-02
1.759810411371290698e-02
1.759788188384845894e-02
1.786376988980918970e-02
1.761231793323531775e-02
1.757273912429809654e-02
1.743028652388602454e-02
1.753754939651116715e-02
1.807878058403730379e-02
1.770351406186819118e-02
1.747964547714218539e-02
1.747484967811033241e-02
1.762324974872171712e-02
1.751748916227370556e-02
1.758243416203185763e-02
1.757049593375995672e-02
1.754946173401549306e-02
1.756530045298859352e-02
1.757454118691384806e-02
1.742217825958505134e-02
1.761218057945370535e-02
1.771163097117096213e-02
1.765420935582369399e-02
1.770398800959810739e-02
1.749839660711586392e-02
1.771642872830852741e-02
1.731441850308328839e-02
1.744065847713500289e-02
1.752695966744795275e-02
1.759146309690549914e-02
1.772936827735975551e-02
1.761051174253225327e-02
1.777141768252477050e-02
1.763320692116394570e-02
1.744900541380047659e-02
1.749012861866503996e-02
1.740131794242188307e-02
1.748499693814664982e-02
1.752868212759494879e-02
1.757829431910067769e-02
1.738534889882430504e-02
1.755767955444753267e-02
1.752819015877321238e-02
1.759748789714649445e-02
1.768416121369227600e-02
1.755273686256259708e-02
1.738614094443619376e-02
1.803634213516488657e-02
1.736562709556892584e-02
1.750586911570280874e-02
1.744365586433559503e-02
1.756003782153129494e-02
1.745664844056591530e-02
1.743354205042123642e-02
1.736825102707371254e-02
1.741679701954126219e-02
1.748636764474213040e-02
1.754975978983566026e-02
1.736449567833915283e-02
1.737982965772971386e-02
1.735277895117178643e-02
1.745056371903046938e-02
1.741801223019137992e-02
1.757776467362418688e-02
1.730912284227088122e-02
1.738242635037750075e-02
1.732045791344717298e-02
1.751805805368349123e-02
1.739934543380513773e-02
1.751129334094002690e-02
1.742104407865554053e-02
1.748023449908941984e-02
1.738768614595755796e-02
1.733144131023436896e-02
1.743757400428876114e-02
