1.674794469560895727e-01
1.711234955915383049e-01
1.600183679589203545e-01
1.646209854100431635e-01
1.564543880522251129e-01
1.560589490192277051e-01
1.605400475008147143e-01
1.654316170939377495e-01
1.632700716810566999e-01
1.671014752771173284e-01
1.556090983961309626e-01
1.587531241987432673e-01
1.698422426623957537e-01
1.577319470899445630e-01
1.570111300264085963e-01
1.571306064724922180e-01
1.572529734777552701e-01
1.518772659557206250e-01
1.549658136708395861e-01
1.587133737547057055e-01
1.607668719121388146e-01
1.606300590293747999e-01
1.623428235096590899e-01
1.475844580147947505e-01
1.662873354341302679e-01
1.526180995362145520e-01
1.648631654679775238e-01
1.521489726645605944e-01
1.459794321230479530e-01
1.605780720710754395e-01
1.565696841904095360e-01
1.571859988783086970e-01
1.476946419903210350e-01
1.563371733895369819e-01
1.640667968562670997e-01
1.577999251229422473e-01
1.518097551805632495e-01
1.577793146882738307e-01
1.569373075451169774e-01
1.567550525069236755e-01
1.566522467349256709e-01
1.591090416269642926e-01
1.600322994802679255e-01
1.559648673449243739e-01
1.578471963959080793e-01
1.571640212621007726e-01
1.605362093874386498e-01
1.552103938800948046e-01
1.655993030539580635e-01
1.594184823334217072e-01
1.487524301878043465e-01
1.577651559242180535e-01
1.466182076505252174e-01
1.557824180594512276e-01
1.465185369764055445e-01
1.577126330563000389e-01
1.412771285644599251e-01
1.623127460479736328e-01
1.532881132193974205e-01
1.559037709874766253e-01
1.537424730403082751e-01
1.511163131466933540e-01
1.584421678313187309e-01
1.570817902684211731e-01
1.563900554818766497e-01
1.438272776348250293e-01
1.568276765091078662e-01
1.529825803424630926e-01
1.480743762637887762e-01
1.514859167592866040e-01
1.561423194195543096e-01
1.555176505020686439e-01
1.518066280654498390e-01
1.453927404114178368e-01
1.547493535493101313e-01
1.612169194434370234e-01
1.633760561900479413e-01
1.470663015331540868e-01
1.499471158853598884e-01
1.504075010972363569e-01
1.514140058841024206e-01
1.465967797807284645e-01
1.568850502371788025e-01
1.469988527574709603e-01
1.518491086150918767e-01
1.567319562392575361e-01
1.620889513620308586e-01
1.489452283297266200e-01
1.423839043293680384e-01
1.507903449237346649e-01
1.537035288555281543e-01
1.496542750724724480e-01
1.467079977904047206e-01
1.504912014518465235e-01
1.473595851234027199e-01
1.565620563924312592e-01
1.512715161911078743e-01
1.452591759817940809e-01
1.441317014396190643e-01
1.514575529311384394e-01
1.492170891059296511e-01
1.599727975470679187e-01
1.464665760951382734e-01
1.486154209290231898e-01
1.470307313970156959e-01
1.565279337976659968e-01
1.478356649833066083e-01
1.517976373434066772e-01
1.503308026918343254e-01
1.542020509285586261e-01
1.517369981322969630e-01
1.510502839727061175e-01
1.421915457717009834e-01
1.489822151405470751e-01
1.506496673183781720e-01
1.565554918987410449e-01
1.492315839443887904e-01
1.445886492729187012e-01
1.470742715256554700e-01
1.545491830578872017e-01
1.544664523431233116e-01
1.504868402012757012e-01
1.482858474233320900e-01
1.448497963803155042e-01
1.425887473991938881e-01
1.498071588575839996e-01
1.531469311032976344e-01
1.484999677964619347e-01
1.394202959324632451e-01
1.454839200845786384e-01
1.537457278796604820e-01
1.466547886707953163e-01
1.394659967294760994e-01
1.387015565165451714e-01
1.465298618589128687e-01
1.461120508611202240e-01
1.469536961189338020e-01
1.519855101193700597e-01
1.410517495657716558e-01
1.457760509635721013e-01
1.521319299936294556e-01
1.526335738599300385e-01
1.568639720124857806e-01
1.465615433241639898e-01
1.432455261903149701e-01
1.485881225339003853e-01
1.441630188907895849e-01
1.468175000378063866e-01
1.478602077279771998e-01
1.422715873590537361e-01
1.391190287790128044e-01
1.491974906197615913e-01
1.534462054925305463e-01
1.523406447044440559e-01
1.512071335954325579e-01
1.534644210977213763e-01
1.493585349193640999e-01
1.429375963551657580e-01
1.449185612478426644e-01
1.463109534233808517e-01
1.543491152780396558e-01
1.555445018623556330e-01
1.511296119008745387e-01
1.363553963601589203e-01
1.469923625034945391e-01
1.490366735628672890e-01
1.452273540198802948e-01
1.538122982851096443e-01
1.384096959871905230e-01
1.464006363281181999e-01
1.461555665092808820e-01
1.478668791907174207e-01
1.395281750176634028e-01
1.468275854630129718e-01
1.459236985870770165e-01
1.459530959171908282e-01
1.443487347236701301e-01
1.521440536848136238e-01
1.438883106623377039e-01
1.473765091172286323e-01
1.387874066297496989e-01
1.512436749679701709e-01
1.508962666349751569e-01
1.562940036611897565e-01
1.523688387657914922e-01
1.528669590396540545e-01
1.466485708951950073e-01
1.368283725210598656e-01
1.515534743666648865e-01
1.487098969519138336e-01
1.449629443564585396e-01
1.547597183712891289e-01
1.472163860286985204e-01
1.440475465995924853e-01
1.406056737261159040e-01
1.429509371519088745e-01
1.471300146409443566e-01
1.439398516501699254e-01
1.421484928578138351e-01
1.568007522395678810e-01
1.392363395009721949e-01
1.448341810277530006e-01
1.448167434760502525e-01
1.449014363544327832e-01
1.525096989103726097e-01
1.496324533862727069e-01
1.508203084979738429e-01
1.488336244864123248e-01
1.459200744118009374e-01
1.469959137695176221e-01
1.435976555304867841e-01
1.359018579657588766e-01
1.438218408397265724e-01
1.461824710880006983e-01
1.378747182232993029e-01
1.384531089237757973e-01
1.442603351814406298e-01
1.442762927285262398e-01
1.426053057823862269e-01
1.445558603320802882e-01
1.458810370947633550e-01
1.506235088620866969e-01
1.347972026893070885e-01
1.408661524099963092e-01
1.499595535652978040e-01
1.513783287789140508e-01
1.515914345426218890e-01
1.431886841143880651e-01
1.429360423769269750e-01
1.474284758525235273e-01
1.465485867645059392e-01
1.502449885010719299e-01
1.426638684102467247e-01
1.451824440487793633e-01
1.376496199518442154e-01
1.437877060047217659e-01
1.448061301239899346e-01
1.318724538598741725e-01
1.385592791650976374e-01
1.406993392322744563e-01
1.414829630936895177e-01
1.484208676431860163e-01
1.467610940869365499e-01
1.426753976515361122e-01
1.392763241061142632e-01
1.375746144247906588e-01
1.488439728106771276e-01
1.433284963880266383e-01
1.375355246875967219e-01
1.418974442141396619e-01
1.370323444051401995e-01
1.439629143902233788e-01
1.434965923960719869e-01
1.537224815360137276e-01
1.391563112182276629e-01
1.423297151923179626e-01
1.465086010949952222e-01
1.389466470905712792e-01
1.383512411266565323e-01
1.385535933077335358e-01
1.481726510184151746e-01
1.342405288347176262e-01
1.524159658168043330e-01
1.403872221708297729e-01
1.338290931390864469e-01
1.453129872679710388e-01
1.425743946539504148e-01
1.491046207291739367e-01
1.476846720491136744e-01
1.508083561701434039e-01
1.384113819471427254e-01
1.411434545048645683e-01
1.463812206472669408e-01
1.554831495242459394e-01
1.495752190904957868e-01
1.484377671565328405e-01
1.402572473245007612e-01
1.402763351798057556e-01
1.496186889708042145e-01
1.395845269518239118e-01
1.477563854839120672e-01
1.450094138937337018e-01
1.412972893033708766e-01
1.389704580817903712e-01
1.410284132829734138e-01
1.490871560360704229e-01
1.372276845255068489e-01
1.347459709005696393e-01
1.494487955101898857e-01
1.365366088492529772e-01
1.363113586391721532e-01
1.462163084319659523e-01
1.437241557453359797e-01
1.468914816422121905e-01
1.504179095583302594e-01
1.457790072475160792e-01
1.440058691161019422e-01
1.452223019940512561e-01
1.453143605696303464e-01
1.371825768479279228e-01
1.494994344455855273e-01
1.456143196140016749e-01
1.454693233328206159e-01
1.438778351460184290e-01
1.395524859960590169e-01
1.493943168648651787e-01
1.415176652371883392e-01
1.541176848113536835e-01
1.565705000289848992e-01
1.357579146112714574e-01
1.405982087765421107e-01
1.364047633750098132e-01
1.452232407672064685e-01
1.366089124764715002e-01
1.498529027615274622e-01
1.537470051220485023e-01
1.416641521666731074e-01
1.384745963982173256e-01
1.455982641449996284e-01
1.413915269076824188e-01
1.416697810803140833e-01
1.362806635775736519e-01
1.337943646524633601e-01
1.380119962351662732e-01
1.413201923881258204e-01
1.330818855868918515e-01
1.367219662559883975e-01
1.483778219137872889e-01
1.384743478681360052e-01
1.443097112434250928e-01
1.405931977289063550e-01
1.433213656502110578e-01
1.392058503947087578e-01
1.415409892797470093e-01
1.392499724669115924e-01
1.461495283458913996e-01
1.429822365088122271e-01
1.377953120640345863e-01
1.420220275010381505e-01
1.484691101525510981e-01
1.342968834297997571e-01
1.461952738463878632e-01
1.435492264905146309e-01
1.431993320584297180e-01
1.398821494409016319e-01
1.438048843826566503e-01
1.451260303812367536e-01
1.375449855944939903e-01
1.379560495593718239e-01
1.363238152116537094e-01
1.467396891010659121e-01
1.438350839806454562e-01
1.429297301386083796e-01
1.492450370320252129e-01
1.398853143411023237e-01
1.468703262507915497e-01
1.422349624335765839e-01
1.443467033760888196e-01
1.343029088207653710e-01
1.438479559229952909e-01
1.436497366854122826e-01
1.411133935408932782e-01
1.460146973175661944e-01
1.371316803353173353e-01
1.412924320570060066e-01
1.474952309259346672e-01
1.348628657204764270e-01
1.475657160793031886e-01
1.386106442660093307e-01
1.370872700853007220e-01
1.457125092191355609e-01
1.366172879934310913e-01
1.269194441182272814e-01
1.393661105207034401e-01
1.454872182969536021e-01
1.453992809568132594e-01
1.396276423973696612e-01
1.355531239616019346e-01
1.415138287203652478e-01
1.429837420582771301e-01
1.389404210661138728e-01
1.388763098844460198e-01
1.421449727245739647e-01
1.349519736000469872e-01
1.461629683950117775e-01
1.422206216624804787e-01
1.426543784993035413e-01
1.479268031460898303e-01
1.402608222727264597e-01
1.439811954540865802e-01
1.332660439823354914e-01
1.348841012056384847e-01
1.416639690952641584e-01
1.482362598180770874e-01
1.461029851010867409e-01
1.363186131098440834e-01
1.364478897303342819e-01
1.435489734368664838e-01
1.322130874863692573e-01
1.319220438599586487e-01
1.469113464866365626e-01
1.406101179974419690e-01
1.377773394009896568e-01
1.413220558315515518e-01
1.391653870897633649e-01
1.479801024709428980e-01
1.464282678706305407e-01
1.414920214031423762e-01
1.434192290263516523e-01
1.348098857062203504e-01
1.424990775329726123e-01
1.451555543712207130e-01
1.364674605429172516e-01
1.393196710518428139e-01
1.461446077695914558e-01
1.437647379934787750e-01
1.411152769412313268e-01
1.343051626213959404e-01
1.402253652257578753e-01
1.422466193991047956e-01
1.413499281874724678e-01
1.372277670140777395e-01
1.397417831633772090e-01
1.421722971967288307e-01
1.384531839617661186e-01
1.411534712782927803e-01
1.409713162907532402e-01
1.508145151393754102e-01
1.490111297794750878e-01
1.337689932967935369e-01
1.401884183287620544e-01
1.424947269260883331e-01
1.422892835523401067e-01
1.412756717098610781e-01
1.473600060812064461e-01
1.436275536460535907e-01
1.383055629474776171e-01
1.417271396411316775e-01
1.448936893471649834e-01
1.400863155722618103e-01
1.480241401919296929e-01
1.432175237153257563e-01
1.467818309153829381e-01
1.401637742029769040e-01
1.383840510887759112e-01
1.406079206083502009e-01
1.380662045308521935e-01
1.392204452838216588e-01
1.342760840696947955e-01
1.482434278087956525e-01
1.481119580566883087e-01
1.308363404657159612e-01
1.422243788838386536e-01
1.360339410603046417e-01
1.333113429801804639e-01
1.444154541407312586e-01
1.432829994176115229e-01
1.397835481911897659e-01
1.382213862878935717e-01
1.351470473621572688e-01
1.346200858908040143e-01
1.346297442380871012e-01
1.375166816370827771e-01
1.393410206905432991e-01
1.422524127577032282e-01
1.432948490338666059e-01
1.389170778649193860e-01
1.428118545029844477e-01
1.390629006283623792e-01
1.450402066111564636e-01
1.342236679047346115e-01
1.398722013192517377e-01
1.383069913302149012e-01
1.482648806912558459e-01
1.365837625094822594e-01
1.444420798548630425e-01
1.345612111368349739e-01
1.385048212749617480e-01
1.329088274921689794e-01
1.434365138411521912e-01
1.487439450408731267e-01
1.408488910113062098e-01
1.381384815488542750e-01
1.461861841380596161e-01
1.354754726801599696e-01
1.387093977204390816e-01
1.479651656533990667e-01
1.406265342874186419e-01
1.421308065099375628e-01
1.373132211821419812e-01
1.391698031553200432e-01
1.425143238157033920e-01
1.367709578147956184e-01
1.395055007721696660e-01
1.410733682236501030e-01
1.405376757362059303e-01
1.367357346628393366e-01
1.410965397953987122e-01
1.422516416226114466e-01
1.388982651489121534e-01
1.449836742665086553e-01
1.422780406262193487e-01
1.381699480116367340e-01
1.356502499963556096e-01
1.444383503070899299e-01
1.339102507169757650e-01
1.379696742764540962e-01
1.347352324851921745e-01
1.430986151099205017e-01
1.396915465593338013e-01
1.401538963296583840e-01
1.393475128071648694e-01
1.356657514614718341e-01
1.430668144353798577e-01
1.325641761400870033e-01
1.414132948432649806e-01
1.422998841319765284e-01
1.360062214412859627e-01
1.461231032652514361e-01
1.361024832086903669e-01
1.436690108052321724e-01
1.415273254471165754e-01
1.392821440739291095e-01
1.344901110444750025e-01
1.325617903577429868e-01
1.383956420634473994e-01
1.386524933789457514e-01
1.364026990320001409e-01
1.415015868842601776e-01
1.401516433273042872e-01
1.348362575684274867e-01
1.441322671515601062e-01
1.374535480780260943e-01
1.335014865866729072e-01
1.431721060403755852e-01
1.383314542472362518e-01
1.403393160019602015e-01
1.382093041070870110e-01
1.398608043257679179e-01
1.351019838558775998e-01
1.355266054826123334e-01
1.352110920207841016e-01
1.287618926061051272e-01
1.322728938290051171e-01
1.347103693655558876e-01
1.445857557867254450e-01
1.436623382781233027e-01
1.405260600149631500e-01
1.356602763491017438e-01
1.339479823197637365e-01
1.365719410989965632e-01
1.370406406266348742e-01
1.356316658535174080e-01
1.407079720603568174e-01
1.411313707275050067e-01
1.403846647590398788e-01
1.385572451565946772e-01
1.384678850216524981e-01
1.371352614036628059e-01
1.377969554492405602e-01
1.351268190358366206e-01
1.375422754458018593e-01
1.414935870894364067e-01
1.383493486791849136e-01
1.335333202566419408e-01
1.363483238965272903e-01
1.355534440704754540e-01
1.361942863357918643e-01
1.358504077153546430e-01
1.325229039149624921e-01
1.379757417099816419e-01
1.389424146286078743e-01
1.362305815730776026e-01
1.313382943293877891e-01
1.382552968072039701e-01
1.450212353042193703e-01
1.340648768735783480e-01
1.389484378908361628e-01
1.372322599802698329e-01
1.312673376607043363e-01
1.389517358371189781e-01
1.319728177040815353e-01
1.455689892172813416e-01
1.289935404700892352e-01
1.415221973189285942e-01
1.372700615652970024e-01
1.408274929438318446e-01
1.379458683409861275e-01
1.381566141332898900e-01
1.397715141730649091e-01
1.353427661316735364e-01
1.469549765544278241e-01
1.336164485130991175e-01
1.369809348668371007e-01
1.478621879858630084e-01
1.391233604933534429e-01
1.335856863962752439e-01
1.398145306323255732e-01
1.397012770175933838e-01
1.328857181859867953e-01
1.380504151540143110e-01
1.347536694790635869e-01
1.424986799912793256e-01
1.384061806436095998e-01
1.344824284315109253e-01
1.327122407300131701e-01
1.359649375081062317e-01
1.336368184004511073e-01
1.403394817773784831e-01
1.357328952955348111e-01
1.360790612442152880e-01
1.413972087736640737e-01
1.307350963886295125e-01
1.414400722299303248e-01
1.402905131024973773e-01
1.337462480046919533e-01
1.353332868644169518e-01
1.344413501875741102e-01
1.411221846938133240e-01
1.468539349734783173e-01
1.430583234344209864e-01
1.372460903865950488e-01
1.324692956571068003e-01
1.414106661187750913e-01
1.443047723067658328e-01
1.317179139171327784e-01
1.392123084515333176e-01
1.335945227848631955e-01
1.448066676301615618e-01
1.422802728733846001e-01
1.340005956590175629e-01
1.377589295485190102e-01
1.417286736624581434e-01
1.333624012768268585e-01
1.407622322440147400e-01
1.395230617906366155e-01
1.274957534457956121e-01
1.400698697460549258e-01
1.418161488005093285e-01
1.371248771569558433e-01
1.348371566938502408e-01
1.385772366608892248e-01
1.349767207034996697e-01
1.329347664224249936e-01
1.429879894214017011e-01
1.348281949758529663e-01
1.349030709160225772e-01
1.363705966089452937e-01
1.423484347760677338e-01
1.391200848988124184e-01
1.331021197672401235e-01
1.390198740575994685e-01
1.385482246322291278e-01
1.413934310632092572e-01
1.283355142389024928e-01
1.346544133765356921e-01
1.363248755889279462e-01
1.301628784941775419e-01
1.374477052262851051e-01
1.390914626951728628e-01
1.338653415441513062e-01
1.384188745703016088e-01
1.395090089312621406e-01
1.426901870540210060e-01
1.370047086051532081e-01
1.378049557762486554e-01
1.366329666759286687e-01
1.319793947041034698e-01
1.328244672289916328e-01
1.355714207249028302e-01
1.348141740475382044e-01
1.389006437467677213e-01
1.383797047393662549e-01
1.361310902450765803e-01
1.349699018257004834e-01
1.324323091123785212e-01
1.393150825585637853e-01
1.370086951979569145e-01
1.391962141330753133e-01
1.452991419604846290e-01
1.391368923442704297e-01
1.450131519564560600e-01
1.415523556726319410e-01
1.383012775331735611e-01
1.366601376129048251e-01
1.367696662034307287e-01
1.342660414853266426e-01
1.391713800174849414e-01
1.313170141407421776e-01
1.419409103691577911e-01
1.369392970310790159e-01
1.360215097665786743e-01
1.368173344859055229e-01
1.421154913093362615e-01
1.370946820825338364e-01
1.361487196492297269e-01
1.357750206121376702e-01
1.396045272371598533e-01
1.410326452127524666e-01
1.303297206759452820e-01
1.368323490023612976e-01
1.417182673301015661e-01
1.312046170766864583e-01
1.343275840793337061e-01
1.421168616839817711e-01
1.401620294366563990e-01
1.346507655190569974e-01
1.397872090871845052e-01
1.334049768213714793e-01
1.388040836900472641e-01
1.362587168280567362e-01
1.389061675540038399e-01
1.331340436424527929e-01
1.398525956485952570e-01
1.344742048531770706e-01
1.382638051041535088e-01
1.383558181779725171e-01
1.285108423658779808e-01
1.413668277008192919e-01
1.397308366639273547e-01
1.423544750681945137e-01
1.393445267208985039e-01
1.357627511024475098e-01
1.340475856725658610e-01
1.399236667369093134e-01
1.318237994398389623e-01
1.367692266191755102e-01
1.356931906193494797e-01
1.342012217002255536e-01
1.367824247905186363e-01
1.398446889860289477e-01
1.464601356003965571e-01
1.336715405008622459e-01
1.366003070558820531e-01
1.432868359344346143e-01
1.354418947760547831e-01
1.357393459017787740e-01
1.352129128894635490e-01
1.416591709213597394e-01
1.388668841017144107e-01
1.389077630426202581e-01
1.428778256688799098e-01
1.425416634551116279e-01
1.357158528906958483e-01
1.311682382864611529e-01
1.391772175473826312e-01
1.356921438127756119e-01
1.343958516206060216e-01
1.386621551854269885e-01
1.390460277242319964e-01
1.349371807383639432e-01
1.393636725842952728e-01
1.419409500168902494e-01
1.420394666492938995e-01
1.411462282495839216e-01
1.391439227653401278e-01
1.340360694697924904e-01
1.375233711940901660e-01
1.333731785416603088e-01
1.301977102245603368e-01
1.328140638236488535e-01
1.314686100397791102e-01
1.384481207600661568e-01
1.405521258711814880e-01
1.355617139488458633e-01
1.352031129811491206e-01
1.419721410742827705e-01
1.412449473781245135e-01
1.308026382965701007e-01
1.344165663634027674e-01
1.288331547485930539e-01
1.428111871438366987e-01
1.435142630445105649e-01
1.388827471860817619e-01
1.284013342644487188e-01
1.389933324285916039e-01
1.439248892877783015e-01
1.368825685765062139e-01
1.309925280511379242e-01
1.379863268562725731e-01
1.351341070341212369e-01
1.374952705310923673e-01
1.408702906753335760e-01
1.365658763263906672e-01
1.325866872710841082e-01
1.381601957338196851e-01
1.375310609915426918e-01
1.445393721972192957e-01
1.348017959722450920e-01
1.315142767769949816e-01
1.358396469482353874e-01
1.418209927422659777e-01
1.382076314517430016e-01
1.439642565590994738e-01
1.370924886848245428e-01
1.298990992030926994e-01
1.355490173612322047e-01
1.351644809224775978e-01
1.376242879778146744e-01
1.348420402833393761e-01
1.444367196943078802e-01
1.392099224030971527e-01
1.359191265489373968e-01
1.352554463914462379e-01
1.369738711842468926e-01
1.303246071828263186e-01
1.309731038553374194e-01
1.391730345785617828e-01
1.345254829419510745e-01
1.323472123060907557e-01
1.420348281306879901e-01
1.288788624640022085e-01
1.379830278456211090e-01
1.297142024018934914e-01
1.392762128795896337e-01
1.353354395500251106e-01
1.320951022207736969e-01
1.351985590798514270e-01
1.340268256941012093e-01
1.393557182912315562e-01
1.343996841460466385e-01
1.374587517763887212e-01
1.359934125627790258e-01
1.389631064874785327e-01
1.316417296017919347e-01
1.328536463635308362e-01
1.340341919234820656e-01
1.393277400306292824e-01
1.421980533216680720e-01
1.375857753945248507e-01
1.393840451325689123e-01
1.300828954471009158e-01
1.335342175194195458e-01
1.324724900935377314e-01
1.330514273473194786e-01
1.416378984493868731e-01
1.360768377780914307e-01
1.355762063924755290e-01
1.366538402757474235e-01
1.394925383584839917e-01
1.353500512029443548e-01
1.423182040452957153e-01
1.357335847403322027e-01
1.309446429035493187e-01
1.373421544475214862e-01
1.450018270739487358e-01
1.347288305738142677e-01
1.407635395548173241e-01
1.411863389824117854e-01
1.305866233472313120e-01
1.276338991842099480e-01
1.326129236923796750e-01
1.309738882950373939e-01
1.396138817071914673e-01
1.301566402294806191e-01
1.378264421863215350e-01
1.418159194290637970e-01
1.351183565067393400e-01
1.309552376291581444e-01
1.415495127439498901e-01
1.295026926589863681e-01
1.345505764974015139e-01
1.406389565340110115e-01
1.381235497870615669e-01
1.339825298637151718e-01
1.309886191572461889e-01
1.339173151978424736e-01
1.366552923406873510e-01
1.352489792874881080e-01
1.367152572742530159e-01
1.292844084756714917e-01
1.341227620307888224e-01
1.269569756197077848e-01
1.367162732141358472e-01
1.328429800591298393e-01
1.307953000068664551e-01
1.434990204870700836e-01
1.320955404745680906e-01
1.325285309659583188e-01
1.358667157058204844e-01
1.394746290253741361e-01
1.434359428073678777e-01
1.328000740281173042e-01
1.343570287738527491e-01
1.293352025427988716e-01
1.391682864299842171e-01
1.382889569337878988e-01
1.340736140097890661e-01
1.396695316902228645e-01
1.315070704690047554e-01
1.365803182125091553e-01
1.400091445871761986e-01
1.315518287675721265e-01
1.314435622521809288e-01
1.433651990124157616e-01
1.365712918341159821e-01
1.356985286942549995e-01
1.344279223786933042e-01
1.319853604904242805e-01
1.378023121505975723e-01
1.392040534743241020e-01
1.394502339618546582e-01
1.370887149657522008e-01
1.369873620569705963e-01
1.371918613357203387e-01
1.374991993818964198e-01
1.315839271992444992e-01
1.374426728912762352e-01
1.340503804385662079e-01
1.366225858884198285e-01
1.254991300936256216e-01
1.408522240817546844e-01
1.375220793166331001e-01
1.400956319911139392e-01
1.358888567026172445e-01
1.281098765986306287e-01
1.433984387133802607e-01
1.339932672147239878e-01
1.360170327659164236e-01
1.384028696588107399e-01
1.379333058638232135e-01
1.366817730345896431e-01
1.433146846081529424e-01
1.394362870071615412e-01
1.361628573920045659e-01
1.367191347692693904e-01
1.335049383342266083e-01
1.364956780203751274e-01
1.303702598171574689e-01
1.358780552233968542e-01
1.311218038733516500e-01
1.344287541827985100e-01
1.385934374162129112e-01
1.307012939027377418e-01
1.318974383175373077e-01
1.326749505741255664e-01
1.382441158805574610e-01
1.325140129774808884e-01
1.371107601693698219e-01
1.328958334135157682e-01
1.300477571785449982e-01
1.378611076091016963e-01
1.375099819685731695e-01
1.388867162168025970e-01
1.292248006377901270e-01
1.341790455792631342e-01
1.376828311809471794e-01
1.357914227992296219e-01
1.336904237312930011e-01
1.309302422617162898e-01
1.416555903851985931e-01
1.343652733734675697e-01
1.332512077476297185e-01
1.361934883253914930e-01
1.368772525872503087e-01
1.366493952061448858e-01
1.363918954240424253e-01
1.339625136128493599e-01
1.393885676349912450e-01
1.350224465131759644e-01
1.447562830788748645e-01
1.373820408646549418e-01
1.424381243331091784e-01
1.414460193897996709e-01
1.315436251461505890e-01
1.391932056950671293e-01
1.320913479264293477e-01
1.394570368741239741e-01
1.382546081606830790e-01
1.385349908045359901e-01
1.277909866933311656e-01
1.373025753668376259e-01
1.410591708762305163e-01
1.408335933727877520e-01
1.409015730023384094e-01
1.331343794507639788e-01
1.324094584477799319e-01
1.275909686727183245e-01
1.394354224737201497e-01
1.359125657805374809e-01
1.328227964362927727e-01
1.308064444788864800e-01
1.291020925023726174e-01
1.340319716504641823e-01
1.455541604331561378e-01
1.352844951408249952e-01
1.361439369086708262e-01
1.349730693868228248e-01
1.275461997304643824e-01
1.304957914565290644e-01
1.375307592430285164e-01
1.344098693558148094e-01
1.421245081084115125e-01
1.283673670675073430e-01
1.218696207340274479e-01
1.359698234924248406e-01
1.409550389008862592e-01
1.395224194441522791e-01
1.343437390668051623e-01
1.322285751146929644e-01
