1.679161079227924347e-01
1.487194821238517761e-01
1.562909744679927826e-01
1.479067169129848480e-01
1.494207307696342468e-01
1.467352658510208130e-01
1.603673994541168213e-01
1.523179002106189728e-01
1.566220484673976898e-01
1.433881521224975586e-01
1.487082913517951965e-01
1.520849429070949554e-01
1.517364159226417542e-01
1.572892665863037109e-01
1.594235487282276154e-01
1.642716042697429657e-01
1.587034389376640320e-01
1.499347984790802002e-01
1.556570082902908325e-01
1.493896320462226868e-01
1.583153530955314636e-01
1.613968573510646820e-01
1.443896237760782242e-01
1.490050964057445526e-01
1.631811559200286865e-01
1.622181050479412079e-01
1.561900228261947632e-01
1.570008918642997742e-01
1.509218439459800720e-01
1.608509272336959839e-01
1.589159257709980011e-01
1.588372923433780670e-01
1.466478854417800903e-01
1.389380842447280884e-01
1.527604535222053528e-01
1.502037364989519119e-01
1.642354354262351990e-01
1.630640514194965363e-01
1.579731404781341553e-01
1.503498107194900513e-01
1.628447398543357849e-01
1.628767661750316620e-01
1.710330732166767120e-01
1.426045149564743042e-01
1.586314886808395386e-01
1.547113992273807526e-01
1.526780650019645691e-01
1.457653827965259552e-01
1.409498453140258789e-01
1.578482352197170258e-01
1.608594842255115509e-01
1.522699333727359772e-01
1.552013941109180450e-01
1.657069325447082520e-01
1.641882285475730896e-01
1.558048389852046967e-01
1.478754021227359772e-01
1.534803379327058792e-01
1.424119230359792709e-01
1.579030677676200867e-01
1.555463485419750214e-01
1.540812030434608459e-01
1.469346731901168823e-01
1.588718034327030182e-01
1.477056704461574554e-01
1.413568779826164246e-01
1.514504551887512207e-01
1.538129523396492004e-01
1.541640311479568481e-01
1.571458578109741211e-01
1.532312184572219849e-01
1.382015570998191833e-01
1.425289921462535858e-01
1.556107401847839355e-01
1.627319045364856720e-01
1.615357398986816406e-01
1.594123132526874542e-01
1.443858481943607330e-01
1.451370455324649811e-01
1.580077745020389557e-01
1.550244167447090149e-01
1.531817652285099030e-01
1.538344696164131165e-01
1.440379694104194641e-01
1.522517725825309753e-01
1.534920409321784973e-01
1.418757922947406769e-01
1.423541158437728882e-01
1.545280329883098602e-01
1.500652693212032318e-01
1.451433449983596802e-01
1.634900681674480438e-01
1.441345587372779846e-01
1.518686115741729736e-01
1.533021070063114166e-01
1.600083261728286743e-01
1.406860351562500000e-01
1.483273580670356750e-01
1.522685512900352478e-01
1.493998281657695770e-01
1.529799513518810272e-01
1.499301381409168243e-01
1.490576341748237610e-01
1.520788744091987610e-01
1.474678721278905869e-01
1.486435309052467346e-01
1.483259648084640503e-01
1.562698706984519958e-01
1.426948271691799164e-01
1.532127670943737030e-01
1.547766104340553284e-01
1.353042908012866974e-01
1.551938578486442566e-01
1.429812759160995483e-01
1.540703624486923218e-01
1.419133916497230530e-01
1.483799219131469727e-01
1.343384757637977600e-01
1.582151129841804504e-01
1.537835188210010529e-01
1.424534209072589874e-01
1.482982262969017029e-01
1.396084781736135483e-01
1.562768146395683289e-01
1.459796428680419922e-01
1.607440337538719177e-01
1.452079713344573975e-01
1.533267162740230560e-01
1.450971253216266632e-01
1.578877158463001251e-01
1.434275358915328979e-01
1.282718423753976822e-01
1.394490227103233337e-01
1.373588871210813522e-01
1.423122733831405640e-01
1.336554754525423050e-01
1.449319869279861450e-01
1.530815213918685913e-01
1.493257582187652588e-01
1.489378809928894043e-01
1.511596180498600006e-01
1.496772915124893188e-01
1.481290161609649658e-01
1.449833177030086517e-01
1.444118507206439972e-01
1.456399895250797272e-01
1.519179642200469971e-01
1.488926038146018982e-01
1.476440541446208954e-01
1.457143835723400116e-01
1.507160775363445282e-01
1.548944562673568726e-01
1.456034220755100250e-01
1.472772546112537384e-01
1.517366319894790649e-01
1.512004435062408447e-01
1.489376649260520935e-01
1.392006110399961472e-01
1.521063186228275299e-01
1.508170142769813538e-01
1.470674127340316772e-01
1.435576826333999634e-01
1.490929722785949707e-01
1.500388309359550476e-01
1.349095646291971207e-01
1.443019285798072815e-01
1.554266326129436493e-01
1.382616870105266571e-01
1.420042924582958221e-01
1.448355466127395630e-01
1.365225668996572495e-01
1.464693956077098846e-01
1.449376083910465240e-01
1.449622027575969696e-01
1.459770500659942627e-01
1.357467323541641235e-01
1.396119333803653717e-01
1.350808180868625641e-01
1.433991640806198120e-01
1.517787314951419830e-01
1.500902622938156128e-01
1.378323473036289215e-01
1.370870582759380341e-01
1.475412324070930481e-01
1.442621424794197083e-01
1.424662098288536072e-01
1.448280625045299530e-01
1.472375839948654175e-01
1.514098681509494781e-01
1.416325122117996216e-01
1.465976648032665253e-01
1.502378992736339569e-01
1.514942348003387451e-01
1.495658718049526215e-01
1.510172151029109955e-01
1.529296562075614929e-01
1.345022544264793396e-01
1.329865735024213791e-01
1.499791704118251801e-01
1.542593352496623993e-01
1.478911526501178741e-01
1.465199738740921021e-01
1.485258527100086212e-01
1.477998644113540649e-01
1.367802023887634277e-01
1.389013603329658508e-01
1.516974642872810364e-01
1.566388867795467377e-01
1.543028056621551514e-01
1.402685567736625671e-01
1.473575048148632050e-01
1.368161439895629883e-01
1.299095489084720612e-01
1.385716423392295837e-01
1.402241792529821396e-01
1.435195393860340118e-01
1.332567073404788971e-01
1.529021635651588440e-01
1.435346454381942749e-01
1.496408022940158844e-01
1.503750905394554138e-01
1.557744108140468597e-01
1.480290442705154419e-01
1.460676416754722595e-01
1.459797322750091553e-01
1.508313715457916260e-01
1.408332362771034241e-01
1.491532884538173676e-01
1.521928124129772186e-01
1.439941003918647766e-01
1.442379727959632874e-01
1.334909237921237946e-01
1.530784070491790771e-01
1.388796642422676086e-01
1.464782245457172394e-01
1.446475088596343994e-01
1.418781653046607971e-01
1.506676785647869110e-01
1.421786844730377197e-01
1.550646051764488220e-01
1.388123780488967896e-01
1.347349844872951508e-01
1.447832807898521423e-01
1.420634128153324127e-01
1.380177158862352371e-01
1.390326060354709625e-01
1.468710787594318390e-01
1.368963830173015594e-01
1.480389684438705444e-01
1.379356160759925842e-01
1.396975964307785034e-01
1.307066902518272400e-01
1.447507105767726898e-01
1.465954668819904327e-01
1.436294205486774445e-01
1.458961814641952515e-01
1.492713727056980133e-01
1.367889028042554855e-01
1.458572372794151306e-01
1.443675197660923004e-01
1.469829380512237549e-01
1.363020315766334534e-01
1.418891809880733490e-01
1.501322500407695770e-01
1.485947966575622559e-01
1.467508897185325623e-01
1.379256434738636017e-01
1.375823542475700378e-01
1.369543075561523438e-01
1.360359154641628265e-01
1.390789635479450226e-01
1.471258625388145447e-01
1.447361744940280914e-01
1.400070562958717346e-01
1.491148881614208221e-01
1.443535685539245605e-01
1.428650282323360443e-01
1.283168904483318329e-01
1.353955678641796112e-01
1.353876106441020966e-01
1.440134830772876740e-01
1.415206342935562134e-01
1.428513973951339722e-01
1.431245021522045135e-01
1.531250290572643280e-01
1.454818397760391235e-01
1.413577608764171600e-01
1.455349829047918320e-01
1.418442297726869583e-01
1.350517198443412781e-01
1.440711170434951782e-01
1.488708741962909698e-01
1.416094861924648285e-01
1.575181894004344940e-01
1.486991308629512787e-01
1.494702920317649841e-01
1.470096968114376068e-01
1.486737690865993500e-01
1.490703597664833069e-01
1.379099469631910324e-01
1.376045607030391693e-01
1.486007086932659149e-01
1.489517390727996826e-01
1.470963358879089355e-01
1.432658899575471878e-01
1.328456029295921326e-01
1.292203441262245178e-01
1.386130824685096741e-01
1.478642970323562622e-01
1.518715396523475647e-01
1.476383693516254425e-01
1.362070366740226746e-01
1.474357917904853821e-01
1.264168396592140198e-01
1.413540020585060120e-01
1.507373340427875519e-01
1.434306986629962921e-01
1.471130363643169403e-01
1.533557027578353882e-01
1.455949544906616211e-01
1.395479328930377960e-01
1.339014675468206406e-01
1.368160769343376160e-01
1.267729774117469788e-01
1.479404866695404053e-01
1.475448459386825562e-01
1.359177716076374054e-01
1.393381729722023010e-01
1.435778252780437469e-01
1.427322328090667725e-01
1.406055986881256104e-01
1.336825564503669739e-01
1.342627704143524170e-01
1.355764567852020264e-01
1.464452780783176422e-01
1.473467871546745300e-01
1.440254338085651398e-01
1.373463682830333710e-01
1.360009983181953430e-01
1.419243887066841125e-01
1.493541523814201355e-01
1.418170928955078125e-01
1.353060007095336914e-01
1.517292298376560211e-01
1.272815540432929993e-01
1.432677209377288818e-01
1.358629539608955383e-01
1.452964581549167633e-01
1.511196866631507874e-01
1.465215720236301422e-01
1.493339687585830688e-01
1.478579528629779816e-01
1.386981233954429626e-01
1.447143554687500000e-01
1.497915983200073242e-01
1.453070491552352905e-01
1.497390903532505035e-01
1.452475935220718384e-01
1.390702668577432632e-01
1.388787478208541870e-01
1.470903120934963226e-01
1.520913280546665192e-01
1.450914144515991211e-01
1.422935575246810913e-01
1.376864500343799591e-01
1.501747965812683105e-01
1.493470892310142517e-01
1.339370626956224442e-01
1.412678137421607971e-01
1.528105512261390686e-01
1.411910299211740494e-01
1.323044113814830780e-01
1.436174586415290833e-01
1.288459282368421555e-01
1.334201656281948090e-01
1.358430404216051102e-01
1.409239396452903748e-01
1.392692215740680695e-01
1.485747992992401123e-01
1.378588192164897919e-01
1.454057693481445312e-01
1.396783664822578430e-01
1.492412313818931580e-01
1.405570991337299347e-01
1.438664197921752930e-01
1.299294121563434601e-01
1.417661570012569427e-01
1.363078914582729340e-01
1.487723253667354584e-01
1.439209654927253723e-01
1.423920542001724243e-01
1.394229680299758911e-01
1.343441270291805267e-01
1.316224224865436554e-01
1.332775801420211792e-01
1.412655748426914215e-01
1.477443762123584747e-01
1.417123228311538696e-01
1.504760049283504486e-01
1.499976664781570435e-01
1.396263651549816132e-01
1.329445764422416687e-01
1.356901638209819794e-01
1.404754649847745895e-01
1.284462139010429382e-01
1.457754708826541901e-01
1.384465843439102173e-01
1.416996866464614868e-01
1.383541170507669449e-01
1.452416256070137024e-01
1.377434954047203064e-01
1.440774090588092804e-01
1.388659961521625519e-01
1.305467672646045685e-01
1.377227269113063812e-01
1.412742026150226593e-01
1.557808481156826019e-01
1.330878101289272308e-01
1.402796618640422821e-01
1.395316869020462036e-01
1.324784904718399048e-01
1.471584625542163849e-01
1.407794356346130371e-01
1.416322402656078339e-01
1.391178630292415619e-01
1.327284406870603561e-01
1.375552415847778320e-01
1.386417336761951447e-01
1.349169611930847168e-01
1.424995139241218567e-01
1.467059291899204254e-01
1.404476892203092575e-01
1.323435381054878235e-01
1.414606906473636627e-01
1.445880904793739319e-01
1.459193192422389984e-01
1.436502672731876373e-01
1.328529007732868195e-01
1.452827118337154388e-01
1.390151679515838623e-01
1.425669267773628235e-01
1.368894316256046295e-01
1.269872747361660004e-01
1.453836001455783844e-01
1.508053131401538849e-01
1.374683491885662079e-01
1.373271271586418152e-01
1.465721428394317627e-01
1.383233591914176941e-01
1.471082232892513275e-01
1.398751251399517059e-01
1.332751363515853882e-01
1.433345228433609009e-01
1.419073827564716339e-01
1.413078159093856812e-01
1.335135996341705322e-01
1.350131146609783173e-01
1.346026696264743805e-01
1.387729197740554810e-01
1.369787417352199554e-01
1.408562175929546356e-01
1.426626965403556824e-01
1.364822164177894592e-01
1.416627466678619385e-01
1.434049420058727264e-01
1.514560692012310028e-01
1.396017931401729584e-01
1.478489637374877930e-01
1.322810500860214233e-01
1.478870250284671783e-01
1.408053450286388397e-01
1.454222761094570160e-01
1.375128366053104401e-01
1.443909592926502228e-01
1.389713585376739502e-01
1.382931321859359741e-01
1.390701681375503540e-01
1.345261223614215851e-01
1.357467696070671082e-01
1.374113578349351883e-01
1.453828997910022736e-01
1.256517767906188965e-01
1.284732483327388763e-01
1.351887844502925873e-01
1.474694572389125824e-01
1.397868767380714417e-01
1.384126842021942139e-01
1.310885231941938400e-01
1.395419128239154816e-01
1.350695081055164337e-01
1.372319050133228302e-01
1.405959576368331909e-01
1.397712007164955139e-01
1.302129924297332764e-01
1.433120854198932648e-01
1.301979199051856995e-01
1.334953084588050842e-01
1.443416215479373932e-01
1.471894495189189911e-01
1.357397660613059998e-01
1.320031527429819107e-01
1.357349716126918793e-01
1.308759711682796478e-01
1.469817273318767548e-01
1.401799619197845459e-01
1.481434926390647888e-01
1.377848275005817413e-01
1.315805837512016296e-01
1.337612662464380264e-01
1.444717552512884140e-01
1.379661187529563904e-01
1.371306367218494415e-01
1.416790783405303955e-01
1.457198560237884521e-01
1.356183700263500214e-01
1.442986093461513519e-01
1.364899761974811554e-01
1.352386325597763062e-01
1.409169137477874756e-01
1.464757062494754791e-01
1.444351710379123688e-01
1.455015614628791809e-01
1.434986330568790436e-01
1.362504065036773682e-01
1.363666784018278122e-01
1.383836865425109863e-01
1.415075138211250305e-01
1.409250125288963318e-01
1.390327475965023041e-01
1.365194972604513168e-01
1.360369808971881866e-01
1.384321041405200958e-01
1.458033937960863113e-01
1.466325484216213226e-01
1.474491320550441742e-01
1.361120454967021942e-01
1.328625585883855820e-01
1.326420474797487259e-01
1.233316585421562195e-01
1.358426287770271301e-01
1.387662179768085480e-01
1.386024244129657745e-01
1.334642544388771057e-01
1.396096237003803253e-01
1.356302648782730103e-01
1.410241760313510895e-01
1.391615346074104309e-01
1.437126472592353821e-01
1.382862888276576996e-01
1.418862156569957733e-01
1.359480135142803192e-01
1.396060623228549957e-01
1.423982083797454834e-01
1.328077800571918488e-01
1.355049815028905869e-01
1.390390507876873016e-01
1.398154925554990768e-01
1.428207196295261383e-01
1.359074246138334274e-01
1.364705488085746765e-01
1.334520038217306137e-01
1.366247516125440598e-01
1.423714272677898407e-01
1.355076283216476440e-01
1.398024335503578186e-01
1.432319059967994690e-01
1.378948315978050232e-01
1.295646671205759048e-01
1.337593048810958862e-01
1.347172874957323074e-01
1.473100334405899048e-01
1.412078440189361572e-01
1.355935893952846527e-01
1.386958416551351547e-01
1.363613680005073547e-01
1.369091980159282684e-01
1.365743651986122131e-01
1.253506466746330261e-01
1.469819433987140656e-01
1.339393220841884613e-01
1.281209569424390793e-01
1.352692097425460815e-01
1.403006799519062042e-01
1.373330540955066681e-01
1.482516489923000336e-01
1.398570239543914795e-01
1.414414979517459869e-01
1.381320580840110779e-01
1.384741589426994324e-01
1.303370073437690735e-01
1.432120688259601593e-01
1.400859430432319641e-01
1.401909962296485901e-01
1.379735507071018219e-01
1.412655822932720184e-01
1.467939168214797974e-01
1.446829140186309814e-01
1.393175832927227020e-01
1.286670546978712082e-01
1.389363855123519897e-01
1.386027336120605469e-01
1.363584212958812714e-01
1.327151283621788025e-01
1.431295387446880341e-01
1.451474875211715698e-01
1.456156894564628601e-01
1.359624490141868591e-01
1.398149244487285614e-01
1.378076784312725067e-01
1.440556459128856659e-01
1.351975277066230774e-01
1.409119926393032074e-01
1.353011112660169601e-01
1.373832859098911285e-01
1.403755769133567810e-01
1.362084113061428070e-01
1.385715343058109283e-01
1.299568433314561844e-01
1.401640586555004120e-01
1.465775519609451294e-01
1.425899937748908997e-01
1.287042181938886642e-01
1.415677815675735474e-01
1.333434712141752243e-01
1.320730317384004593e-01
1.454552002251148224e-01
1.299835443496704102e-01
1.351648736745119095e-01
1.395666226744651794e-01
1.379932407289743423e-01
1.427737586200237274e-01
1.241369601339101791e-01
1.341439522802829742e-01
1.306896544992923737e-01
1.439239941537380219e-01
1.454675793647766113e-01
1.370000783354043961e-01
1.367942467331886292e-01
1.294213552027940750e-01
1.429622843861579895e-01
1.326817199587821960e-01
1.418653056025505066e-01
1.456329971551895142e-01
1.351584494113922119e-01
1.472611092031002045e-01
1.400535367429256439e-01
1.421084217727184296e-01
1.325021423399448395e-01
1.291053891181945801e-01
1.407050378620624542e-01
1.344689801335334778e-01
1.339067630469799042e-01
1.313045490533113480e-01
1.298455409705638885e-01
1.312864609062671661e-01
1.384520046412944794e-01
1.337794102728366852e-01
1.350913625210523605e-01
1.328871436417102814e-01
1.430517323315143585e-01
1.441794745624065399e-01
1.324198581278324127e-01
1.400559544563293457e-01
1.437680497765541077e-01
1.406262628734111786e-01
1.321132835000753403e-01
1.238907668739557266e-01
1.411104649305343628e-01
1.283157989382743835e-01
1.398645061999559402e-01
1.369633562862873077e-01
1.415820941329002380e-01
1.308046877384185791e-01
1.330891828984022141e-01
1.343630813062191010e-01
1.413481757044792175e-01
1.400858312845230103e-01
1.409326754510402679e-01
1.392797119915485382e-01
1.416407786309719086e-01
1.365061160176992416e-01
1.336141563951969147e-01
1.367723625153303146e-01
1.411020010709762573e-01
1.347258090972900391e-01
1.338238380849361420e-01
1.421035788953304291e-01
1.314365044236183167e-01
1.408953405916690826e-01
1.284967418760061264e-01
1.324251219630241394e-01
1.423007883131504059e-01
1.391941942274570465e-01
1.342949420213699341e-01
1.489869914948940277e-01
1.315590888261795044e-01
1.514818705618381500e-01
1.369124203920364380e-01
1.387818716466426849e-01
1.332407426089048386e-01
1.393598206341266632e-01
1.395580507814884186e-01
1.396827511489391327e-01
1.430841162800788879e-01
1.341108456254005432e-01
1.365360841155052185e-01
1.314434036612510681e-01
1.353873498737812042e-01
1.409045681357383728e-01
1.357128601521253586e-01
1.319160088896751404e-01
1.387574076652526855e-01
1.365528665482997894e-01
1.429276801645755768e-01
1.367383226752281189e-01
1.377706602215766907e-01
1.349364444613456726e-01
1.384585127234458923e-01
1.293254084885120392e-01
1.348824575543403625e-01
1.380183640867471695e-01
1.299827657639980316e-01
1.384258270263671875e-01
1.411133892834186554e-01
1.415450386703014374e-01
1.342726685106754303e-01
1.363132297992706299e-01
1.375707946717739105e-01
1.361641343683004379e-01
1.353376060724258423e-01
1.519674658775329590e-01
1.417455002665519714e-01
1.439608260989189148e-01
1.434626094996929169e-01
1.306160446256399155e-01
1.392159163951873779e-01
1.455733664333820343e-01
1.380062550306320190e-01
1.404262334108352661e-01
1.373011767864227295e-01
1.434238255023956299e-01
1.394641138613224030e-01
1.323549635708332062e-01
1.361672170460224152e-01
1.356591656804084778e-01
1.383085940033197403e-01
1.368000637739896774e-01
1.357508003711700439e-01
1.336945928633213043e-01
1.387202963232994080e-01
1.373763568699359894e-01
1.388484500348567963e-01
1.412867419421672821e-01
1.349646858870983124e-01
1.316014863550662994e-01
1.292316336184740067e-01
1.224265322089195251e-01
1.327999420464038849e-01
1.402728743851184845e-01
1.277453079819679260e-01
1.370385810732841492e-01
1.330744512379169464e-01
1.373786628246307373e-01
1.266128029674291611e-01
1.402258537709712982e-01
1.327110175043344498e-01
1.329542286694049835e-01
1.325708180665969849e-01
1.246051955968141556e-01
1.364814527332782745e-01
1.210241522639989853e-01
1.313212998211383820e-01
1.322625167667865753e-01
1.412621121853590012e-01
1.337335128337144852e-01
1.359647586941719055e-01
1.449511311948299408e-01
1.438637971878051758e-01
1.377010717988014221e-01
1.325899064540863037e-01
1.355885900557041168e-01
1.351048648357391357e-01
1.364506334066390991e-01
1.372135505080223083e-01
1.372120920568704605e-01
1.400024294853210449e-01
1.380887664854526520e-01
1.288402508944272995e-01
1.291982010006904602e-01
1.386771202087402344e-01
1.330701857805252075e-01
1.392902992665767670e-01
1.368677392601966858e-01
1.424190625548362732e-01
1.369882933795452118e-01
1.379168834537267685e-01
1.288962848484516144e-01
1.436407156288623810e-01
1.310524344444274902e-01
1.423795558512210846e-01
1.360275000333786011e-01
1.393492072820663452e-01
1.423126794397830963e-01
1.410300061106681824e-01
1.333310827612876892e-01
1.268362589180469513e-01
1.361896879971027374e-01
1.328610666096210480e-01
1.378569081425666809e-01
1.246338263154029846e-01
1.295950505882501602e-01
1.342639550566673279e-01
1.346645951271057129e-01
1.403187550604343414e-01
1.365814618766307831e-01
1.375818476080894470e-01
1.390357613563537598e-01
1.347430385649204254e-01
1.402235757559537888e-01
1.378216445446014404e-01
1.305401436984539032e-01
1.308942660689353943e-01
1.388675086200237274e-01
1.376577652990818024e-01
1.400981843471527100e-01
1.381981112062931061e-01
1.429540030658245087e-01
1.362034790217876434e-01
1.408931910991668701e-01
1.462932527065277100e-01
1.413147225975990295e-01
1.366436704993247986e-01
1.414935626089572906e-01
1.321554426103830338e-01
1.270279660820960999e-01
1.465003564953804016e-01
1.333109047263860703e-01
1.369639374315738678e-01
1.353718079626560211e-01
1.453798115253448486e-01
1.283511612564325333e-01
1.358623132109642029e-01
1.294293496757745743e-01
1.382315531373023987e-01
1.335755810141563416e-01
1.394305936992168427e-01
1.360876169055700302e-01
1.396700702607631683e-01
1.438034027814865112e-01
1.370864920318126678e-01
1.329158376902341843e-01
1.375047042965888977e-01
1.418479643762111664e-01
1.312885470688343048e-01
1.289327424019575119e-01
1.258796025067567825e-01
1.415259204804897308e-01
1.299431361258029938e-01
1.418599821627140045e-01
1.311012841761112213e-01
1.378010213375091553e-01
1.394403427839279175e-01
1.283589005470275879e-01
1.368810124695301056e-01
1.362778395414352417e-01
1.404498517513275146e-01
1.352098062634468079e-01
1.424894407391548157e-01
1.270335987210273743e-01
1.321432590484619141e-01
1.386898681521415710e-01
1.398920454084873199e-01
1.416155099868774414e-01
1.350740492343902588e-01
1.395132504403591156e-01
1.351789459586143494e-01
1.378873437643051147e-01
1.319086104631423950e-01
1.244677212089300156e-01
1.320262178778648376e-01
1.262737456709146500e-01
1.354727111756801605e-01
1.437064968049526215e-01
1.278390102088451385e-01
1.308843474835157394e-01
1.377660818397998810e-01
1.376068405807018280e-01
1.306455545127391815e-01
1.345939300954341888e-01
1.291771512478590012e-01
1.437205225229263306e-01
1.431842744350433350e-01
1.367163229733705521e-01
1.315960288047790527e-01
1.296457517892122269e-01
1.343034617602825165e-01
1.301144585013389587e-01
1.372459176927804947e-01
1.331494860351085663e-01
1.365868449211120605e-01
1.362056545913219452e-01
1.353081781417131424e-01
1.367850787937641144e-01
1.384922824800014496e-01
1.376289948821067810e-01
1.407474949955940247e-01
1.456061359494924545e-01
1.347139999270439148e-01
1.332298535853624344e-01
1.267351917922496796e-01
1.321323290467262268e-01
1.264462620019912720e-01
1.295924466103315353e-01
1.322198305279016495e-01
1.389617882668972015e-01
1.318750865757465363e-01
1.368901450186967850e-01
1.366760991513729095e-01
1.301342248916625977e-01
1.288337036967277527e-01
1.353456340730190277e-01
1.301537230610847473e-01
1.425390280783176422e-01
1.292436644434928894e-01
1.388096846640110016e-01
1.405039206147193909e-01
1.303784772753715515e-01
1.372386217117309570e-01
1.387345828115940094e-01
1.371763311326503754e-01
1.383457556366920471e-01
1.311394311487674713e-01
1.295724436640739441e-01
1.451981104910373688e-01
1.324716769158840179e-01
1.382640227675437927e-01
1.374474689364433289e-01
1.386688053607940674e-01
1.386554315686225891e-01
1.319948285818099976e-01
1.433794908225536346e-01
1.328802555799484253e-01
1.434183083474636078e-01
1.403510570526123047e-01
1.447210423648357391e-01
1.353500913828611374e-01
1.422239504754543304e-01
1.296668201684951782e-01
1.400871202349662781e-01
1.386336609721183777e-01
1.341452449560165405e-01
1.341122016310691833e-01
1.360164657235145569e-01
1.340576149523258209e-01
1.333120968192815781e-01
1.379346437752246857e-01
1.371727660298347473e-01
1.353247649967670441e-01
1.348987556993961334e-01
1.272224355489015579e-01
1.297126058489084244e-01
1.341771818697452545e-01
1.397956758737564087e-01
1.288124211132526398e-01
1.392222121357917786e-01
1.353053078055381775e-01
1.446543335914611816e-01
1.405166648328304291e-01
1.391215175390243530e-01
1.303098741918802261e-01
1.275991145521402359e-01
1.366439498960971832e-01
1.268986389040946960e-01
1.402221880853176117e-01
1.389560885727405548e-01
1.466259621083736420e-01
1.362868398427963257e-01
1.294241808354854584e-01
1.359835527837276459e-01
1.312033012509346008e-01
1.376640386879444122e-01
1.327827647328376770e-01
1.468252874910831451e-01
1.376489363610744476e-01
1.383345425128936768e-01
1.209297105669975281e-01
1.312110424041748047e-01
1.335917152464389801e-01
1.389917805790901184e-01
1.366581618785858154e-01
1.403049118816852570e-01
1.422327049076557159e-01
1.409957073628902435e-01
1.415746584534645081e-01
1.262467466294765472e-01
1.421597860753536224e-01
1.327409222722053528e-01
1.330296434462070465e-01
1.346091665327548981e-01
1.317551769316196442e-01
