3.452578951418399655e-01
2.610680285468697792e-01
2.373434701561927818e-01
2.240438293665647507e-01
2.143012324720621198e-01
2.070301874727010771e-01
2.023297628760337696e-01
1.978286014124751024e-01
1.946489694714546304e-01
1.907443536445498355e-01
1.883615917712450072e-01
1.849612527340650514e-01
1.829014421626925513e-01
1.807678901404142502e-01
1.795656702294945728e-01
1.777623113989829917e-01
1.757068162411451473e-01
1.739975304529070843e-01
1.737511816248297758e-01
1.717230075597763195e-01
1.704119846597313970e-01
1.694587855413555999e-01
1.682001867517828875e-01
1.679811724647879700e-01
1.666949319094419568e-01
1.654586723446845875e-01
1.650284993275999978e-01
1.634758503735065371e-01
1.632043802365660545e-01
1.622303092107176825e-01
1.611169107630848751e-01
1.611658659577369646e-01
1.600335106626152859e-01
1.596439927816390991e-01
1.593186792358756154e-01
1.585385975614189979e-01
1.576504674926400285e-01
1.576164719089865607e-01
1.570575141161680288e-01
1.560395074635744228e-01
1.559736645966768309e-01
1.551828644424676773e-01
1.544846902415156487e-01
1.537702200561761878e-01
1.534609847888350476e-01
1.532325504720211118e-01
1.532092905044555586e-01
1.522332863137126069e-01
1.521489561349153585e-01
1.518226985260844319e-01
1.509028767049312714e-01
1.508322337269782931e-01
1.504155284538865045e-01
1.500124242901802185e-01
1.494958822801709108e-01
1.493090247362852119e-01
1.487070268392562955e-01
1.483228672295808792e-01
1.479301615431904693e-01
1.484412029013037759e-01
1.477480787411332153e-01
1.471917970478534565e-01
1.470116227865219116e-01
1.472363480925560075e-01
1.464931665360927615e-01
1.464013376459479265e-01
1.460554256290197417e-01
1.457376358844339748e-01
1.456083310395479280e-01
1.450168373435735680e-01
1.450040463358163723e-01
1.448056824505329077e-01
1.443749346584081716e-01
1.445371646247804176e-01
1.436083383299410210e-01
1.435923043265938670e-01
1.435735999606549684e-01
1.432974347658455272e-01
1.430660172551870279e-01
1.430950934253633067e-01
1.425662957318127033e-01
1.424967516213655472e-01
1.426493534259498097e-01
1.420394991897046544e-01
1.418786543607711836e-01
1.413917372748255685e-01
1.414331779442727643e-01
1.408981576375663292e-01
1.410655795410275526e-01
1.409864054620265927e-01
1.410338412038981970e-01
1.406831468082964387e-01
1.401772104203700964e-01
1.398044228367507358e-01
1.395111500844359309e-01
1.391365964338183436e-01
1.392813491821288940e-01
1.391443607769906610e-01
1.391334227658808098e-01
1.388769566453993409e-01
1.390492150560021511e-01
1.388559776544570912e-01
1.384510985761880919e-01
1.383951879478990954e-01
1.380664950236678012e-01
1.383122043497860554e-01
1.376446317695081134e-01
1.377968487888574511e-01
1.372163074649870307e-01
1.377518717758357547e-01
1.373930878937244526e-01
1.372007870674133434e-01
1.367796953581273678e-01
1.370193650014698561e-01
1.368038589693605922e-01
1.366965096630156085e-01
1.365220720320939884e-01
1.369282707385718889e-01
1.360619653575122490e-01
1.359808384440839291e-01
1.359467872045934111e-01
1.362877814844250801e-01
1.359014564566314309e-01
1.356262088008224898e-01
1.358018506877124443e-01
1.353615254163741954e-01
1.354015390574932198e-01
1.355931901745498214e-01
1.346829473972320501e-01
1.346936808712780598e-01
1.348655926249921200e-01
1.343599942699074679e-01
1.346899498067796186e-01
1.344552571140229802e-01
1.342719412781298027e-01
1.337562230415642317e-01
1.341364905610680502e-01
1.338631595112383388e-01
1.336096633598208294e-01
1.338296103477477905e-01
1.338782282546162605e-01
1.339116560108959686e-01
1.332079237885773204e-01
1.335534390434622853e-01
1.334188448451459341e-01
1.334038773365318897e-01
1.328549299016594798e-01
1.326075216755270847e-01
1.326954948157071934e-01
1.326092082262039229e-01
1.328381080552935578e-01
1.321531402133405142e-01
1.323330110684037275e-01
1.319162068702280644e-01
1.320141777023673135e-01
1.316857786290347443e-01
1.319194484502076992e-01
1.317386625520884924e-01
1.316833768784999859e-01
1.317379949241876680e-01
1.320859101228415988e-01
1.316412329487502697e-01
1.315091191232204415e-01
1.312418811395764384e-01
1.309551953524351053e-01
1.314493896439671572e-01
1.312568819336593084e-01
1.311620197445154123e-01
1.310996316187083843e-01
1.313199409097433046e-01
1.306601727381348499e-01
1.305493479594588280e-01
1.308826768957078446e-01
1.305296142399311188e-01
1.303846936114132493e-01
1.306069730408489782e-01
1.305592403002083235e-01
1.303468236699700245e-01
1.301889845356345166e-01
1.299513265676796314e-01
1.297990434803068527e-01
1.296229896880686239e-01
1.299426549300551348e-01
1.304007667861878939e-01
1.296157405711710342e-01
1.295635188557207607e-01
1.295211719721555688e-01
1.294835850410163414e-01
1.297256178595125597e-01
1.296947988681495245e-01
1.295953267812728904e-01
1.289647183194756463e-01
1.293673231266438961e-01
1.288767392374575160e-01
1.293074725568294503e-01
1.288237199187278748e-01
1.287150323763489590e-01
1.286578472331166290e-01
1.288440228439867441e-01
1.287115261517465248e-01
1.285261316597461623e-01
1.286067096889018935e-01
1.283949420414864928e-01
1.281201265566050962e-01
1.282555245421826973e-01
1.278300272300839369e-01
1.281505941599607457e-01
1.279773370735347304e-01
1.284454952552914753e-01
1.278803611360490311e-01
1.276602332666516293e-01
1.279696641117334388e-01
1.279276347346604004e-01
1.274020209908485468e-01
1.277056303620338340e-01
1.276534684747457626e-01
1.273137360252439843e-01
1.272183812409639347e-01
1.272366931103169896e-01
1.275731831975281116e-01
1.272904560714959998e-01
1.275300131551921345e-01
1.270517781749367636e-01
1.271118189767003193e-01
1.269618942216038660e-01
1.269709328003227611e-01
1.270451641641557328e-01
1.272294477187096984e-01
1.268420802988111940e-01
1.269269035570323445e-01
1.267721607536077544e-01
1.267639324814081314e-01
1.266515797376632779e-01
1.266287966817617461e-01
1.266462309472262959e-01
1.267300707474350863e-01
1.265320625901222296e-01
1.263110102899372700e-01
1.264396111480891594e-01
1.260709126107394662e-01
1.262768690101802316e-01
1.260910657607018925e-01
1.260157330706715706e-01
1.260638599097728685e-01
1.261317847110331181e-01
1.264290420711040586e-01
1.261857595667242871e-01
1.262070736847817898e-01
1.260047498159110602e-01
1.259959423914551735e-01
1.258752799034118519e-01
1.260490546748042062e-01
1.255022210255265225e-01
