2.663312321156263152e-01
2.317468637973070233e-01
2.140496448054909628e-01
2.048867141455411878e-01
1.962321964278817277e-01
1.898728718608617694e-01
1.860597131028771389e-01
1.815231722593307617e-01
1.780851514264941149e-01
1.760556931793689772e-01
1.723810398578643766e-01
1.702954530343413486e-01
1.687492648139596041e-01
1.665291515737772066e-01
1.654637713730335302e-01
1.635547665506601467e-01
1.618271805346012115e-01
1.608678258582949550e-01
1.593043529614806275e-01
1.584522905573248763e-01
1.573512001894414314e-01
1.557848042249679599e-01
1.550739969313144617e-01
1.538513274863362312e-01
1.536142019182443752e-01
1.526427740231156294e-01
1.513411409594118684e-01
1.510155700519680844e-01
1.501711781881749641e-01
1.500037728808820137e-01
1.485603983327746513e-01
1.484693713858723507e-01
1.478075937740504775e-01
1.474208695255219970e-01
1.464050802215933755e-01
1.460029646754264776e-01
1.448459015972912434e-01
1.450124822929501622e-01
1.440020748227834602e-01
1.440899413637816984e-01
1.427434080280363671e-01
1.421226442418992431e-01
1.421197869442403228e-01
1.422991474531590805e-01
1.410422212630510208e-01
1.407264946773648384e-01
1.406244304217398045e-01
1.402473666332662017e-01
1.397714992240071397e-01
1.391018136218190315e-01
1.382790529541671198e-01
1.379475326649844680e-01
1.374952532351016998e-01
1.379811830818652996e-01
1.374580568447709150e-01
1.378803846612572659e-01
1.364710348471999124e-01
1.365363048575818639e-01
1.364215253293514230e-01
1.363062229007482584e-01
1.353620773553848300e-01
1.357900751382112581e-01
1.350510345771908649e-01
1.348461416549980585e-01
1.344026963785290851e-01
1.340141859650611778e-01
1.346093688905239116e-01
1.334599568136036474e-01
1.334240598045289550e-01
1.336000364460050993e-01
1.331619909778237465e-01
1.323812199756503050e-01
1.324262132309377282e-01
1.324020613357424769e-01
1.317528653703629871e-01
1.313682789169251797e-01
1.318205906078219469e-01
1.316445470973849341e-01
1.314541988074779399e-01
1.310844057425856468e-01
1.311485551483929091e-01
1.307991052605211868e-01
1.302930085361003743e-01
1.304852438345551480e-01
1.298851732723415031e-01
1.300289333052933316e-01
1.302856690250337179e-01
1.294535240344703297e-01
1.297435365244746230e-01
1.289369812980294128e-01
1.283998842351138647e-01
1.286995611526071948e-01
1.288264023512601941e-01
1.284206423722207557e-01
1.285039519704878341e-01
1.281735184788704018e-01
1.276739973574876896e-01
1.280023198947310425e-01
1.280039379373192898e-01
1.276855505630374032e-01
1.272847239673137731e-01
1.275761413574218739e-01
1.272897337563335951e-01
1.273650292493402891e-01
1.266696354374289568e-01
1.259313417039811533e-01
1.265598320960998613e-01
1.267054860852658837e-01
1.258894755318760994e-01
1.260022324137389793e-01
1.260124454833567165e-01
1.256558606214821239e-01
1.265664302743971237e-01
1.255582397058606081e-01
1.256259757280349665e-01
1.252527583390474208e-01
1.248983674868941324e-01
1.254051563516259127e-01
1.250840143859386355e-01
1.243456537462770961e-01
1.249863029457628782e-01
1.240729663707315911e-01
1.245611266419291430e-01
1.241836328618228374e-01
1.246760829910635998e-01
1.242807381227612473e-01
1.242520916089415589e-01
1.242092122137546523e-01
1.232907709479331981e-01
1.241882943734526623e-01
1.238929069228470320e-01
1.231787707656621933e-01
1.230759790353476990e-01
1.227003859728574703e-01
1.227764299884438470e-01
1.229934669658541702e-01
1.228249434940516943e-01
1.227545531839132342e-01
1.229544420167803798e-01
1.229420184716582265e-01
1.224303562939167006e-01
1.228373126685619321e-01
1.226615294814109858e-01
1.219939869269728722e-01
1.221022115275263720e-01
1.217409651540219823e-01
1.222781367041170658e-01
1.221688400022685472e-01
1.216523886099457746e-01
1.220500278659164967e-01
1.218055896274745503e-01
1.207998629659414319e-01
1.213507780991494589e-01
1.210688253119587832e-01
1.214329932443797555e-01
1.208581824786961051e-01
1.212090007215738258e-01
1.212789928354322949e-01
1.204486188851296852e-01
1.211156576126813933e-01
1.206061670184135487e-01
1.211577639542519985e-01
1.206914449483156154e-01
1.202171987667679798e-01
1.202158943749964265e-01
1.204910484887659616e-01
1.205249224975705191e-01
1.202630482427775871e-01
1.202534528449177714e-01
1.200175987929105736e-01
1.202328043058514540e-01
1.198029700294137023e-01
1.190770641155540904e-01
1.193119727820158016e-01
1.196492721885442784e-01
1.194718766957521411e-01
1.196838633529841850e-01
1.194894185476005066e-01
1.192839079722762125e-01
1.191061635687947207e-01
1.188539344072341852e-01
1.190887566842138701e-01
1.191127513162791723e-01
1.191039812378585361e-01
1.187937450781464538e-01
1.193288175016641584e-01
1.185756583139300352e-01
1.188737798295915193e-01
1.186420951597392526e-01
1.184497582726180553e-01
1.187646822072565556e-01
1.187603292427957119e-01
1.185147217102348743e-01
1.182580883242189823e-01
1.185619720444083258e-01
1.184877507947385278e-01
1.182320346869528277e-01
1.180964286997914364e-01
1.179769024997949639e-01
1.178167236782610428e-01
1.177754148840904208e-01
1.175737963989376966e-01
1.178026914410293113e-01
1.177162834629416482e-01
1.181007451936602615e-01
1.175933668948710015e-01
1.176260002516210101e-01
1.172238017246127195e-01
1.174072277545928911e-01
1.174982345849275578e-01
1.175291762687265817e-01
1.172890698164701512e-01
1.169577873498201387e-01
1.170787716843187803e-01
1.176643214747309651e-01
1.169804205000400527e-01
1.169539283774793104e-01
1.162470827996730793e-01
1.169911476783454390e-01
1.167975800298154399e-01
1.164718389697372847e-01
1.172230895981192650e-01
1.170874680764973225e-01
1.159769996814429827e-01
1.163388069719076129e-01
1.163786493614315937e-01
1.160120546631515093e-01
1.164179387129843229e-01
1.164088968746364167e-01
1.158281926997005995e-01
1.164834130369126752e-01
1.160399170219898191e-01
1.164661830104887497e-01
1.158887486718594984e-01
1.158942904882133001e-01
1.161853770539164610e-01
1.164133618399500886e-01
1.160888399742543708e-01
1.162024519406259088e-01
1.158630989678204048e-01
1.156030467711389037e-01
1.156827247329056257e-01
1.155707463808357677e-01
1.153710351698100517e-01
1.159141911566257538e-01
1.154104347527027119e-01
1.152212050929665582e-01
1.155083263292908669e-01
1.148692822828888960e-01
1.152660668268799815e-01
1.150924086011946151e-01
1.149892028048634524e-01
1.153905906528234493e-01
