2.495668510595957512e-01
1.060154793163140680e-01
8.790006351967652454e-02
8.112261059383550632e-02
7.137372978031635007e-02
7.340646783510844375e-02
7.145587168633937836e-02
7.375406486292680752e-02
6.514738394568363178e-02
6.779897076388199939e-02
6.094027242312828607e-02
6.501914827773967731e-02
6.481229501465955722e-02
6.166830584406853000e-02
6.254387013614177981e-02
5.224932326624790596e-02
6.303585780163606378e-02
6.201805801441272192e-02
6.182484347373247424e-02
6.170984761168559624e-02
5.972517641882101741e-02
5.528700438638527864e-02
5.761587191373109679e-02
4.988915715366602083e-02
6.389560662209987918e-02
5.112987148265044079e-02
4.732774371902147975e-02
6.101840517173210549e-02
5.988047861804565025e-02
5.247752275317907333e-02
5.841758735477924069e-02
6.111153320719798360e-02
4.798246485491593910e-02
5.723088420927524567e-02
5.902881591270367490e-02
6.124858489880959100e-02
5.837119091302156448e-02
4.915600810199975690e-02
5.562424908081690239e-02
5.357073092212279869e-02
5.302624677618344301e-02
5.987808201462030411e-02
5.755427107214927673e-02
5.853648620347182141e-02
4.917464883377154622e-02
5.641297294447819577e-02
5.613595390071471347e-02
5.571030452847480774e-02
4.712076634168625017e-02
5.555790234357118468e-02
4.974001279721657759e-02
5.523358297844727788e-02
4.567200082043806897e-02
5.411989707499742508e-02
4.551834513743718141e-02
5.278214427332083430e-02
4.790960991134245867e-02
4.032961831738551134e-02
5.907792082677285062e-02
5.853892384717861858e-02
5.515388349692026959e-02
4.095406495034694533e-02
5.756316663076480045e-02
5.857825030883153511e-02
4.836437801520029889e-02
5.445831616719563895e-02
5.526420120149851123e-02
5.240384315450986180e-02
5.452331285923719267e-02
4.466451319555441585e-02
5.373288343350092477e-02
5.477269471933444295e-02
4.250524993985891481e-02
5.966174410035212511e-02
4.543957573672135347e-02
4.865427569796641760e-02
5.665063733855883049e-02
4.297688497851292339e-02
4.725853962202866687e-02
5.469433156152566505e-02
5.684112217277288714e-02
5.478586976726849966e-02
5.303151508172353201e-02
5.171455740928650180e-02
5.366694405674934248e-02
5.353545142958561487e-02
4.834936795135338916e-02
5.870401741315921240e-02
5.353689522792895450e-02
5.176074200620253696e-02
5.458391016970078058e-02
4.387935971220334463e-02
5.649808223048845973e-02
4.055204403897126608e-02
5.384464903424183296e-02
5.263452182213465558e-02
5.910178391883770532e-02
6.047292562822501050e-02
5.122805510958036018e-02
5.340677568068107062e-02
4.658182399968305992e-02
6.053771059960126599e-02
5.244651008397340636e-02
5.249774592618147717e-02
4.173919850339492116e-02
5.276000791539748463e-02
5.283923596143722673e-02
5.338733152796824866e-02
5.249078174432118826e-02
5.662220008671283583e-02
5.418103386958440099e-02
5.114094031353791370e-02
5.567942839115858078e-02
5.326323223610718999e-02
5.348075081904728884e-02
5.491736326366662702e-02
4.974265079945325990e-02
4.943220242857933322e-02
5.624149721115827283e-02
5.049221403896808624e-02
5.732747068007786745e-02
4.914061507831016945e-02
5.416107525428136282e-02
5.599076406409343037e-02
5.542623580743868961e-02
5.108677825580040799e-02
4.575399054835239954e-02
5.502585520346959386e-02
5.459246231863896376e-02
5.073474074403445250e-02
5.211620579163233485e-02
4.480715394020080844e-02
3.962011287609736032e-02
5.045938758800427165e-02
4.343525959799687114e-02
5.646137210230032372e-02
5.443509152779976712e-02
5.782659016549587111e-02
5.639164478828509464e-02
5.007882217566172328e-02
5.571340552220741676e-02
4.960426532973846031e-02
4.896561447530985156e-02
5.824828868110974722e-02
4.847395904362201968e-02
5.291202211131652150e-02
5.443141671518484520e-02
4.111973047256469588e-02
5.731853526085615297e-02
5.357529229174057966e-02
5.555499127755562233e-02
5.527072753757238111e-02
5.198394364366928921e-02
4.747436642646789273e-02
5.101364683359861651e-02
5.649932331095139371e-02
4.956007022410631457e-02
4.544880626102288518e-02
5.508219717691342082e-02
5.165012851357460300e-02
3.898633774369954924e-02
4.028207131971915655e-02
4.496108045180638446e-02
5.135595239698886871e-02
5.150999426841736117e-02
5.034637103478113718e-02
4.854063950479030332e-02
4.722508825361728529e-02
4.097148204843203273e-02
5.787124894559383254e-02
5.478348415344953815e-02
4.563627981891234947e-02
4.445015459010998732e-02
4.222636595368385592e-02
6.621312697728475027e-02
4.898345898836851259e-02
6.120125794162353111e-02
5.148773541053135866e-02
5.617062437037626671e-02
5.155808199197053909e-02
5.458286410818497664e-02
5.177776186416546689e-02
5.457563803841670308e-02
5.368835218250751773e-02
4.422949329018592557e-02
4.824338977535565925e-02
4.716266971081495285e-02
6.005797795951366147e-02
4.554895230879386220e-02
5.624482128769159317e-02
5.071916021406650682e-02
4.877002264062563902e-02
4.342616486052672253e-02
5.465992099295059747e-02
5.053233889242013388e-02
4.870096488545338359e-02
5.877950930347045078e-02
5.394301867733398981e-02
5.127945815523465151e-02
5.230987314134836336e-02
4.916343366106350893e-02
4.883120624969403134e-02
5.186295093347628726e-02
5.403921548277139386e-02
4.470774009823798995e-02
5.103240851312875609e-02
5.411715153604745865e-02
5.136152245104312619e-02
4.640169062962134355e-02
5.164174195379019061e-02
5.200548265129327496e-02
4.722358789294957976e-02
4.973862332602341924e-02
4.778712447732687274e-02
5.737908023099104471e-02
4.120072859028975354e-02
5.641402881592512408e-02
4.203818452854950899e-02
6.086118438591559682e-02
3.741390506426493096e-02
5.459410312275091853e-02
5.387535542249679427e-02
3.751171845942735672e-02
6.032235523064931326e-02
4.426783056308825764e-02
5.890738802651564188e-02
4.774711243808269640e-02
4.727445996056000438e-02
5.040870370964209424e-02
5.305858956029017859e-02
3.874696747710307254e-02
5.599818782260020805e-02
4.976384304463863512e-02
5.595023408532142500e-02
5.169717359046141492e-02
4.962092942247788019e-02
5.162718066324790273e-02
4.728538226336240907e-02
5.415021572262048583e-02
4.785473663359880725e-02
4.503315109759568891e-02
4.458505778263012476e-02
4.943925955643256598e-02
5.448622598002354073e-02
4.822341601053873467e-02
4.796628877520561079e-02
4.228276635209719109e-02
4.966416154056787352e-02
5.156784703334172520e-02
4.088376406580209593e-02
3.476690569271644049e-02
5.631092041730880599e-02
4.652353047082821713e-02
5.024999566376209259e-02
4.919253208984931264e-02
5.201805749287207598e-02
4.305351966371138983e-02
5.258109743396441327e-02
5.182986066987117085e-02
4.768528379499912401e-02
3.753619653483231816e-02
5.920226120700438494e-02
4.308458790183067322e-02
4.780183645586173063e-02
5.267040537049372945e-02
5.063481206695238934e-02
4.612963801870743202e-02
4.914609367648760385e-02
5.554015859961509982e-02
4.815393965691328049e-02
4.409713875502348224e-02
5.611359234899282455e-02
5.193134335180123878e-02
5.099641016374031888e-02
4.563727912803491188e-02
5.441125687211752215e-02
4.929164859155813622e-02
4.880184667805830684e-02
4.056012860188881741e-02
5.585965309292077741e-02
5.246906069417794222e-02
4.667427142461141182e-02
4.781265022854010172e-02
3.589770005395014757e-02
5.268476524700720781e-02
4.859590263416369710e-02
5.030441203465064320e-02
4.485149607062340060e-02
4.779831686367590898e-02
5.242293948928514885e-02
4.987636469304561337e-02
4.596045458068450523e-02
4.748736203958590918e-02
5.215821086118618832e-02
4.395082835108041902e-02
4.814011659473180910e-02
4.668142286439736638e-02
5.261369949827591347e-02
5.301806187878052579e-02
4.871529440085093504e-02
4.304991414149602486e-02
4.822256918996572356e-02
3.295540449519952092e-02
6.143248056372006827e-02
4.671470820903778076e-02
4.675874281674623212e-02
4.333734506120284075e-02
5.031452787419159883e-02
4.050138512005408559e-02
5.323488252858320918e-02
4.842740409076214114e-02
3.903082671264807707e-02
3.767194940398136543e-02
5.261108720054229193e-02
5.663965965310732709e-02
4.999808861563603130e-02
5.039569574097792215e-02
4.590942462285359932e-02
3.663716713587442803e-02
5.299496594816446166e-02
5.111293668548266139e-02
4.445217673977216316e-02
5.062974623094002730e-02
4.691198679308096475e-02
4.955548588186502179e-02
4.907491970807313642e-02
4.915117602795362334e-02
4.092997889965772906e-02
4.975460295875867162e-02
5.532685667276382446e-02
5.828349323322375847e-02
5.027103467533985959e-02
4.745710566639900485e-02
4.571369507660468651e-02
3.801139344771702760e-02
5.098235793411731720e-02
4.430905406673749103e-02
4.929345231503248076e-02
5.740360400329033719e-02
4.663671907037496289e-02
4.496426172554492812e-02
4.788473993539810181e-02
4.549745948364337239e-02
4.972022287547588071e-02
4.942469944556553835e-02
4.743560639520486011e-02
5.164977436264355654e-02
4.721070434898137769e-02
5.048118295768896924e-02
4.532642035434643335e-02
5.371038801968097687e-02
4.933627042919397354e-02
4.120496660470962524e-02
4.815666563808917999e-02
4.519151790688435283e-02
4.095339508106311116e-02
5.642741421858469414e-02
4.857681151479482928e-02
4.342123710860808922e-02
4.955192320048808913e-02
4.542745562891165739e-02
4.352431458731492037e-02
4.604022372514009198e-02
3.718014005571603636e-02
5.123807446410258426e-02
5.316166163732607974e-02
4.482611964146296368e-02
3.757461017618576871e-02
6.078417537113030983e-02
5.342879804472128874e-02
4.236086041977007999e-02
5.110227912664413313e-02
4.131769960125287328e-02
4.362636667986710681e-02
5.755483830968539244e-02
4.609459644804398543e-02
4.496535025537014285e-02
4.768191023419300623e-02
4.733276336143413948e-02
4.467285772164662772e-02
4.641876264164845195e-02
5.356493710229794092e-02
4.708616149922211641e-02
4.401373546570539613e-02
5.052056523660818782e-02
5.003571696579456329e-02
4.206587392836809436e-02
5.079736976573864804e-02
5.289433263242244998e-02
4.516947014878193445e-02
3.956458649287621088e-02
5.922912123302618431e-02
4.263362785180409981e-02
5.131344522039095468e-02
4.646605129043260979e-02
4.538150777419407839e-02
5.028032772243022641e-02
5.392214246094226976e-02
4.675905480980872830e-02
4.239569685111443248e-02
4.695561596502860480e-02
5.321170532455046787e-02
4.409572736670573645e-02
5.320333745330572267e-02
5.142935855935017175e-02
4.878617475430170602e-02
4.025482703000306944e-02
4.681494589895009856e-02
4.696414706607659334e-02
4.619519114494323453e-02
4.860106644531091147e-02
4.448484238237142285e-02
5.160007849335670332e-02
4.633950516581535062e-02
4.151609633117914200e-02
4.135114947954813408e-02
5.154718061288197928e-02
5.065139885991811614e-02
4.534503947943448882e-02
4.904014660666386471e-02
4.578052883346875324e-02
5.049278388420740810e-02
5.059293570617835051e-02
4.806640179206927294e-02
4.444637155781189924e-02
4.965698892871538844e-02
4.814504956205686165e-02
4.247536584734916409e-02
5.299626352886358666e-02
4.766946739206711497e-02
4.462831212828556604e-02
4.700444520761569434e-02
3.953932051857312474e-02
4.952431215594212122e-02
4.689709494511286325e-02
4.830302614718675475e-02
3.246677766243617064e-02
5.364039490620295392e-02
4.908112958073616167e-02
4.461016338318586627e-02
4.586180529246727811e-02
4.805618580430746217e-02
4.965864767630894655e-02
4.828923760602871901e-02
4.175502490252256532e-02
4.921080786734819551e-02
3.283304776996374269e-02
6.119338478893041749e-02
4.439009614288806638e-02
5.600821636617183547e-02
4.858618564903736253e-02
4.489442687481641492e-02
4.497232629607120918e-02
5.125495363026857237e-02
3.654352718343337192e-02
4.773627991477648325e-02
5.101930517703294476e-02
4.195260324825843268e-02
4.784505702555179318e-02
4.876111112534999709e-02
4.985546811173359461e-02
4.449041771392027445e-02
4.902467305461565700e-02
4.574848314126332693e-02
4.743047282099723677e-02
4.497459232807159146e-02
4.834537797917922569e-02
4.272189295540253229e-02
5.112189979602892870e-02
4.502744457374016629e-02
4.408676810562610349e-02
4.827174376696348468e-02
5.089329400410255028e-02
4.476594974597294940e-02
4.864537113656600131e-02
4.617511772861083302e-02
4.211477724214394980e-02
5.453995931893586974e-02
4.876373335719108582e-02
4.647427691767613139e-02
4.718766957521438460e-02
4.351631421595811983e-02
4.977131293465694023e-02
4.591340043892463280e-02
4.224907507499058718e-02
5.193600878119468411e-02
4.406293059388796673e-02
4.653926473110914230e-02
4.481583703309297700e-02
4.481351052721341266e-02
4.787644501775503020e-02
4.524879169960816655e-02
4.218600305418173518e-02
4.542596836884816441e-02
3.989764296760161394e-02
5.204938792934020453e-02
4.589859507977962771e-02
3.141170861199497899e-02
5.821622293442487578e-02
4.700602404773235321e-02
