5.350287768741448513e-01
6.641570026079813616e+00
5.501986391146977518e+00
1.326126634478568933e+00
1.328450744152068985e+00
3.961785972615082807e-01
1.707700651884078991e-01
2.409793690716226788e-01
1.401514180873831006e-01
1.153797910300393831e-01
1.150372759128610312e-01
9.683076189210017282e-02
1.018046260997653024e-01
1.051651491348942064e-01
1.013543617290755122e-01
1.295714581198990356e-01
9.807607665657996909e-02
8.621069205303986960e-02
8.991587562486529073e-02
8.360450981184840147e-02
8.985012528176108959e-02
9.967828502878546548e-02
8.681750007594625507e-02
1.139791447172562311e-01
8.168572196116050121e-02
1.084645801410079047e-01
8.722628402213256082e-02
7.774394730105996243e-02
7.623633299643794992e-02
8.572879094009598633e-02
8.950675997262200201e-02
7.523980335022012467e-02
1.033226089862485791e-01
1.437782942069073533e-01
1.127050060282150934e-01
1.093380733331044546e-01
9.144017430643240629e-02
9.711446401973565512e-02
9.490616515278815779e-02
8.896743162845571762e-02
1.066005058027803959e-01
9.134013118843237189e-02
9.279952395707369295e-02
7.998022693519790671e-02
1.040711394200722339e-01
7.622509769474467012e-02
7.657555686930815619e-02
6.961875474701324784e-02
8.914603071908155929e-02
8.460055793325106654e-02
1.215688947464028946e-01
9.406759069611628221e-02
1.450880473603805010e-01
7.765137329697609225e-02
9.742058227459589326e-02
1.057583533475796450e-01
1.347963076209028610e-01
1.031444393160442508e-01
8.907899200295409103e-02
7.600712888563672387e-02
8.309216578180590729e-02
1.244296947245796536e-01
9.814885124564171059e-02
1.257837984090049988e-01
1.084013175778090893e-01
8.066812930628657063e-02
9.026095970223346754e-02
8.002709671854972562e-02
9.507217406605680821e-02
1.170953032063941218e-01
8.124500299493471467e-02
9.579073421036203573e-02
1.098334228868285828e-01
8.655979967986543455e-02
1.132573874791463209e-01
8.194130949676037279e-02
7.818814125532905224e-02
1.056750202303131381e-01
9.849669624740878260e-02
8.361182310928901018e-02
9.117240812008579887e-02
8.642725229884187788e-02
7.779575914765397837e-02
8.791267483805616234e-02
7.904975499957800356e-02
7.385104900846878317e-02
8.545453163484732773e-02
8.404569181924065324e-02
8.034033990154663962e-02
8.389355272054671575e-02
8.238915950680772426e-02
9.768479020024339876e-02
7.166383394971490017e-02
1.150833347750206820e-01
1.019562098756432583e-01
8.002640106404820819e-02
8.879204296817382047e-02
8.350103568906584728e-02
8.296604220444957212e-02
8.065272036318978099e-02
7.747848323235909107e-02
8.097751107066869514e-02
7.304563550899426105e-02
8.752547727276881184e-02
8.884331497674187450e-02
7.932650271803140529e-02
8.178715230897068422e-02
7.706029715016483872e-02
9.231583328917622455e-02
8.852159832914670290e-02
7.578757844865322002e-02
8.040631026029586292e-02
7.805547551562388997e-02
8.416095441828171098e-02
7.029680033524830784e-02
7.483609049270550928e-02
7.633556896820664628e-02
7.475353197505076042e-02
7.516601486752430561e-02
8.404668858895698869e-02
7.011912449573477757e-02
9.188358080883821111e-02
7.155607711523771786e-02
7.144859839851656902e-02
6.996550221617023335e-02
7.403886158640185511e-02
8.981085456907748898e-02
7.185594137758016808e-02
7.721571160480379670e-02
9.771595897153019517e-02
7.807835657770434423e-02
8.976041264211137571e-02
9.869373693441350903e-02
8.975245100756486238e-02
8.304618646701177054e-02
7.157152197013298689e-02
1.004894630921383675e-01
7.851011812686919944e-02
9.082371823489665541e-02
8.701051815723379046e-02
7.272755378236372970e-02
7.762836006159583302e-02
8.639063755050301052e-02
8.620116760333379480e-02
7.400147791951894316e-02
7.877408030132453109e-02
7.884886751572291186e-02
8.743350357438127440e-02
7.785398211330175899e-02
7.605697901919483694e-02
6.745770712072650388e-02
7.100545979415376352e-02
7.223377236475547747e-02
8.399438563113410805e-02
8.729854421069224713e-02
7.035379222904641905e-02
7.942828865100939884e-02
8.932431089381376310e-02
7.185842130333185140e-02
8.350479764863848187e-02
1.123461024028559463e-01
9.655265274768073946e-02
8.442796617125471192e-02
7.049103815729419742e-02
7.024325828378398529e-02
7.233820389956235886e-02
7.837259496251741675e-02
7.310927254458268743e-02
9.159558335940043428e-02
7.892191414410869299e-02
7.410194231197238246e-02
8.888570192580422247e-02
7.972918681179483325e-02
9.882304978867371970e-02
7.328390536829829105e-02
8.771658134957154018e-02
8.472339451313018466e-02
8.065214398006598229e-02
7.543245347837607140e-02
9.896571874618530218e-02
8.204187109445532089e-02
8.021872903530796739e-02
7.802214797586203010e-02
7.516869110986590385e-02
1.011600633400181887e-01
1.002112503039340186e-01
9.229842514420548427e-02
7.324849850187699352e-02
9.041165575385093356e-02
7.712598311404386675e-02
7.546906750028331556e-02
7.675600049396355540e-02
9.725930361077189668e-02
7.640255723148584033e-02
8.300023842602968771e-02
8.150049610684315105e-02
8.427177335446080220e-02
8.480011384934187102e-02
7.051415310551722992e-02
8.229850756004453149e-02
7.193622572968404183e-02
7.528740961104631035e-02
7.795585139965018062e-02
7.473947166775664341e-02
8.917193820079168110e-02
8.963200687120358168e-02
6.734904964764912294e-02
8.208506126577655437e-02
8.441005300109584442e-02
7.911207294091582298e-02
7.401807572071751606e-02
8.002572429055969383e-02
8.085600793361663596e-02
8.364692431564133002e-02
6.842191691199937809e-02
8.831557699168722519e-02
8.407160133744279173e-02
8.413376383483410492e-02
7.166086141640941320e-02
9.090066314364472766e-02
1.025559742997090018e-01
7.954549394547939800e-02
9.154044698923825829e-02
7.350357367657124608e-02
8.463969271630049362e-02
7.892356389512618364e-02
7.471713549147049327e-02
8.300926432013511214e-02
7.589370995759964211e-02
7.233610655491551356e-02
9.725777139887213651e-02
7.549424424146612689e-02
7.540438306207458696e-02
7.753726426512003167e-02
6.833600424850980182e-02
7.890725677832960416e-02
7.604513174543778287e-02
7.513414820656180715e-02
7.966830298925439702e-02
7.426025794818996717e-02
7.899870596826076563e-02
1.052657089879115437e-01
8.642767956480383595e-02
6.779064663375417021e-02
7.298393729453285517e-02
7.146604854613541891e-02
7.697462705274422945e-02
7.471326547985275568e-02
8.124585829675197435e-02
8.010024898995955767e-02
9.779018867760896905e-02
7.017794094358881241e-02
7.094505265975992181e-02
6.920911747962237015e-02
7.447516228382786152e-02
7.650065873439113040e-02
7.592921605333685653e-02
7.139287833124399740e-02
7.248158765956759508e-02
7.367939438049991852e-02
9.926366388176878497e-02
7.238424955556789497e-02
7.941285014773408202e-02
8.304106252267956512e-02
8.137171164775888754e-02
6.981808385501304948e-02
7.582686450953285417e-02
8.108275067682067794e-02
7.076256661365429301e-02
7.516153459126750924e-02
7.862468318392833166e-02
7.295030976335208084e-02
7.105544613674283361e-02
7.499154796823859215e-02
8.245393147071201911e-02
6.965392232562105101e-02
7.347524673367540615e-02
7.497170713419715193e-02
8.866675902778903273e-02
7.435344041014711747e-02
7.331351575752100003e-02
9.274188183248043005e-02
8.082729286203781116e-02
8.685454568515221796e-02
7.318765129273135939e-02
7.250940941895048231e-02
7.935061042507489393e-02
8.076736471305290266e-02
8.090999236330390088e-02
7.051298902059595364e-02
7.332920711487531107e-02
8.020653827115893642e-02
8.246893825630347008e-02
7.143121581524609909e-02
7.686696872115135470e-02
7.666384866461158076e-02
9.556667583684126666e-02
8.019553164641061993e-02
7.706465349843104329e-02
7.338343490536014535e-02
7.812922645360231844e-02
7.030299901341398316e-02
1.054495230068763084e-01
7.433846069499849829e-02
7.519037864481409317e-02
8.283768012498815558e-02
8.025005829210082875e-02
6.717297971869508333e-02
7.152257225786645689e-02
7.309015228723486635e-02
7.755772876863678555e-02
6.887425313393275017e-02
8.164660035942991612e-02
8.375254988670349787e-02
7.875554776440063520e-02
7.234742204969127344e-02
7.077690808723370586e-02
8.343597840517759379e-02
8.274391573543349310e-02
8.445204033205906680e-02
7.815417680268486877e-02
8.263710609326760381e-02
7.894965712601939578e-02
8.209305490677555606e-02
8.590041043857733760e-02
8.124553932497899367e-02
7.666923586279153491e-02
8.709660869712630704e-02
7.915746250500281522e-02
7.387200225144624488e-02
6.908963033308584967e-02
6.764335874468088705e-02
7.110513795788089841e-02
7.609306696802377312e-02
8.846760066847006443e-02
7.964447413260737629e-02
7.258521966636180545e-02
8.283198986202477965e-02
7.329708927621443604e-02
7.361989277104537266e-02
8.346910507107774269e-02
8.228771174947420441e-02
7.758576202516755116e-02
7.507858541483680703e-02
7.332274544984102027e-02
6.920112308114767519e-02
8.205887677147984116e-02
7.364430372292796179e-02
7.446400590240954964e-02
7.979740229124823725e-02
7.321120678757628286e-02
7.548674255609512385e-02
8.001448382313053331e-02
8.690766501550872825e-02
9.058137688785791730e-02
1.009690652911861691e-01
7.393952136859298363e-02
7.023199515417218042e-02
7.353193772335847589e-02
7.945135004818439095e-02
7.762786922976375181e-02
7.538836929326256375e-02
7.436202109480898048e-02
9.725751187031467238e-02
7.299062129730979342e-02
7.236281125495831745e-02
7.765452849989136486e-02
8.778959353143969691e-02
7.346568016335368323e-02
7.996770698577165826e-02
9.240858885770042441e-02
8.673256715138753792e-02
8.565507955228289505e-02
8.590224434932072772e-02
6.958383848269780736e-02
7.210396862278381502e-02
9.293519211933017055e-02
8.102891802166899138e-02
8.087855443358421548e-02
7.274066393574078748e-02
7.444345600903033711e-02
8.342606525247295290e-02
7.613828289632995627e-02
7.095343353226780947e-02
7.362018732354044803e-02
6.729232602442304645e-02
8.425839663172761396e-02
7.366664922485749445e-02
7.539206275716424377e-02
7.791373780618111866e-02
9.427177165324489294e-02
7.334224501624703185e-02
7.603307663773496705e-02
7.325246747583151474e-02
7.401355778177579059e-02
7.691301677996913166e-02
7.134768397857745026e-02
7.493113215391834780e-02
7.515397503351171904e-02
8.479670948038497968e-02
8.179242175693313133e-02
7.074429587771495498e-02
8.730986924842000507e-02
7.702008096501231083e-02
7.003666892647743281e-02
8.116677600269515958e-02
8.032401480401556160e-02
9.187187112246950060e-02
7.685514165709415868e-02
7.799066472798585337e-02
8.613652622948089754e-02
8.491135774180293139e-02
7.108975531533361092e-02
6.993687113126119403e-02
7.237403415143489616e-02
8.912489280104636535e-02
7.903644194205601547e-02
8.001043596615393938e-02
8.903716146945953036e-02
7.461999496445059776e-02
6.985779970884323231e-02
7.850456499184171877e-02
6.792621488993366707e-02
7.017784065256515991e-02
7.614251085867485003e-02
8.185051518181959973e-02
7.598457797740897079e-02
7.642970575019716883e-02
8.154624029373129523e-02
6.809389595563213049e-02
7.625164149329066721e-02
7.915661616250872779e-02
8.396520524596175206e-02
7.026932127773762027e-02
7.077434723575909414e-02
7.369254851713775978e-02
1.009210617654025532e-01
8.087456138183672649e-02
8.163873141631483588e-02
7.454834386706352123e-02
8.224304437637329490e-02
8.508492112780610683e-02
8.147445544600487310e-02
8.705141519506771897e-02
9.469745888064305672e-02
7.719715304672718215e-02
7.843126535415649581e-02
7.184020102644959882e-02
7.541694896295667028e-02
7.310432114327947151e-02
8.085575070232152439e-02
7.684511053065458397e-02
7.206184902538856352e-02
7.524703917404015896e-02
7.107705555235345474e-02
7.536826442927122005e-02
7.583727066094676783e-02
8.259413326159119328e-02
8.754872898260752934e-02
7.336427858720223627e-02
7.379123699540893200e-02
8.645467766250172770e-02
6.998552150403460070e-02
7.249834055081010031e-02
7.003539327532053160e-02
7.194600194692611639e-02
7.042291939258575606e-02
7.520134465768933685e-02
7.187255440279841090e-02
8.112891301512718811e-02
7.254021376992265957e-02
7.598622967178622623e-02
7.022714402526616939e-02
7.544144888718923303e-02
8.187859882911045772e-02
7.976197983448704565e-02
9.197002839917937933e-02
7.012074846153458496e-02
7.215744107961655218e-02
7.751898387446999605e-02
7.154111736143628497e-02
7.563254907106359282e-02
7.633828973397611961e-02
7.457338872055212231e-02
8.529558772842089909e-02
8.016445449863870976e-02
7.816079163302977473e-02
7.767198396846651531e-02
7.847202436998486352e-02
7.316848303501805040e-02
7.578047497197985816e-02
7.150335328653455169e-02
7.556643857310216261e-02
6.845528831705451067e-02
8.073660915096600443e-02
7.164234650010864458e-02
7.276283706227938686e-02
9.266326239332556280e-02
7.566819613178571435e-02
7.011001278335848852e-02
