1.548591193184256642e-01
8.225856397300958245e-02
8.085474416613579185e-02
7.585786329582333565e-02
7.132498109713196477e-02
7.321009324863553269e-02
7.171627685427665877e-02
7.204611159861087910e-02
7.095892332494259380e-02
7.017150862142443324e-02
6.891658216714859064e-02
7.005364550277590197e-02
6.754606511443853045e-02
6.823458652943373282e-02
6.922192309051751480e-02
6.878933150321245305e-02
6.731889950111508147e-02
6.940024608746170331e-02
6.753555735573173180e-02
6.591697828844189644e-02
6.746648046188057080e-02
6.817049019038677604e-02
6.562906576320529095e-02
6.631640268489719103e-02
6.553506510332227086e-02
6.620873774401843381e-02
6.660019389353692698e-02
6.491542860865592846e-02
6.631127478554844912e-02
6.143106297589838449e-02
6.684645128436386696e-02
6.340201483108102998e-02
6.515243667177855746e-02
6.580425520427525543e-02
6.661689396947621800e-02
6.560421519912779109e-02
6.311976113356650153e-02
6.414954381063581179e-02
6.407801878638565152e-02
6.331257467158138419e-02
6.471328305080532861e-02
6.361635136418045122e-02
6.067754499614239072e-02
6.341516856104136013e-02
6.209285308606922460e-02
6.347290274687111822e-02
6.309845439158380531e-02
6.410442762076855316e-02
6.475151739083230551e-02
6.396056470461189414e-02
6.342515255324542023e-02
6.078038280829787393e-02
6.328857770189642851e-02
6.377906512469053157e-02
6.357460697181523124e-02
6.125478459522128161e-02
6.274134752340615462e-02
5.945413412526250052e-02
6.345180983655154816e-02
6.301421177573501842e-02
6.309709435328841876e-02
6.182175661437213504e-02
6.273849808610976186e-02
6.201698086224496226e-02
5.932890886440873174e-02
6.273652634583413989e-02
6.121859205886721889e-02
6.147593453526496721e-02
6.263126268982886768e-02
6.022304533049464143e-02
6.163987683132290951e-02
6.175762339495122211e-02
6.000402408652007885e-02
6.292659072205424031e-02
6.214765539392828886e-02
6.116133393719792172e-02
6.006315530277788611e-02
6.196136861108243743e-02
6.134662482887506818e-02
5.976091804914176325e-02
6.246753994375467411e-02
5.640823450870811884e-02
6.237025260925292691e-02
5.971858841367065629e-02
6.070002357475459687e-02
5.930796018801629682e-02
6.206386690028011660e-02
5.622967054136097237e-02
5.948814575560391199e-02
6.082003154791891519e-02
5.924834452569485016e-02
6.102988465689122843e-02
5.817621638998389522e-02
6.127679895609617483e-02
5.727387796156108157e-02
5.994481119327246810e-02
5.724459183402359763e-02
5.977988502010703198e-02
5.901569427922367939e-02
5.823578486219048445e-02
