6.632315852940082745e-01
1.722980625815689615e-01
1.114119045045226797e-01
9.277491667680441700e-02
8.403095220215618666e-02
7.709350507147609555e-02
7.686429637484253063e-02
7.559205246903001607e-02
7.393308244273066876e-02
7.287023193016647915e-02
7.252612477354705711e-02
7.534037787653505291e-02
7.242940151691436290e-02
6.885108570009469686e-02
6.841941431351006297e-02
6.887701790966092863e-02
7.016051926277577788e-02
6.737486734986304626e-02
6.742171406559646640e-02
6.881240415945649724e-02
6.661105526797472809e-02
6.720768129453062734e-02
6.868896294943988012e-02
6.748495982587338071e-02
6.957105199713259358e-02
6.819437711313366957e-02
6.699050229974090609e-02
6.987916010804474942e-02
6.628835125267505679e-02
6.794071100745349701e-02
6.674603621289133815e-02
7.203101432695985240e-02
7.403217447176575761e-02
6.552901987731456213e-02
6.534411714412272087e-02
6.503942119702696423e-02
6.520777542702853313e-02
6.726409894973039982e-02
6.551377354934811992e-02
6.394409545883536494e-02
6.475366497412324285e-02
6.548613277450203440e-02
6.733178126253187845e-02
6.731196223944425905e-02
6.539127188548445047e-02
6.712481278367340987e-02
6.464404383674264565e-02
6.668721482343971385e-02
6.440554093383252243e-02
6.567634402960538520e-02
6.792208217084408362e-02
6.583467505127191255e-02
6.475286622904241618e-02
6.567389507591724074e-02
6.426796516589820818e-02
6.883157478272915186e-02
6.550915871188044137e-02
6.964129538834094857e-02
6.552963324636221221e-02
6.529698520712554077e-02
6.345561379566788673e-02
6.521154516562820136e-02
6.495481624454259306e-02
6.323996254801750316e-02
6.570620872918515876e-02
6.345950299501419700e-02
6.308730987086892672e-02
6.573785832151771147e-02
6.293847000040113382e-02
6.507653051242232034e-02
6.318648212589322855e-02
6.814755981788039874e-02
6.542047207057476166e-02
6.299343933910131477e-02
6.345006116107106131e-02
6.425676691345870439e-02
6.307645576447248881e-02
6.258934779092668876e-02
6.410241568833589809e-02
6.690147705189883331e-02
6.696137767471373181e-02
7.215939783211797187e-02
6.221281375922262796e-02
6.275431163702159532e-02
6.424547737650573853e-02
6.332856247574090991e-02
6.163665133714675559e-02
6.863015213888137844e-02
6.557930346485227324e-02
6.243268297612666884e-02
6.260004972666502465e-02
6.100006155576556677e-02
6.644059091247618565e-02
6.331234700977801666e-02
7.073485320992767278e-02
6.303051955252886307e-02
6.428115768264978935e-02
6.162387593649328033e-02
6.583020673878491047e-02
6.666553815267979577e-02
