1.950994270201772407e-01
8.182142339646816809e-02
7.436108644120395517e-02
7.136303977109491326e-02
7.023945731110871338e-02
6.932345663197338193e-02
6.802593279629945422e-02
6.766529884189367849e-02
6.706018706317991296e-02
6.708479326218366734e-02
6.659647971857339532e-02
6.613708566408604828e-02
6.590328075457364820e-02
6.462272616103291456e-02
6.482110176235438004e-02
6.490932424552738056e-02
6.444434546865522584e-02
6.344454961828888129e-02
6.295629485975950956e-02
6.346136642154305563e-02
6.302963890600948860e-02
6.293524470645933677e-02
6.345838802400977086e-02
6.324051428586244250e-02
6.195754489395767506e-02
6.238064819481223960e-02
6.199920126236975471e-02
6.271960882470012377e-02
6.233049280941486275e-02
6.161547817755490264e-02
6.167479254771023739e-02
6.281450003851205000e-02
6.157973084133118447e-02
6.142521515954285638e-02
6.217155799269676042e-02
6.179292144253849955e-02
6.187426482327282318e-02
5.976767343934625415e-02
6.170658815186470803e-02
6.047871687449515171e-02
6.148204012308269850e-02
6.058828732464462824e-02
6.102345527615397891e-02
6.026988010387867439e-02
6.035595343448221795e-02
5.967736072838306094e-02
6.059360445942729712e-02
5.957781461998820638e-02
6.106121232267468918e-02
6.101114622782916053e-02
6.021008526906371228e-02
5.935430625453591569e-02
5.970068356022238676e-02
5.989052356220781609e-02
5.886100476142019228e-02
5.904987449757755080e-02
5.956172096077352873e-02
5.877978065516799994e-02
6.042407024651765685e-02
5.961391563061625015e-02
5.918746274430304599e-02
5.805685423314571603e-02
6.040757083799690175e-02
5.889229569118469704e-02
5.899614352732896611e-02
5.820434038061648302e-02
5.917539591435343194e-02
5.884896147064864330e-02
5.947558473795652723e-02
5.871066451538354408e-02
5.567168162204325088e-02
5.935669927392155099e-02
5.788557220250368368e-02
5.888492859434336230e-02
5.772736001294106328e-02
5.864223491866141225e-02
5.852867564186453597e-02
5.691031788475811592e-02
5.874812029302120542e-02
5.772873297799378800e-02
5.848799359519034347e-02
5.793330048676580135e-02
5.809211112558841650e-02
5.839499300345778188e-02
5.834439640399068788e-02
5.871584818232804259e-02
5.827378259040415232e-02
5.746741720009595350e-02
5.645104038994759599e-02
5.812919649761170288e-02
5.592200135346502010e-02
5.646851137746125571e-02
5.688864026684314207e-02
5.812696257606148748e-02
5.734002469107508937e-02
5.747642971575259857e-02
5.755940415896475260e-02
5.782286446075886321e-02
5.768912762403487909e-02
5.651047533843666509e-02
