5.335351932868361846e-01
1.535883003771305044e-01
8.444535770080983939e-02
9.366240855306387503e-02
9.040876975655555425e-02
8.225969669781625637e-02
7.998374263197183254e-02
7.586661450751125413e-02
7.535283607244491755e-02
7.289039368368685490e-02
6.791678780876099497e-02
7.437473261170089722e-02
6.851803176105022986e-02
7.350929708033800136e-02
7.427366310358048118e-02
6.664075474627316475e-02
6.788364109955727366e-02
7.057846386730670663e-02
6.827764030918478944e-02
6.595200959593057466e-02
6.942179187946020957e-02
7.556541456282138414e-02
6.528466045670211493e-02
6.689764709584414271e-02
8.038924860395491034e-02
6.917513850145041998e-02
6.616681119054555749e-02
6.694431342184543887e-02
6.363184321112930197e-02
6.488332188688218649e-02
7.495925105176866332e-02
7.135137507505714960e-02
6.464478102233260637e-02
6.916459037829190970e-02
6.386404053494333655e-02
7.626364865154028339e-02
6.334225171804427901e-02
6.805738288164138450e-02
6.410294626839459220e-02
6.878694986179470505e-02
6.566870794817805668e-02
6.250495544355362532e-02
6.709171982482076135e-02
6.672838290408253381e-02
6.389197395183146555e-02
6.882551892846822117e-02
6.931296584289521612e-02
6.977213423326611430e-02
6.242888847365975213e-02
6.360629826039075618e-02
6.935025083646177702e-02
6.802247997466474849e-02
7.008092638291418819e-02
6.288182463124394883e-02
6.316533858887851682e-02
6.751476099342107462e-02
6.334858117625116747e-02
6.127028057724237531e-02
6.695315048191696761e-02
6.625904216337949459e-02
6.298459940962493342e-02
6.743849012814462363e-02
6.863691114075481936e-02
6.781124613713472582e-02
6.599001647718251429e-02
6.454500575549899921e-02
6.823988359794021241e-02
6.230997328367084143e-02
6.188517380878329199e-02
6.635885072126984641e-02
6.565968228224665360e-02
6.167164878547191920e-02
6.452040666714310702e-02
7.013496155478060601e-02
6.126169800385832670e-02
6.281160162575542827e-02
6.401423567812890292e-02
6.609181972127407823e-02
8.592432360537349822e-02
6.312207363639027458e-02
6.213947068713605165e-02
6.448608989268540814e-02
5.983584850840270586e-02
6.402714616805314785e-02
7.400396410189569174e-02
6.446617784164845877e-02
6.385487045906483583e-02
5.993160048592835465e-02
6.135165035910904174e-02
6.432926880195737052e-02
7.820113159716129969e-02
6.145336748659610548e-02
6.056611380726099197e-02
6.081997765786945759e-02
6.152103492058813572e-02
5.982803692575543869e-02
6.224342462886124638e-02
5.963984776847064406e-02
6.129335032403469136e-02
5.875076725892722923e-02
