4.000000000000000000e+01
4.300000000000000000e+01
5.800000000000000000e+01
2.900000000000000000e+01
8.500000000000000000e+01
0.000000000000000000e+00
8.300000000000000000e+01
3.800000000000000000e+01
5.600000000000000000e+01
3.200000000000000000e+01
7.800000000000000000e+01
2.700000000000000000e+01
6.000000000000000000e+00
3.900000000000000000e+01
5.100000000000000000e+01
4.900000000000000000e+01
7.600000000000000000e+01
8.000000000000000000e+01
1.700000000000000000e+01
6.600000000000000000e+01
