4.000000000000000000e+01
4.300000000000000000e+01
5.800000000000000000e+01
2.900000000000000000e+01
8.500000000000000000e+01
0.000000000000000000e+00
8.300000000000000000e+01
3.800000000000000000e+01
5.600000000000000000e+01
3.200000000000000000e+01
1.400000000000000000e+01
4.000000000000000000e+00
8.700000000000000000e+01
9.000000000000000000e+00
3.000000000000000000e+00
6.300000000000000000e+01
1.700000000000000000e+01
4.200000000000000000e+01
3.400000000000000000e+01
2.000000000000000000e+00
