1.385191004537046078e-01
8.281310342252254375e-02
7.700138779357075525e-02
7.605842398479581434e-02
7.477284597232937424e-02
7.306393906474113742e-02
7.252418531104921906e-02
7.304366927593947123e-02
7.141451898962258849e-02
6.908081632107496151e-02
6.971265498548745443e-02
7.008953548967838953e-02
7.015271291136741805e-02
6.701455014757812245e-02
6.841373106464743170e-02
7.019377313554286957e-02
6.689444239251315927e-02
6.789041676558554839e-02
6.781876606866717172e-02
6.635726703330874221e-02
6.781366541050375119e-02
6.597373848780989369e-02
6.667995703406631725e-02
6.754436450079083498e-02
6.651512254029512405e-02
6.635707304812968332e-02
6.616383804939687807e-02
6.715095630846917851e-02
6.787071425467729180e-02
6.692198746837675627e-02
6.680176690220833435e-02
6.427848864346742686e-02
6.624753987416624745e-02
6.428534016944467688e-02
6.406418829225003775e-02
6.434464589692652503e-02
6.477420327253639865e-02
6.496876800432800636e-02
6.393871883861720895e-02
6.251960423775017317e-02
6.589234691113234066e-02
6.114525889977812795e-02
6.479459368623792515e-02
6.230775807052850446e-02
6.345587600953876695e-02
6.306209193542600122e-02
6.438448077999055219e-02
6.543940044008195178e-02
6.461346974596381132e-02
6.438440748490392718e-02
6.208956715650856828e-02
6.010267590172588964e-02
6.261771739460528230e-02
6.292203514836729183e-02
6.208584673702716855e-02
6.359703513793647789e-02
6.150689405389130060e-02
6.218976054340601134e-02
6.037496519275009632e-02
6.320430810563265611e-02
6.182884108275175233e-02
5.645881403237581336e-02
6.255828121677041442e-02
6.149875614792108675e-02
6.284301585517823585e-02
6.265267822891473770e-02
6.269661030732094631e-02
6.256671907380223496e-02
6.359755714423954986e-02
6.143154922872781643e-02
6.233590862713753872e-02
6.283513967879116036e-02
6.148442642763256999e-02
6.117144159972667805e-02
5.932444941252470322e-02
5.990201911889016934e-02
6.052266117185354372e-02
6.177002465352415816e-02
6.071280670352280362e-02
6.036448847502470100e-02
6.070033607073128251e-02
5.973701421171426912e-02
6.074030932970345131e-02
6.031082456000149555e-02
5.804417313076555562e-02
6.007171631790697575e-02
6.062281421385705416e-02
5.731179192662239075e-02
5.891364246606826949e-02
6.163001303561031763e-02
6.139670045115053904e-02
6.096106868237256837e-02
6.025474244728684647e-02
5.982219361700117505e-02
5.957282860763370852e-02
5.861927184276282538e-02
5.945112710818648005e-02
5.931767586618661575e-02
5.858742058277130460e-02
5.995096512138843592e-02
