4.476548285603523247e+00
5.938072447180747782e-01
2.223892618566751522e-01
1.190218719281256193e-01
9.632126940786837899e-02
8.592366305552423533e-02
8.133642980642616371e-02
7.717546327784657878e-02
7.375113251246512291e-02
7.142848824150860310e-02
7.365671062283217496e-02
7.148264455795287631e-02
6.963112518191337530e-02
7.152351817861199446e-02
7.367196974717080127e-02
6.912824504263699599e-02
7.433311131782829873e-02
7.054411936923861426e-02
6.971410642936826108e-02
6.890851077064871766e-02
6.819699588418007274e-02
6.863950513303279655e-02
7.386055055633186650e-02
6.845432295650243082e-02
6.776645665243268002e-02
6.661699046194553830e-02
6.659042629972100613e-02
6.644891916960478373e-02
6.962300676107406605e-02
6.775680579058826480e-02
6.636056909523904701e-02
6.671053568273782597e-02
6.949489460885524550e-02
7.068270671367644920e-02
6.861011534556746283e-02
6.553074296005070853e-02
6.497447887435554847e-02
6.548420223779975735e-02
6.445540239475668065e-02
6.590212107449769374e-02
6.411935603059827626e-02
6.967498441599309644e-02
6.471440071426332041e-02
6.557636733260005513e-02
6.461784866265952998e-02
6.636234929226339507e-02
6.545457303524017389e-02
6.475324199534952807e-02
6.456628220155835596e-02
6.375132923014462105e-02
6.574644113425165415e-02
6.783799238689243449e-02
6.574745216965675876e-02
6.696021267026662505e-02
6.520143369957805135e-02
7.003567105717957431e-02
6.643334312550723542e-02
6.490867704339325917e-02
6.645162675436586119e-02
6.337191712949424849e-02
6.512247300520539184e-02
7.629258636478335187e-02
6.502103072404862016e-02
6.447977666556835297e-02
6.546258242800831462e-02
7.047766263410448762e-02
6.340009648539125797e-02
6.354451617226004878e-02
6.295503797568380300e-02
6.573775430023670596e-02
6.248574082180857747e-02
6.401762312650680076e-02
6.304797513969243039e-02
6.449847769178450319e-02
6.730481112562120005e-02
6.496761388331651066e-02
6.199370639957487578e-02
6.313934230245649148e-02
6.848530374560504730e-02
6.488629280589520987e-02
6.388085868675261181e-02
6.557838748395443396e-02
6.310955922491848225e-02
6.408066255319863624e-02
6.741146636381745161e-02
6.114841246791184043e-02
6.350758026167750703e-02
6.767448794655502031e-02
6.268062206543982551e-02
6.499346479587256309e-02
6.186929378565400595e-02
6.664275745302439269e-02
6.221154443547129848e-02
6.416533040814101363e-02
6.747663778997957384e-02
6.623414517100900678e-02
6.408017974533140870e-02
6.675748536828905733e-02
6.325985644757747828e-02
6.333297472819686413e-02
