1.072468683123588562e-01
8.616862477113802765e-02
7.495364074905713769e-02
7.265581072618564062e-02
7.052049450576305945e-02
7.365850793818633224e-02
7.378752995282411575e-02
6.947786199549833841e-02
7.186082197974125174e-02
6.896011332670846927e-02
6.528254716346661157e-02
6.675356216728686731e-02
6.593376354624827518e-02
7.084856182336807251e-02
6.427648579701780718e-02
6.541905235499143045e-02
6.922581885010004044e-02
5.853391975785295076e-02
6.543363559370239668e-02
6.814553849399089536e-02
6.420064379150668132e-02
6.864281011124452603e-02
6.715916184087594720e-02
6.671305019408464709e-02
6.975251225133737021e-02
5.314009509359796796e-02
6.782455934832493094e-02
6.677687484771013815e-02
6.744406685853997219e-02
6.784649522354205264e-02
6.733844559639692862e-02
6.092129458362857686e-02
6.698012712101140964e-02
6.325047382464012158e-02
5.983708684022227831e-02
6.631765024115642004e-02
6.747640756269296380e-02
6.335917487740516663e-02
6.626296142737070349e-02
6.200604923069476943e-02
6.501928872118394043e-02
6.368941115215420723e-02
6.533739883452653607e-02
6.379479672759771902e-02
6.241280765583117479e-02
6.456741963823636743e-02
6.302515656376878050e-02
6.426915504659215517e-02
5.790866175666451593e-02
6.374036849786837711e-02
6.560698331644138070e-02
6.211448789884646549e-02
6.346628849084177959e-02
6.460730660085876875e-02
5.987464326123396324e-02
6.311767234777411473e-02
5.876771702120701241e-02
6.281614443287253380e-02
6.012026521687706404e-02
6.301922037576636326e-02
5.377524386470516199e-02
6.258298636724551889e-02
6.222270013143618717e-02
6.204458375771840228e-02
6.204007246221105581e-02
6.182887672136227336e-02
6.405274607241154272e-02
6.421240071455637521e-02
6.165831824764609476e-02
6.244836784899234633e-02
6.348498507092396881e-02
5.696138444667061401e-02
5.757010560482740680e-02
5.966168766220410896e-02
6.111341395104925162e-02
6.395541053886215355e-02
5.706205240761240416e-02
6.135685856764515334e-02
6.108349639301498962e-02
6.372514621665080481e-02
6.373673068980376111e-02
5.946511629347999567e-02
5.554530033841729303e-02
5.233426603178183145e-02
5.997263994067907056e-02
6.069474043324589452e-02
5.598212412248055464e-02
5.916811718295018202e-02
5.934261027723550935e-02
5.980067613224188811e-02
5.557957300916314264e-02
4.926270960519710945e-02
6.229747751106818471e-02
6.112071890383959094e-02
5.975078335031867166e-02
6.289933727433284771e-02
6.116340827817718512e-02
6.233412272607286725e-02
4.679214833304286281e-02
6.050143372267484387e-02
6.133841831857959198e-02
5.794497399280468947e-02
5.781204697365562029e-02
6.265682096903522902e-02
5.720975790172815045e-02
6.036496423184871396e-02
6.119224174569050378e-02
6.078280368819832802e-02
5.079152453690767566e-02
5.711897195627291951e-02
4.685998062292735106e-02
6.129044427846868509e-02
5.755261614297826900e-02
6.117830686271190366e-02
5.769403744488954544e-02
5.811775236700971597e-02
5.738720521330833296e-02
5.584837269658844000e-02
5.745583881313601898e-02
6.154378469412525449e-02
5.520990487808982716e-02
5.950623710329334265e-02
6.215966446325182915e-02
5.983755939329663681e-02
5.857744033758838925e-02
5.793265507866939001e-02
5.981342860807974809e-02
5.598267704869309969e-02
6.142334478596846170e-02
5.357042243704199930e-02
5.838738431533177509e-02
5.494366070876519070e-02
5.682236499463518692e-02
6.192368840177853856e-02
6.059266350542505397e-02
5.753163543219367432e-02
6.089648051808278090e-02
5.908604739233851155e-02
5.347865121439099312e-02
5.576789422581593381e-02
5.758407075578967499e-02
6.117749089996019768e-02
5.646340185776353021e-02
5.630045815681417737e-02
5.978530406331022257e-02
5.773872127756476264e-02
5.546058149387438768e-02
5.977603100861112601e-02
5.924994098022580424e-02
5.748904418821135925e-02
5.474213190997640616e-02
5.719397549207012182e-02
5.458545225361983305e-02
6.067688800394534926e-02
5.996021097525953969e-02
5.660769796619812694e-02
5.528805985425909453e-02
4.847869991014400887e-02
5.507955759142835889e-02
6.017940966412425180e-02
5.094706906626621928e-02
5.981203488384683603e-02
5.970394493391116553e-02
5.704163309807578491e-02
4.661086450020471977e-02
6.102722352370619496e-02
4.948523457472522868e-02
5.557946320623159686e-02
5.629693760226170407e-02
6.150796329602599422e-02
5.905187257255117145e-02
5.901032804201046533e-02
5.761998618642489439e-02
5.620926537861426625e-02
5.785668073222040991e-02
5.679645513494809700e-02
5.793342286099990163e-02
5.773641246681412292e-02
5.453988462686538974e-02
5.681240040188034052e-02
5.650344335784514976e-02
6.005651938418547081e-02
5.490761213004589220e-02
5.603392931322256909e-02
5.786302148674925261e-02
5.605245853463809019e-02
5.922704612215359821e-02
5.911202185476819443e-02
5.662488710756103522e-02
5.809694314375520030e-02
5.203358763828873357e-02
6.105597363784909248e-02
5.656931949779391011e-02
5.353762808566291803e-02
5.612510318557421135e-02
5.659998919193943295e-02
5.544286413739125258e-02
5.852789841592311720e-02
5.918029037614663118e-02
5.719536763305465427e-02
5.595036555702487951e-02
5.292843688900272098e-02
5.719056380912661275e-02
5.993540308748682155e-02
5.607473173489173346e-02
5.317004847650726868e-02
5.873574384798606329e-02
5.328619576369722499e-02
5.934447282925248146e-02
5.805745252097646580e-02
5.615497520193457603e-02
5.151319432382782393e-02
5.666293042401472635e-02
5.590811508397261487e-02
4.623731700703501840e-02
5.841160087535778728e-02
5.738122876112659865e-02
5.843606519823273115e-02
5.570617907991012169e-02
5.154651639362176074e-02
6.063432575513919010e-02
4.621539091070493016e-02
6.022867566595475203e-02
5.902154883369803429e-02
5.586287335803111209e-02
5.714421045656005449e-02
5.428410433232784549e-02
5.499881828824679242e-02
5.346901435405015945e-02
5.884525089835127010e-02
5.624898610015709871e-02
5.519485392918189320e-02
4.695878773927688460e-02
5.718432348221540173e-02
5.146478110303481096e-02
5.687113087624311170e-02
5.546255915736158365e-02
5.869663987929622101e-02
5.102506401017307958e-02
4.877904752890269147e-02
5.300843700145681930e-02
5.142986777548988475e-02
5.844221527998646332e-02
5.597050820166866308e-02
5.500541068613529205e-02
5.744013047466675626e-02
5.072075634573896402e-02
5.623717938239376074e-02
5.604036937778194422e-02
5.690028599152962413e-02
5.460061592360337251e-02
5.729666839664181166e-02
5.237746744727094644e-02
5.767066506668925424e-02
5.549511356900135861e-02
5.291854214544097768e-02
5.183031260967254500e-02
5.678131012246012688e-02
5.543965725228190700e-02
5.237062405794858794e-02
5.545021571839849062e-02
5.697174156084656993e-02
5.495271394029259404e-02
5.273298139994343076e-02
5.790300859759251600e-02
5.256458505367238992e-02
5.977308020616570877e-02
5.687736015145977014e-02
5.057633311177293228e-02
5.475320396944880624e-02
4.828894973422090398e-02
5.818703003848592348e-02
5.742238980407516485e-02
4.893523864448070387e-02
5.301802974815170155e-02
5.506450763593117442e-02
5.092597945282856947e-02
5.884751044213772098e-02
4.587714755907654901e-02
5.597251517077286853e-02
5.709402039647102495e-02
5.535630953187743730e-02
5.576492277905344824e-02
5.069638031224409785e-02
5.676394160836935321e-02
5.525612514466047426e-02
5.713228344296415739e-02
4.025940547386805402e-02
5.745615698397159299e-02
5.678677788625161038e-02
5.577613969023029195e-02
5.505108637735247473e-02
5.586015904943148619e-02
5.072175658618410105e-02
5.368361671765645160e-02
5.722469097624222761e-02
5.171656381959716803e-02
5.850909597550828928e-02
5.423461773122350421e-02
5.590614462271333018e-02
5.293374458948771344e-02
5.930746604378024645e-02
5.511765768751501759e-02
5.210721228892604279e-02
5.178351517145832195e-02
5.356996605793635374e-02
5.429578600451349935e-02
5.010661457975705557e-02
5.711000657950838361e-02
5.501749441027641019e-02
5.125161418691277782e-02
4.675383260473608971e-02
5.291294114043314928e-02
5.654287353778878616e-02
5.222027481844027791e-02
4.809473936135569977e-02
5.440832814201712608e-02
5.447687109311421388e-02
5.222375517090161595e-02
5.539553801839550151e-02
5.419616720949609751e-02
5.053540629645188881e-02
5.445549208670854430e-02
4.863831497107942714e-02
5.856157398472229547e-02
5.095514478161931177e-02
5.567757456252972470e-02
5.172992469742894450e-02
5.616474297518531805e-02
5.475551383569836339e-02
5.506947971880436082e-02
4.989915244902173863e-02
5.593781750649214068e-02
5.734237805008888383e-02
4.852368747815490047e-02
5.617200722917914391e-02
4.330845869456727976e-02
5.158180203288793841e-02
5.657213910793264938e-02
5.451969004546602243e-02
5.217057665189107213e-02
5.175107574711243497e-02
5.484580956399440904e-02
5.063461273287733072e-02
5.390554536134004732e-02
5.016322371860345436e-02
5.197095945477485379e-02
5.385760168234507428e-02
5.471284985542297641e-02
5.688588330522179742e-02
5.351569823299844736e-02
5.412377091124653816e-02
5.392890088260173659e-02
5.037475926801562170e-02
5.466609274347623143e-02
5.407401106009880609e-02
5.394203600784142766e-02
5.633298360432188040e-02
5.117374186714489931e-02
5.174382648741205487e-02
5.433402753745516373e-02
5.189388372624913898e-02
4.928981149569153924e-02
5.506277245779832297e-02
5.497365407645702501e-02
4.831472647686799182e-02
3.884247665603955679e-02
5.690435878932476044e-02
5.291412537917494774e-02
5.151685494929551801e-02
5.513885834564765526e-02
5.634396017218629843e-02
4.661932146797577448e-02
5.131461477528016096e-02
5.413535001377264844e-02
4.815755172943075174e-02
5.575330064942439490e-02
5.415886755411823683e-02
5.245051545401414189e-02
5.496848439797759334e-02
5.372935701161622724e-02
5.166230841229359216e-02
5.415626103058457375e-02
5.041715685899059163e-02
5.348610769336422516e-02
5.711932651077707840e-02
5.401739661271373616e-02
5.336645807450016155e-02
5.344454823061824122e-02
5.187442541743318009e-02
5.557393062238891873e-02
5.345240657528241290e-02
5.001568468287587166e-02
4.092777923991283012e-02
4.894520550345381193e-02
5.421409523114562035e-02
5.447103539481758933e-02
5.098363285263379091e-02
4.920924687758088112e-02
5.403465110187729431e-02
5.013349056243896623e-02
5.395212161044279919e-02
5.236772006998459406e-02
5.339094654967387749e-02
5.343549754470586916e-02
5.244741368417938504e-02
5.436262829850117134e-02
4.918403017024199075e-02
4.989606924355029921e-02
4.792126473039388934e-02
5.443142497291167392e-02
5.164636556680003709e-02
5.294971931725740710e-02
5.454064582784970416e-02
4.610755754013855928e-02
4.876091213275988989e-02
4.776183357462286672e-02
5.579321489979823662e-02
4.505840105315049582e-02
5.629698708653450151e-02
5.469984269390503612e-02
4.990719115982453213e-02
5.468146984154979157e-02
4.220222185055414604e-02
5.324197694038351053e-02
4.984458771844704761e-02
5.418588295578956326e-02
5.288064129029711180e-02
4.917201980327566557e-02
5.326099100833137784e-02
5.523265488445758958e-02
5.247112959623336653e-02
4.711566045880317966e-02
3.795501599088311334e-02
5.485969347258409096e-02
5.174426473677158633e-02
5.438394878680507388e-02
5.519342180341482024e-02
5.063408979525168413e-02
4.837824692949652811e-02
5.191905898973345895e-02
4.776333818833033290e-02
5.428854553028941016e-02
4.987056090806921138e-02
5.334973248342673308e-02
4.985878411680459699e-02
5.198652675996224409e-02
5.325623114282886095e-02
5.267952059706051959e-02
5.163066076735655513e-02
5.026063260932763649e-02
4.772006437803308354e-02
5.177011104921500073e-02
4.737377514441808157e-02
5.477451759700973505e-02
5.364016611129045209e-02
5.071160985777775632e-02
4.842665148898959299e-02
5.221865695590774403e-02
4.994813110679387907e-02
4.735921351239084920e-02
5.269774192323287143e-02
5.259694683675964627e-02
5.098967567707101550e-02
5.397887068490187651e-02
5.090667077650626315e-02
5.285675702616572658e-02
4.946260508149862012e-02
5.124250659719109535e-02
5.298148409153024402e-02
5.284285141776005196e-02
5.362697116409739090e-02
5.073032823080817627e-02
5.021456961209575659e-02
5.196211508785684996e-02
5.240522883832454681e-02
5.264460220932960788e-02
4.455240964889526506e-02
5.337028208499153270e-02
5.008764406666159352e-02
5.248192710181077275e-02
4.928620522841811041e-02
5.194241603215535297e-02
4.811549047008156776e-02
4.723469978198409358e-02
5.337033377339442386e-02
4.771952449033657617e-02
4.815703220665455003e-02
4.887983451286951470e-02
5.043745413422584534e-02
5.232736247902115140e-02
5.116896145045757294e-02
4.973255572840571542e-02
5.575719804813464298e-02
5.379571126153071675e-02
5.050666673729817258e-02
5.118556860834359845e-02
4.241714806606371874e-02
5.409292184437314993e-02
4.566376948108275685e-02
