8.638758303721746357e-01
3.422609955817461080e-01
3.424727739766240120e-01
1.855402173722783821e-01
1.665617662419875411e-01
1.460203265771269909e-01
1.615233737851182738e-01
1.180403594548503493e-01
9.733920221527417316e-02
9.760982073222597422e-02
7.860492347429196003e-02
8.257611446703473634e-02
9.153481612602869244e-02
7.882733636846145364e-02
8.314037694285313085e-02
8.320668539032340105e-02
7.384048438320557628e-02
8.746073506772518436e-02
7.459685149292151485e-02
7.189417383943995377e-02
7.500230811536312547e-02
6.796552242711186020e-02
7.342513515924413425e-02
7.766374267016848409e-02
7.046631264810761242e-02
8.472055599714319041e-02
7.115988020474711684e-02
6.837309128915269874e-02
7.016654770821333098e-02
6.867128405719995221e-02
6.831310869505008432e-02
7.580765555923184296e-02
6.859154619897404881e-02
6.835181297113497589e-02
7.196004373331864323e-02
7.167874500155449469e-02
6.651320348804196092e-02
6.629069761683543949e-02
7.006123295674721030e-02
7.242308314889669973e-02
8.027761653065682013e-02
7.316892559329668533e-02
6.810917606577276961e-02
6.715885152419408255e-02
6.805058037241300262e-02
7.165566146994629959e-02
6.780933901667594854e-02
6.718031210824847166e-02
6.611744933451214890e-02
6.841080946226914261e-02
6.756571577241023141e-02
7.339638519411285922e-02
7.078451820959646978e-02
7.604006682833035213e-02
7.152274306863545816e-02
6.952819876372813568e-02
6.606272966911395927e-02
6.686745830501118759e-02
7.574338112026453296e-02
6.623137048756082279e-02
8.529660003259778578e-02
7.513407330960035491e-02
7.382590151081482033e-02
7.381116657207409393e-02
7.003769858429829964e-02
7.540739797055721894e-02
6.593680258840323161e-02
6.835147917891541691e-02
8.506182355185350208e-02
6.773815327013532617e-02
6.871552603319287800e-02
6.733193290419876853e-02
7.310417239864666628e-02
7.209397068247198892e-02
7.008193751176197694e-02
6.681319079672297379e-02
6.935925296818216956e-02
6.562146569291750497e-02
6.355931499972938825e-02
6.590755093842744217e-02
6.776471211264531447e-02
7.266451942423979293e-02
6.644199761251608216e-02
8.320678514428436756e-02
7.219605432823300584e-02
6.224306721240282364e-02
7.022296477730075037e-02
7.188252866889040249e-02
6.362032158300280626e-02
6.635114631305137622e-02
7.105350904787580135e-02
8.676307244226336146e-02
6.720613065796593455e-02
7.449926514178514814e-02
7.017247271413604159e-02
6.835258154198527170e-02
6.640806098158161253e-02
6.458677044759193742e-02
7.661284385869900071e-02
7.172828707223137534e-02
6.478801433617870087e-02
6.989866306384404093e-02
6.880169183015823198e-02
6.610129004965226152e-02
6.848535969232519283e-02
6.599407281726599184e-02
6.547850891947745722e-02
6.341079053158561740e-02
7.275266512297093313e-02
7.423239357769489954e-02
7.711879089785118879e-02
7.040343213515977416e-02
7.174410008514921222e-02
6.533246299872795537e-02
7.396943068752685757e-02
6.732245651384194396e-02
7.385953616350889039e-02
7.312687301387389704e-02
7.442217644924918607e-02
6.522163425882657184e-02
7.203062716561059453e-02
6.671053043877085698e-02
6.816376729557911684e-02
7.287696215634544006e-02
7.229397397488356025e-02
7.230858110512296266e-02
6.185114464412132945e-02
6.511316812286774280e-02
6.450144179786244936e-02
6.928933586925267729e-02
7.462030827378232645e-02
8.278165304102003130e-02
8.345803777376810395e-02
6.382952087248365547e-02
6.181428364788492391e-02
6.601272725189726021e-02
6.616098923298219248e-02
6.370719817156593467e-02
6.675895204767584579e-02
6.276977245385448323e-02
8.163785163623590857e-02
6.509040804579853401e-02
7.570534780931970076e-02
7.696013992652296631e-02
6.544503725444276998e-02
6.976494442671538065e-02
6.682978256916007054e-02
6.545807668939232493e-02
6.681240127111474914e-02
6.624128043341140359e-02
6.945543116579452891e-02
6.586830098181963022e-02
6.861305463438233110e-02
6.370429549987118023e-02
6.190398786837855716e-02
7.042436586072046978e-02
6.986722828199466717e-02
7.870042508778472834e-02
7.016241596390804247e-02
6.183705437307556591e-02
6.700444886460900362e-02
7.176804326474667262e-02
6.325103543698787356e-02
6.910707240924239547e-02
7.833513559773563895e-02
6.841092834870020345e-02
7.820620676502584856e-02
6.646962751944859860e-02
7.502487676839034170e-02
6.364425269265969187e-02
7.052480400850374975e-02
7.099844243377446962e-02
6.621882567182182933e-02
6.872696910674373771e-02
6.042154975235462105e-02
6.966662380223473394e-02
6.237959626441200861e-02
6.572992291922370722e-02
7.487016598383586241e-02
7.252969255670904669e-02
6.805975669374068893e-02
6.842256732285022236e-02
6.325390686281025243e-02
6.936557862907648253e-02
7.484936540946364458e-02
6.048901501111686452e-02
6.459717581669489894e-02
6.827460806816816608e-02
6.376720978567997078e-02
6.680020134896040573e-02
7.054034381794432873e-02
6.862788149466117482e-02
6.901287452007333345e-02
7.658405818666021159e-02
6.451291738698880507e-02
6.492071421196063397e-02
6.904636574598650711e-02
6.319320675606529547e-02
6.786228608340025281e-02
6.356627121567726135e-02
6.874164363369344999e-02
6.450689284130931012e-02
6.499641711513201581e-02
6.310339805980523520e-02
6.647784871980548516e-02
7.092926681041716863e-02
6.181995578110217882e-02
6.920219030852119146e-02
6.276518917332092606e-02
6.117733431980013764e-02
5.983735223611195975e-02
6.816986932108799746e-02
7.398160558193922487e-02
6.841433139517903717e-02
7.915332749175528482e-02
6.745967710080245927e-02
7.153566600133975939e-02
6.447957420721650568e-02
6.339289950206876412e-02
8.146287203455965242e-02
6.083458808561165859e-02
7.421823437015215297e-02
7.391596024235089213e-02
5.974924804642796350e-02
6.697297593268256022e-02
6.447694220269720167e-02
6.975263391310969341e-02
7.294886941090225618e-02
8.188556119799614286e-02
6.576638687402010242e-02
6.923950354568660093e-02
8.171073638523618232e-02
8.616478964686394293e-02
7.336286015187699905e-02
7.807998445505896778e-02
6.594012130983173403e-02
6.758401447907090576e-02
6.297632183879614542e-02
7.980298187583684255e-02
9.497284031473100796e-02
8.164886295795441284e-02
7.387533820544679719e-02
7.346919512997071577e-02
6.967130670944850224e-02
6.081368781005342533e-02
6.133282110715905511e-02
7.970998087277014754e-02
6.742749865477283555e-02
6.363644782453775628e-02
6.096735042830308399e-02
7.021521659567951656e-02
7.774215209608276167e-02
7.426562065879503682e-02
6.561235210547844421e-02
6.213446669901410979e-02
6.390830802420775780e-02
7.361345749969283592e-02
6.563495038698116679e-02
6.239263366907835118e-02
7.278435001460215048e-02
7.372617867464820174e-02
6.283586572234829692e-02
6.303337185333172943e-02
6.695265896307925346e-02
6.685013908892870060e-02
7.468454981843630769e-02
6.304572037110725558e-02
6.148091264689962282e-02
7.185142049876351578e-02
6.538307546327511155e-02
6.709586733331282526e-02
6.204116299127539202e-02
6.963366426527500819e-02
7.846117050386965108e-02
6.523829976717630819e-02
6.530930422246455924e-02
6.711158365321656660e-02
6.295768260645369374e-02
7.798859030939638004e-02
7.492895090331633257e-02
6.297566364208857792e-02
6.708093227197726993e-02
6.114475082606077305e-02
6.938633513947327358e-02
6.170786784961819482e-02
6.350243007764219683e-02
6.495257745807370142e-02
1.019364580636223094e-01
6.427903867637117796e-02
6.273125990604361268e-02
6.726501107215882014e-02
6.640314475322763033e-02
5.976494432737430168e-02
6.679463368530075273e-02
6.536057968934376461e-02
6.277502740422884198e-02
6.588241079822182433e-02
6.715755032996337248e-02
6.472227131637434128e-02
6.195946292951703266e-02
6.722643086997170947e-02
6.031975820350150147e-02
6.019615581880013305e-02
6.642133676136532938e-02
8.362793345625202379e-02
6.812250496509174302e-02
7.180793327900270029e-02
6.754888207341233630e-02
6.066538434475660102e-02
6.159749928240974837e-02
8.004883574321866591e-02
8.288280367851257047e-02
7.149375738576053962e-02
6.315359784911075969e-02
7.466343903914093860e-02
7.108195755630732082e-02
6.106175286695360999e-02
6.472452062803010775e-02
7.395296220978100910e-02
6.366021112228432977e-02
6.290927879512310528e-02
6.565874019016822161e-02
7.876558903604745365e-02
7.316516847039263027e-02
6.976501858482758722e-02
7.620162276551127600e-02
6.493403959398467984e-02
6.619039727374911863e-02
6.393708613390723661e-02
6.051096482823292710e-02
6.262149172524611451e-02
7.949516190836826424e-02
7.257777201632659159e-02
6.170671435383458941e-02
8.056725484629471967e-02
6.597657293702165193e-02
9.746490580340226584e-02
6.668088801205157568e-02
6.220890052616596250e-02
6.554968163991968522e-02
6.905603838774064529e-02
7.689680281405647522e-02
6.324180733412504418e-02
6.640285088991125517e-02
6.349053282290696709e-02
6.967646331215898714e-02
6.872160773724317329e-02
6.122834427903096205e-02
6.228710927690069010e-02
6.329622585947314306e-02
6.492886318514744237e-02
6.810533359646797624e-02
7.473022044946750486e-02
8.007421579211949914e-02
6.268859478334586066e-02
6.554564252806206748e-02
6.298754328861833063e-02
6.146533553178111509e-02
6.671746994989613544e-02
6.497277079770961972e-02
6.621552142625053428e-02
7.038759720201293035e-02
7.059704930521547295e-02
6.221772025028864811e-02
5.932213537395000791e-02
7.507647564013798791e-02
8.748454661418994527e-02
7.409254197031259204e-02
6.495681996767720123e-02
6.869290019695957483e-02
6.451798226684331283e-02
6.295479738463957697e-02
6.984531783498823532e-02
6.873314223562677905e-02
5.935452782859405169e-02
6.557159693911671083e-02
6.288599657515685226e-02
6.297375346844394373e-02
6.007185434301694216e-02
5.859648903210958049e-02
6.439683250462015229e-02
5.911902965356906348e-02
7.356333247075477755e-02
7.974138975143432728e-02
6.233166206628084488e-02
6.147550911332170381e-02
6.393859153613448698e-02
6.836835883557795812e-02
6.366933793450395285e-02
6.361530734226107653e-02
6.204467024654149870e-02
6.168948184077938102e-02
7.137559151276945402e-02
9.451595294599732244e-02
7.114029526710510809e-02
7.067580232707162957e-02
6.321400624389449108e-02
6.521572493948042670e-02
6.693913804367185305e-02
6.710500358293454426e-02
6.655224656065304722e-02
6.234830981741348865e-02
6.142748195057114169e-02
6.702531984075904559e-02
6.005574077367782648e-02
6.162521015231808147e-02
6.312625946477055938e-02
6.145790803867081514e-02
7.218661577751239733e-02
7.605147994433840430e-02
6.831058556834856965e-02
7.163772546996673152e-02
6.102775610983371402e-02
6.253352481871843338e-02
7.128571810200810821e-02
6.371976378373801764e-02
6.571678021301825823e-02
6.018930116047462031e-02
7.404376389148334403e-02
6.603041345874469115e-02
7.091419873138268826e-02
7.767396091793973834e-02
6.107734250525633651e-02
8.342886429900923939e-02
6.800511578097939713e-02
6.498930661628643524e-02
6.152175451318422916e-02
6.235012217735250856e-02
6.854225276038050652e-02
6.694006081670522690e-02
6.023949238161246250e-02
6.603445321942369439e-02
6.854320752744873235e-02
7.404624445363879037e-02
7.796537996890644251e-02
7.420730073004960792e-02
6.283281549190480875e-02
5.902233245472113254e-02
6.609366444870828916e-02
7.352732660248875729e-02
6.268953304737806542e-02
6.766721274082859727e-02
6.911142696316042999e-02
6.401447707787155661e-02
6.484744353840748987e-02
7.507230604067444135e-02
6.209519525989889988e-02
6.276179142296314795e-02
6.797669101506471911e-02
6.405302755845089513e-02
6.324926380378505242e-02
7.558335177910824321e-02
6.295597473780313591e-02
6.008067137561738658e-02
5.970394130175312591e-02
5.919528242200613327e-02
6.659297939389943743e-02
6.798243398157258199e-02
6.371041250725587024e-02
7.148452773069341459e-02
7.206345325956742265e-02
6.270398468400041614e-02
6.005765046924352313e-02
6.065402104208866829e-02
6.004273787140846502e-02
6.501535913596551142e-02
6.384445215885838076e-02
6.627448357020815362e-02
7.187705867613355948e-02
6.523949450502793124e-02
6.096542327975233710e-02
5.924122417345643182e-02
6.486107038644452205e-02
6.075367916375398747e-02
6.115287017698089328e-02
5.883410518368085290e-02
6.117831237614154705e-02
7.472137515433133204e-02
6.122595849136511226e-02
6.353334385280808017e-02
6.207276137545705147e-02
6.438695700839161540e-02
5.948482001821200210e-02
7.021702458771567068e-02
6.939398852487405067e-02
6.240089551235238757e-02
6.565423353885610491e-02
5.917074235777060320e-02
6.961179409796992845e-02
6.818230095629890242e-02
7.434333046898246311e-02
6.465378408009807287e-02
6.792846321749190786e-02
6.300877148906390557e-02
6.480972419182459698e-02
6.116788485397894881e-02
5.891902450472116803e-02
7.525097229207555749e-02
6.909533134351174277e-02
7.189971396389106817e-02
