1.034806785643100691e+00
1.417823108315467762e+00
1.128374137967824931e+00
5.830067508220672101e-01
3.492633601054549453e-01
2.368131147325038821e-01
1.678244113847613406e-01
1.293265483472496313e-01
1.018306849580258161e-01
9.161516707763076028e-02
8.876338303461671353e-02
8.178285573609173076e-02
7.976663241907953894e-02
7.592247170023620761e-02
7.645770899020135070e-02
7.537377374246716222e-02
7.880546278506517233e-02
7.554476045258343153e-02
7.344056659378112029e-02
8.309017791971563816e-02
7.777827355638146367e-02
7.816076122596860021e-02
7.518040025793015779e-02
7.157894726842642386e-02
7.106559429317713117e-02
7.161218810454010597e-02
7.350313821248710688e-02
7.624623907916247556e-02
7.019134104065596902e-02
6.912931768223642970e-02
7.005043100379407250e-02
7.145684564672410977e-02
6.894767736829816862e-02
7.318908657878636648e-02
7.697008464951067552e-02
7.463123527728021678e-02
7.023134174384176864e-02
6.782253305986524206e-02
6.975279668159782565e-02
6.885429314151406133e-02
6.981908526085317535e-02
7.404037261381744839e-02
7.334789499454200112e-02
6.954589422978460500e-02
7.578091119788586683e-02
7.542793533019721830e-02
7.446500929817558012e-02
6.812657601945101837e-02
7.176204480230807814e-02
6.820469792559742672e-02
7.425312286615372293e-02
6.839801258593797284e-02
7.100848109088837845e-02
6.791022580489516902e-02
6.707229673676193271e-02
7.053678964264691043e-02
7.345151755958795325e-02
6.890971252135932867e-02
7.459663931373507195e-02
6.982812468148767715e-02
6.702867007069289451e-02
6.772450310736895240e-02
7.303312481380999643e-02
6.874561221897601548e-02
6.720667159371078447e-02
7.578659120295196117e-02
6.799680066481232632e-02
7.326857212278992115e-02
7.067447008565068411e-02
6.964609124697744569e-02
7.146588823013007297e-02
6.792239451035857190e-02
6.766063054837286039e-02
7.679091993626206702e-02
7.126797007583081378e-02
7.147840127535164123e-02
6.836911514960229697e-02
7.089322859235107355e-02
6.961380236595869631e-02
6.758882567845285461e-02
6.612689643539487738e-02
6.796611073426901684e-02
6.711486816778779174e-02
7.732393816486000937e-02
6.945898599550127950e-02
6.585988240875303990e-02
6.545043662469833545e-02
6.907845733873546612e-02
6.637227695994078747e-02
6.537461743876338272e-02
6.903480201214551304e-02
6.906387079320848443e-02
6.734170292131602675e-02
6.493039819598198092e-02
7.000398606900125331e-02
6.948247743397950593e-02
8.847208946011959896e-02
7.191752533614635678e-02
6.741358323208987424e-02
6.788755012303590575e-02
