1.967074419930577300e-01
9.241849578917026020e-02
8.676652409136295652e-02
8.252307113260030913e-02
7.432095963507891201e-02
8.051089771091937686e-02
7.904875628650188946e-02
7.639491893351077478e-02
7.502610016614198740e-02
7.572218306362628326e-02
7.598837550729513335e-02
7.303858034312725456e-02
7.122377652674913295e-02
7.520232297480106132e-02
7.382350098341702860e-02
7.350780148059130048e-02
7.083054639399051500e-02
6.996887717396020612e-02
7.380802385509013797e-02
6.654975229874253440e-02
7.412731312215328772e-02
6.750737626105546285e-02
6.763021569699048663e-02
7.001039002090692076e-02
6.976992771029472129e-02
7.023313410580157845e-02
6.998934321105480805e-02
7.053558580577373727e-02
7.063136599957943462e-02
6.805798016488552593e-02
6.941635236144065579e-02
7.014560442417859532e-02
6.994365759193897636e-02
7.034344848245382975e-02
6.346481902524829521e-02
6.680646371096372882e-02
6.898918170481919965e-02
6.821386218070983609e-02
6.840458851307630594e-02
6.874196808785200397e-02
6.602265097200871180e-02
6.709238570183514994e-02
6.645706735551357158e-02
6.802672017365693491e-02
6.275395553559065531e-02
6.901795454323292334e-02
6.590689551085233966e-02
6.960897479206323846e-02
6.748739808797836470e-02
6.769715864211320322e-02
6.529418114572763110e-02
6.951960187405348268e-02
6.751524701714516075e-02
6.731931284070015453e-02
6.818911485373974068e-02
6.636788133531808243e-02
6.324380371719598437e-02
6.684438660740851801e-02
6.082489492371678103e-02
6.601909421384334620e-02
6.753000561147928793e-02
6.623986002057791200e-02
6.474704001098871564e-02
6.789527572691440860e-02
6.607334610074758197e-02
6.565999507904052290e-02
6.551388932392000763e-02
6.293339934200048447e-02
6.606347993016242759e-02
6.741420265287161040e-02
6.651941072195768911e-02
6.535802118480205092e-02
6.503866162151097918e-02
6.110872993245720919e-02
6.546940581873059162e-02
6.376116503030061777e-02
6.678000774234532644e-02
6.184388685971498739e-02
6.720464032143354249e-02
6.576158829033375286e-02
6.522352166473865953e-02
6.507966881617903432e-02
6.682100471109152229e-02
6.203534686937928200e-02
6.270256822928786666e-02
6.613139491528272074e-02
6.467960324138402606e-02
6.362295407801867031e-02
6.690800353884697460e-02
6.398678315803409122e-02
6.271244684234261735e-02
6.449297966435552087e-02
6.588080480694770424e-02
6.509429467841983119e-02
6.253323955461383143e-02
6.552081944420934390e-02
6.226813353598117939e-02
6.756455797702073940e-02
6.656165212392807506e-02
6.271370004862547587e-02
