7.099294808693229486e-02
6.345459619536995832e-02
6.053673286456615066e-02
5.870985381770878891e-02
5.875974450726061810e-02
5.749576224479824305e-02
5.589314098004252024e-02
5.581481359433382999e-02
5.585240586195141382e-02
5.530785333830863515e-02
5.440319797489791970e-02
5.356455546803772644e-02
5.340810567606240483e-02
5.373645956162362985e-02
5.258323082234710177e-02
5.341604931745678325e-02
5.220378478523343690e-02
5.278217063285410571e-02
5.226361417211591864e-02
5.215288353152573025e-02
5.128240224439650774e-02
5.175518573727458382e-02
5.116186356637626720e-02
5.129463818389922575e-02
5.104165622498840066e-02
5.097529692575335225e-02
5.066991411615163338e-02
5.104144760873168679e-02
5.119582239072770213e-02
5.037420969922095509e-02
5.008590065874159170e-02
5.021777420770377059e-02
5.013216490391642077e-02
5.005496184807270432e-02
4.985486945137381637e-02
4.980387194082140645e-02
4.970548925455659656e-02
5.018906064797192673e-02
5.050617652945220415e-02
5.142162194475531634e-02
4.954813333693891542e-02
4.927302771247923235e-02
4.934348614420741574e-02
4.975817929953336993e-02
4.900045793503522706e-02
4.881351159885525398e-02
4.929879629518836570e-02
4.895767041482031179e-02
4.949567585717886548e-02
4.924179881345480680e-02
4.874423947185278078e-02
4.945740236667916373e-02
4.866341813467443128e-02
4.872329166159033997e-02
4.852190924808383321e-02
4.832152890041470361e-02
4.843722640536725355e-02
4.812382687348872728e-02
4.897860022727400231e-02
4.854524490423500760e-02
4.890714700799435322e-02
4.817008187063038377e-02
4.822046817280352393e-02
4.884472150355577413e-02
4.844689421821385400e-02
4.841798922047019227e-02
4.813828584738075872e-02
4.826356248697265955e-02
4.805346565786749319e-02
4.799273157957941599e-02
4.819518963806330991e-02
4.779152393341064287e-02
4.806186649715527698e-02
4.776566296350211183e-02
4.779862246476113824e-02
4.827667537145316490e-02
4.780605952721089097e-02
4.772569593507796498e-02
4.749883600976317899e-02
4.812338022980838792e-02
4.738179680425673446e-02
4.772480482701212112e-02
4.775340287480503432e-02
4.757861187215894211e-02
4.780696357134729679e-02
4.791268481174484201e-02
4.785058479290455608e-02
4.758240894880146066e-02
4.786965614650398604e-02
4.763788278680294863e-02
4.789287627208978215e-02
4.770634739194065665e-02
4.721893599256873214e-02
4.735537487547844537e-02
4.726407401263713753e-02
4.728572726715356278e-02
4.748166726902127571e-02
4.726846698671579444e-02
4.776522501837462270e-02
4.739998098928481507e-02
4.745400335872546060e-02
4.720395084936171437e-02
4.732761443592607697e-02
4.741969290189444741e-02
4.726140085607766911e-02
4.723056050948798434e-02
4.694429802708327548e-02
4.723822201136499560e-02
4.714121436467394455e-02
4.768563641468062664e-02
4.708815447520464659e-02
4.729445480275899089e-02
4.714138248935342140e-02
4.688463266938924789e-02
4.717044885037467022e-02
4.761492397636175183e-02
4.689115456305444074e-02
4.705612133722752305e-02
4.705238980939611959e-02
4.728756182594225088e-02
4.715429955162107889e-02
4.705938844475895250e-02
4.715411264915018996e-02
4.697884679771959643e-02
4.675409932620823439e-02
4.688262759242206590e-02
4.736464513000100685e-02
4.733372560003772100e-02
4.665827784920111021e-02
4.733743730001151867e-02
4.668760703876614904e-02
4.702652125619351947e-02
4.700872016139328452e-02
4.721889380365609790e-02
4.679563613142818240e-02
4.671594809275120275e-02
4.728425578214227876e-02
4.733436848036944727e-02
4.648692538030445298e-02
4.655657904222607751e-02
4.644085641950369131e-02
4.663919053273275772e-02
4.641809796914458247e-02
4.699375818949192568e-02
4.669432665221392997e-02
4.659778867848217432e-02
4.663342427462339318e-02
4.675547683378681457e-02
4.679806869942695208e-02
4.664801058592274452e-02
4.658140592742711361e-02
4.672461165115237430e-02
4.677808535052463412e-02
4.661542709916829952e-02
4.641435989644378257e-02
4.733156225411221107e-02
4.650873821694403998e-02
4.665187084581703253e-02
4.661077234195545177e-02
4.658808330073952592e-02
4.632642867974937073e-02
4.622237274888903180e-02
4.702731573255732739e-02
4.658198902849108175e-02
4.637492197798565030e-02
4.640817146981134761e-02
4.680276088416576719e-02
4.638795860111713520e-02
4.643136376515030750e-02
4.648737361654639577e-02
4.642473588697612619e-02
4.650264712516218729e-02
4.645811937749386167e-02
4.629289148375392154e-02
4.639328702352941286e-02
4.668136341031640935e-02
4.635442337021231790e-02
4.671585898846387919e-02
4.628844163147732838e-02
4.629626643145456910e-02
4.644644910702482032e-02
4.599446584470569949e-02
4.654016379965469213e-02
4.643047075718641226e-02
4.618186268256976867e-02
4.627483074087649501e-02
4.665730217937379826e-02
4.640095450915396325e-02
4.654213891830295130e-02
4.630690592341125261e-02
4.613857968710362994e-02
4.641678245970979472e-02
4.653045372571796429e-02
4.674765979638323410e-02
4.649058292154222699e-02
4.645020033698529088e-02
4.618110785493627357e-02
4.600740932393818788e-02
4.627185163088142622e-02
4.603889712598174810e-02
4.654982001055032320e-02
4.625971236033365325e-02
4.624834178015589659e-02
4.617465408984571668e-02
4.666261559817939941e-02
4.596356626600026779e-02
4.599982934538274920e-02
4.615233415272086692e-02
4.616749875713140050e-02
4.609969437122345137e-02
4.600509600713849345e-02
4.614304742310196272e-02
4.630314108217135211e-02
4.632498474791645754e-02
4.613393926760181452e-02
4.606304509565234406e-02
4.585481350542977563e-02
4.624065535608679056e-02
4.608287315582856869e-02
4.617200503591448180e-02
4.611210770439356371e-02
4.624076073290780270e-02
4.609541036654263985e-02
4.598672356922179488e-02
4.584891243139281591e-02
4.611763185821473460e-02
4.640506075229496041e-02
4.617351841181516897e-02
4.614421437727287550e-02
4.633326323470100816e-02
4.612610503798350581e-02
4.628962373360991783e-02
4.598736760206520446e-02
4.612699175952002240e-02
4.577433227794244774e-02
4.621752293780446302e-02
4.601532515371218462e-02
4.592796425800770715e-02
4.594768465030938526e-02
4.602439887821674347e-02
4.601547276368364581e-02
4.614457064308226386e-02
4.622018198948353584e-02
4.609877298818901292e-02
4.594629510538652400e-02
4.592340218834579241e-02
4.593099390389397685e-02
4.567797170951962138e-02
4.581494012847543013e-02
4.589136095717549074e-02
4.622669100761413880e-02
4.604207767173647964e-02
4.607350742677226996e-02
4.604459219845011969e-02
4.612871071323752098e-02
4.580608528805896890e-02
4.576197082176804848e-02
4.659072380745783726e-02
4.620976320002227744e-02
4.598343091551214401e-02
4.580854416824877567e-02
4.593780336901545636e-02
4.608769510639831174e-02
4.622623906936496746e-02
4.606680193450302108e-02
4.575776195619254971e-02
4.579425641335546637e-02
4.567396815167740209e-02
4.584300275426358290e-02
4.575883082346990371e-02
4.598736710846423881e-02
4.587256542174145829e-02
4.582494182977825403e-02
4.565701925195753824e-02
4.599838030058890637e-02
4.545752052450552361e-02
4.611298350617289848e-02
4.580138374352827474e-02
4.591496683889999958e-02
4.590411602053791340e-02
4.586408292874694093e-02
4.562216365709900745e-02
4.584669977892190385e-02
4.595159796765074106e-02
4.578437679447233677e-02
4.593104026513174232e-02
4.576967705739662384e-02
4.548873797524720375e-02
4.567262186203151914e-02
4.569168650778010488e-02
4.606704575940966800e-02
4.578292855992913135e-02
4.553859267849474923e-02
4.586794790579006020e-02
4.616070836782455722e-02
4.576399127952754387e-02
4.584852658677845971e-02
4.599183285608887672e-02
4.588892646599560671e-02
4.568992600310593788e-02
4.578656109282747133e-02
4.563960959203541140e-02
4.578172610606998094e-02
4.596072855172678856e-02
4.553724781610071770e-02
4.562666154233738919e-02
4.589861870743334321e-02
4.565418276935815506e-02
4.563536933623254382e-02
4.575931012397631975e-02
4.557782320305705376e-02
4.552160375285893568e-02
4.555110256420448478e-02
4.577545022126287139e-02
4.564322427380829855e-02
4.591725064441561782e-02
4.556273784022778217e-02
4.605586098507046672e-02
4.555167149286717260e-02
4.588385521434247549e-02
4.597710480680688994e-02
4.564979717135429077e-02
4.579412760678678446e-02
4.554293867899104897e-02
4.574643580941483573e-02
4.549980439711362457e-02
4.578848727513104566e-02
4.558713045902550165e-02
4.552484239451587422e-02
4.548476551426574449e-02
4.556548183318227807e-02
4.595706274267286062e-02
4.598854009062051940e-02
4.550486859166994608e-02
4.547343342797830618e-02
4.579266271786764514e-02
4.526211514370515748e-02
4.552763050422072716e-02
4.566742144059390135e-02
4.570171075640246106e-02
4.547865323955193467e-02
4.562006831867620321e-02
4.569784251507371525e-02
4.568346690386533571e-02
4.572640158934518362e-02
4.555167136713862697e-02
4.552104436326771808e-02
4.555865398608147793e-02
4.531175514915958269e-02
4.537721343571320121e-02
4.553641600534320127e-02
4.525901698507368842e-02
4.577123048249632370e-02
4.557889051735401070e-02
4.555712877539917771e-02
4.551687332801521157e-02
4.580746229970827921e-02
4.576636038720607869e-02
4.558021803852170539e-02
4.561933714430779080e-02
4.572448377264663744e-02
4.525575573090463710e-02
4.546119343023747456e-02
4.556437713326886435e-02
4.530767197953537023e-02
4.558627331629395291e-02
4.527940528234467021e-02
4.552929207216948465e-02
4.537833306472748712e-02
4.543230294249951673e-02
4.551199263427406494e-02
4.553189711412414936e-02
4.554384162416681703e-02
4.528226888272911255e-02
4.557591620832681517e-02
4.546391913434490867e-02
4.562421185895800674e-02
4.551406984915956633e-02
4.544682784937321973e-02
4.560085147386416793e-02
4.527553911320865432e-02
4.546097181737422666e-02
4.539701164932921640e-02
4.526936058187857465e-02
4.542675089556724027e-02
4.568296994315459991e-02
4.550505880499258748e-02
4.565107295522466413e-02
4.557750928681343627e-02
4.545913874870165933e-02
4.530606810469180179e-02
4.545933307381346683e-02
4.565010526450350575e-02
4.540050314506515611e-02
4.555592291988432713e-02
4.543973988154902804e-02
4.560417768545448752e-02
4.519344141008332233e-02
4.552167470566928498e-02
4.545318729011341846e-02
4.518789381720125786e-02
4.519439611583948163e-02
4.519985657185315864e-02
4.531139388447627536e-02
4.542307391529902538e-02
4.511511092074215606e-02
4.568364144535735222e-02
4.531880853464827219e-02
4.520505295600742157e-02
4.530261084670200722e-02
4.541682880371809145e-02
4.560348036698996799e-02
4.533485562307760369e-02
4.528477108338847812e-02
4.522996878717094882e-02
4.552937370259314831e-02
4.542941434308886417e-02
4.538968767970800317e-02
4.545787558890879154e-02
4.560229101451113848e-02
4.548292427556589052e-02
4.519077967619523212e-02
4.536363677820190454e-02
4.530616532312706224e-02
4.543762912275269711e-02
4.552297583781182710e-02
4.545197056839242467e-02
4.541610051644966173e-02
4.543288786197081236e-02
4.524505404522642660e-02
4.538760825991630665e-02
4.503434764221310449e-02
4.535753539530560513e-02
4.524149498203769437e-02
4.523853580700233634e-02
4.514275057241320943e-02
4.548015169333666230e-02
4.575542284874245524e-02
4.515647229505703047e-02
4.531375708058476420e-02
4.545038795098662460e-02
4.522147845709696690e-02
4.538188445847481794e-02
4.539251458132639860e-02
4.519309317925945119e-02
4.519251099089160312e-02
4.525880933739245132e-02
4.531141786836087593e-02
4.526747235795482854e-02
4.532858166377991271e-02
4.523604994639754406e-02
4.509547596797346819e-02
4.538225039606914174e-02
4.492647865554318110e-02
4.550312085309997367e-02
4.553509688237682151e-02
4.519957857206463592e-02
4.526520785409957059e-02
4.530063607962801775e-02
4.531254416797310391e-02
4.553226251620798998e-02
4.511122281430288844e-02
4.525078502018004684e-02
4.528508924180641576e-02
4.518902744399383442e-02
4.528518913080915864e-02
4.519862105138600095e-02
4.536290748510509591e-02
4.514723877189680962e-02
4.542503817239776365e-02
4.534606292610988271e-02
4.535344859817996843e-02
4.529561929404735815e-02
4.522698273416608794e-02
4.508526277495548268e-02
4.518002581316978017e-02
4.513041614787653005e-02
4.510337618412450095e-02
4.514596359804272374e-02
4.509741302346810532e-02
4.548494323156773711e-02
4.505637014750391023e-02
4.502947191940620542e-02
4.520626683952286978e-02
4.522368417587131068e-02
4.486481520347296997e-02
4.511780668981373033e-02
4.512837372953071996e-02
4.509290652582421954e-02
4.516814716160297283e-02
4.497886170167476189e-02
4.525075758574530205e-02
4.514372717589140022e-02
4.512248785002156981e-02
4.526851699454709915e-02
4.503453664714470589e-02
4.498925515450537260e-02
4.499692613724619317e-02
4.520426048664376306e-02
4.528364054858684262e-02
4.501697484403848620e-02
4.499307643854990463e-02
4.519828667864203564e-02
4.518554328707977824e-02
4.509508109651506197e-02
4.498367483727633981e-02
4.508090482326224113e-02
4.526138957124203194e-02
4.481401919387281024e-02
4.540987710468471356e-02
4.535009738989174283e-02
4.530708921840414377e-02
4.495391131844371502e-02
4.487294011982157632e-02
4.502487049205228936e-02
4.527117996942251615e-02
4.494815915124490691e-02
4.517072569578885893e-02
4.497499852674081977e-02
4.513235143618658102e-02
4.514831571839749563e-02
4.510576414875686058e-02
4.497457403223961703e-02
4.492896747775376037e-02
4.511038567172363095e-02
4.510603699833154456e-02
4.526960329618304885e-02
4.514581769239157244e-02
4.502173990709706919e-02
4.505752473603934216e-02
4.508976477431133473e-02
4.497902298578992236e-02
4.513080976903438568e-02
4.494794278638437196e-02
4.499135758262127333e-02
4.494379147188738016e-02
4.511961947428062836e-02
4.502125453669578170e-02
4.524647344136610572e-02
4.460066280094907021e-02
4.501731109106912876e-02
4.529223867692053207e-02
4.478803794132545785e-02
4.517360441852361075e-02
4.534778977977112213e-02
4.514736135024577379e-02
4.521854100981727298e-02
4.514336631400510391e-02
4.502946051768958596e-02
4.510506002698093375e-02
4.514977010199799912e-02
4.496392090339213637e-02
4.538328822934999812e-02
4.486908345948904808e-02
4.495356656378134835e-02
4.487250896636396646e-02
4.502300531603396078e-02
4.491211934713646575e-02
4.508580440888181051e-02
4.509899788303300960e-02
4.503590272273868406e-02
4.456438002875074550e-02
4.499592435313388983e-02
4.512275400804355990e-02
4.504254975356161705e-02
4.526684677693992853e-02
4.496319948462769445e-02
4.499697432853281415e-02
4.487781876465305603e-02
4.510080365231260852e-02
4.504487685859203533e-02
4.478375910082831729e-02
4.526579203782603311e-02
4.497174808522686612e-02
4.463417947292327992e-02
4.508085869252681510e-02
4.519865589682012935e-02
4.494692380540073195e-02
4.528212938923388553e-02
4.487530203303322085e-02
4.521220965078100867e-02
4.494492374593392348e-02
4.511394682340323647e-02
4.466301253531128335e-02
4.523788420483469686e-02
4.492262881947681197e-02
4.485463330987840558e-02
4.472760705510154394e-02
4.498973453184589716e-02
4.497163461754098701e-02
4.518154233694076510e-02
4.501822764053940717e-02
4.497143232729285817e-02
4.507851149421185366e-02
4.537299525458365901e-02
4.506862357724458062e-02
4.477837395621463851e-02
4.491076846839860137e-02
4.533846604172140499e-02
4.496410288149491064e-02
4.504977439530193778e-02
4.529009557096287664e-02
4.504336353391408948e-02
4.473644002573564510e-02
4.518818083452060680e-02
4.522945621749386441e-02
4.490739257773384424e-02
4.509013801114633568e-02
4.504280445165931984e-02
4.492152699502185292e-02
4.477142457617446641e-02
4.502479905961081358e-02
4.502197560854256236e-02
4.527323214337229673e-02
4.485333191929385260e-02
4.510012899525463886e-02
4.500113859772682245e-02
4.506577950669452687e-02
4.500262974994256870e-02
4.511950590880587503e-02
4.489019779488444273e-02
4.503203907050192661e-02
4.485114998649805673e-02
4.514382305787876387e-02
4.479267761344089827e-02
4.471490996889770225e-02
4.479707591235637665e-02
4.479668807005509484e-02
4.476959988940507063e-02
4.501519428333267819e-02
4.493305932963267274e-02
4.492529458831995975e-02
4.462737695313990366e-02
4.489094192860648008e-02
4.480601102579385292e-02
4.505701269255951019e-02
4.487484497018158491e-02
4.486586303682997545e-02
4.499202491017058325e-02
4.492803435539826501e-02
4.504435354145244069e-02
4.485858358442783300e-02
4.481656323187053342e-02
4.480033703614026003e-02
4.495782427256926617e-02
4.478968972340226229e-02
4.465418103383853726e-02
4.476877123583108270e-02
4.493365072878077737e-02
4.474747281754389711e-02
4.522110857302322900e-02
4.495486986823379882e-02
4.464042071718722637e-02
4.466483598109334541e-02
4.476534006185829695e-02
4.523925826186313975e-02
4.485744238365441811e-02
4.490719207795337148e-02
4.481792041799053522e-02
4.515893390402198060e-02
4.529325299430638635e-02
4.499216346303001185e-02
4.462256831349804831e-02
4.482336352346465158e-02
4.511758241569623074e-02
4.485126222716644129e-02
4.474873204017058154e-02
4.476416863501071763e-02
4.468070927541702847e-02
4.489644612418487724e-02
4.487038863589987159e-02
4.493438050849363208e-02
4.485379803460091269e-02
4.474295663414522978e-02
4.465882882475852994e-02
4.490388834383338829e-02
4.500534474849701011e-02
4.484004622790962319e-02
4.491031117737293021e-02
4.462051662616431380e-02
4.507049783831462014e-02
4.494676312664523665e-02
4.474032890284433683e-02
4.504391752183437014e-02
4.490064428653568057e-02
4.494263210566714489e-02
4.517956113209947722e-02
4.484464618377387302e-02
4.498031555907800599e-02
4.473741387948394072e-02
4.469410604098811995e-02
4.518031441839411716e-02
4.483940036967396653e-02
4.482343580806627537e-02
4.489237981848418629e-02
4.482869140105322225e-02
4.474739287048578457e-02
4.498711030231788977e-02
4.463717662729323188e-02
4.499228330561891309e-02
4.488870116649195524e-02
4.482458085520193286e-02
4.458272679708898123e-02
4.488212938653304840e-02
4.508408238412812269e-02
4.475121777039021281e-02
4.493463078513741660e-02
4.470232978463172663e-02
4.465139972977340277e-02
4.464836079161613874e-02
4.458930711029097244e-02
4.473711732309311462e-02
4.472501495154574541e-02
4.496983083663508296e-02
4.448706820840016285e-02
4.474320696201175562e-02
4.462156814755871559e-02
4.484264086233451935e-02
4.474618202541023188e-02
4.467440497130155397e-02
4.464417642680928305e-02
4.483223889255896072e-02
4.501662902534007971e-02
4.474180146818980408e-02
4.461021460127085475e-02
4.487773194210603611e-02
4.467003831872716491e-02
4.498131302883848215e-02
4.466676182812080037e-02
4.473031081259250946e-02
4.467834865674376321e-02
4.473687149351462944e-02
4.447793609229847706e-02
4.467006514314562221e-02
4.481544285546987944e-02
4.476053924765437814e-02
4.478589101228862973e-02
4.475680438801646344e-02
4.468923999462276475e-02
4.471413375576958199e-02
4.467797362245619353e-02
4.487638749182223941e-02
4.488492683274671741e-02
4.475559637881815211e-02
4.489379328209906761e-02
4.467819956596940506e-02
4.460940443444996739e-02
4.464358439436182102e-02
4.471907589817419870e-02
4.460289108566940081e-02
4.465697099454701141e-02
4.471560974372550817e-02
4.484794538700952876e-02
4.484000211814418574e-02
4.470381124410778562e-02
4.476464462466538119e-02
4.475774635095149112e-02
4.481831182027235655e-02
4.424231376033276042e-02
4.443116758717224196e-02
4.459520512726158209e-02
4.470304568298161252e-02
4.477744848234579272e-02
4.477571556344628334e-02
4.470031866570934459e-02
4.462073836242780311e-02
4.449434892274439085e-02
4.470617869403212957e-02
4.494672186905518396e-02
4.488816811703145310e-02
4.503835985437035228e-02
4.477386137703433938e-02
4.480064974399283750e-02
4.470986234024167116e-02
4.476361951557919494e-02
4.455878491979092110e-02
4.444871314102783605e-02
4.448322999523952881e-02
4.456883523147553428e-02
4.475184853421523834e-02
4.493534605950116889e-02
4.437519130297005315e-02
4.467792093986645147e-02
4.479550982359796485e-02
4.467658862704411427e-02
4.471579076489433369e-02
4.455480513162910633e-02
4.474455232266336818e-02
4.468078718287870482e-02
4.466975111048668290e-02
4.466209165984764973e-02
4.436584361828863760e-02
4.470624419162049640e-02
4.472307423828169454e-02
4.481240955647081137e-02
4.469134805025532647e-02
4.459315418731421565e-02
4.454878187971189618e-02
4.487018405459821530e-02
4.505181425018236346e-02
4.462504287250339957e-02
4.452379886526614677e-02
4.465292160166427216e-02
4.485268850345164315e-02
4.472243726020679044e-02
4.490371363935992399e-02
4.486338833579793517e-02
4.450761668849736313e-02
4.448445334797725137e-02
4.454770575975999097e-02
4.486347384750843242e-02
4.498423652723431559e-02
4.491132449824362938e-02
4.443304526619613198e-02
4.426659560995176157e-02
4.442915311548858992e-02
4.455514304572716355e-02
4.489249060628935917e-02
4.449655629694462128e-02
4.420278613222763248e-02
4.462753106141462839e-02
4.461449300870299478e-02
4.502119105774909230e-02
4.454426446929574124e-02
4.469996400177479040e-02
4.443683076184243297e-02
4.444833561079576667e-02
4.476816230220720394e-02
4.473923798184841621e-02
4.467446267604827798e-02
4.485109222121536759e-02
4.462308017769828217e-02
4.456564779160544082e-02
4.485293805599212952e-02
4.447666506050154678e-02
4.474849032470956667e-02
4.464954742696135986e-02
4.468935205601155813e-02
4.422441414324566888e-02
4.493087873561307788e-02
4.473261921200901575e-02
4.443564699031412463e-02
4.464468855643644735e-02
4.442784805549308824e-02
4.458299168385565503e-02
4.449823481263592839e-02
4.442411969415843709e-02
4.472807716811075945e-02
4.470229469938203498e-02
4.476010350743308414e-02
4.470843465998768779e-02
4.457371612545103085e-02
4.447437827941030236e-02
4.455968653783202310e-02
4.439172218088060368e-02
4.435143362497910580e-02
4.495015066349879185e-02
4.462421334814280216e-02
4.450832340866327230e-02
4.461230782559141850e-02
4.468963377177715551e-02
4.452895302325487331e-02
4.457529311301186570e-02
4.486075381282716990e-02
4.473203725647181134e-02
4.482427373062819465e-02
4.451321518979966391e-02
4.444158274447545381e-02
4.432259927969425806e-02
4.451162723358720319e-02
4.457818502793088611e-02
4.450955247506499513e-02
4.457502012373879691e-02
4.451675960328430048e-02
4.426186576485633545e-02
4.469270533416420249e-02
4.457853666273876858e-02
4.462189193814992960e-02
4.453426135703921623e-02
4.475712914951145843e-02
4.477856355719268128e-02
4.467379506910219844e-02
4.482171217910945610e-02
4.479983857832849081e-02
4.456023350590840315e-02
4.457142468541860914e-02
4.468437068164348575e-02
4.455961737083271451e-02
4.467459323816001110e-02
4.436296567320823642e-02
4.449988780077546863e-02
4.446221769088878895e-02
4.454474370228126562e-02
4.474083247827365800e-02
4.459276082227006666e-02
4.463859817711636480e-02
4.453206589445471431e-02
4.443937928648665492e-02
4.437864834908396283e-02
4.449266284471378036e-02
4.456825366243719749e-02
4.443579987855628133e-02
4.457109114155173579e-02
4.472423282684758611e-02
4.458138625137508110e-02
4.478882443159818566e-02
4.436092073796316787e-02
4.468632831471040789e-02
4.481115266680717191e-02
4.432191339787095591e-02
4.467849744483828878e-02
4.479412437183782209e-02
4.421385481022298281e-02
4.458007415290921732e-02
4.443213436519727333e-02
4.454776175087318130e-02
4.431956721236929297e-02
4.468567728763446489e-02
4.456280308775603660e-02
4.439081327058375104e-02
4.452197776408865770e-02
4.436878247652202567e-02
4.449271331308409655e-02
4.442262229509651855e-02
4.470290085999294866e-02
4.446385536110028514e-02
4.450873101130128212e-02
4.469734531128779359e-02
4.453606917057186670e-02
4.467667691176756967e-02
4.456236028578132446e-02
4.459785729879513216e-02
4.438550869701430451e-02
4.427960796980187630e-02
4.454340309603140036e-02
4.440179772907867917e-02
4.445805976865813136e-02
4.452284380095079819e-02
4.438813969725743241e-02
4.432595292339101128e-02
4.462312706280499586e-02
4.443713529966771686e-02
4.458557824604213182e-02
4.457695109769702069e-02
4.456378110684454386e-02
4.462110695196315480e-02
4.425415053963661222e-02
4.454751530895009748e-02
4.461523026693612476e-02
4.429403465474024415e-02
4.472122624749317460e-02
4.474745610728859957e-02
4.474026435054838380e-02
4.437470396282151147e-02
4.446258983807638288e-02
4.459406391717493645e-02
4.442552922293543927e-02
4.443487916141748706e-02
4.452590264379978346e-02
4.436107380082830731e-02
4.442983109038323164e-02
4.482124188682064247e-02
4.457572465064003897e-02
4.439410621766001069e-02
4.431194095406681271e-02
4.438413355499506302e-02
4.437784538138658114e-02
4.449630910297855402e-02
4.430355704622343516e-02
4.421239532530307770e-02
4.454276446020230540e-02
4.444804336875676776e-02
4.473362544784322686e-02
4.432798662921413890e-02
4.448702492751181042e-02
4.455755367409437728e-02
4.436449834611266851e-02
4.442069029435515709e-02
4.432948647299781580e-02
4.462043793871998953e-02
4.456424675649031664e-02
4.464153080480173091e-02
4.450769256101921173e-02
4.436534118605777594e-02
4.431601300835609492e-02
4.420603215461596514e-02
4.430306158494204394e-02
4.448530904250219686e-02
4.435542299412190831e-02
4.469604186248034294e-02
4.434049260104075407e-02
4.442733722971752008e-02
4.421343798516318147e-02
4.456866118591278764e-02
4.433097100118175288e-02
4.419489043764770336e-02
4.419735686853527856e-02
4.465304519515484599e-02
4.429553516209125408e-02
4.454957400215789343e-02
