9.826676985248923579e-02
6.157653476111590862e-02
5.761919661425054379e-02
5.580996484495699683e-02
5.415379034355282534e-02
5.327912232838571266e-02
5.237893343903124443e-02
5.195813342928886497e-02
5.122102773748338223e-02
5.090900104492902811e-02
5.056521777994930911e-02
5.003499147482216164e-02
4.989095502533018311e-02
4.940827745944261634e-02
4.917183426208793923e-02
4.902387320995330727e-02
4.882892845198512355e-02
4.855617303401231488e-02
4.829330701380968316e-02
4.829871512018144020e-02
4.825956008397042779e-02
4.781692521646618843e-02
4.768163345754146409e-02
4.785193823277950065e-02
4.762717816978692675e-02
4.735932750627398768e-02
4.703664405271410637e-02
4.725156823173165543e-02
4.712976331822574250e-02
4.716187828220427120e-02
4.699450162239372786e-02
4.680659492500126306e-02
4.683204409666359702e-02
4.648007775656878837e-02
4.660743220709264584e-02
4.641614667139947609e-02
4.636601202189922361e-02
4.611018638126552355e-02
4.614467882551252786e-02
4.616343088448047333e-02
4.604862499982118745e-02
4.608587793074548494e-02
4.575800111517309976e-02
4.615101493895053947e-02
4.580907584168016772e-02
4.562291000038385530e-02
4.561918796040118074e-02
4.567734875716269322e-02
4.550161354243755646e-02
4.550925339572131634e-02
4.541895753704011662e-02
4.552553411573171532e-02
4.519760923460126173e-02
4.528942054137587853e-02
4.535366050899028445e-02
4.530949145555496216e-02
4.507941439747810419e-02
4.525990328751504366e-02
4.518531206995248656e-02
4.506496551446616955e-02
4.515022754669189425e-02
4.505704035051166789e-02
4.501776413060724902e-02
4.505028359591960879e-02
4.502666685730218749e-02
4.488911449909210177e-02
4.485212046653032358e-02
4.475829202681779612e-02
4.482990241609513538e-02
4.481953887268901038e-02
4.475701230578124634e-02
4.464156229048967667e-02
4.466495986096560844e-02
4.467947918921708755e-02
4.474455939605832128e-02
4.454154908657073642e-02
4.459927404299378340e-02
4.456755907274782824e-02
4.443610200658440479e-02
4.437647490762174074e-02
4.440509203821420975e-02
4.438561323098838551e-02
4.410631373524665638e-02
4.445250231772661376e-02
4.437081524170935487e-02
4.445594826713204079e-02
4.430736200883984843e-02
4.458749064244330040e-02
4.438757502473891087e-02
4.396788326092064547e-02
4.443276397883891976e-02
4.432407416403293804e-02
4.406290482729673108e-02
4.416875434108078619e-02
4.414431060664356088e-02
4.437773161567747787e-02
4.392506989650428462e-02
4.394759391434490542e-02
4.412207555025816214e-02
4.414903160184621700e-02
4.387438557110726750e-02
4.407317126169800481e-02
4.416327407583594405e-02
4.404767342843115413e-02
4.398739011026919082e-02
4.392847619950770999e-02
4.399685628712177166e-02
4.404446002095938062e-02
4.383887173607945581e-02
4.373419750481843948e-02
4.397147553041577672e-02
4.401003482751548318e-02
4.388378995470702815e-02
4.366574323736131108e-02
4.378237038850784496e-02
4.364717582240700694e-02
4.393493642099201985e-02
4.372915641404688525e-02
4.376506048254668463e-02
4.356688518077134892e-02
4.377301981672644671e-02
4.373887603171169869e-02
4.347938924096524799e-02
4.371538026258349474e-02
4.354973727837205266e-02
4.368241465650499200e-02
4.368209133855998488e-02
4.347332735545933469e-02
4.368334685452282540e-02
4.354327789507806551e-02
4.351061323657631763e-02
4.342965781688690186e-02
4.373582923784852250e-02
4.355238657444715500e-02
4.364745652303099466e-02
4.369735204614699081e-02
4.356190735474228803e-02
4.360676344484090694e-02
4.341797172091901164e-02
4.340359423309564368e-02
4.339111540466546874e-02
4.354050711728632561e-02
4.341710767708718832e-02
4.338697223924100482e-02
4.335366065613925624e-02
4.331178500317037217e-02
4.333479454740882253e-02
4.311204587109387226e-02
4.334691703319549366e-02
4.350883133709430861e-02
4.331231149844825407e-02
4.339994685724377771e-02
4.328061956912278990e-02
4.330692472867667814e-02
4.328587892465293741e-02
4.332196815870702211e-02
4.327410214580595244e-02
4.333506152965128227e-02
4.320507261902093582e-02
4.327786300331354363e-02
4.335042039863765129e-02
4.327238508500158565e-02
4.317687463015317667e-02
4.333892741240560897e-02
4.327830197289585928e-02
4.322742634452879373e-02
4.324632386676967311e-02
4.318091975525021470e-02
4.323137185536325006e-02
4.302138298749923900e-02
4.307854582555591810e-02
4.308027882128953601e-02
4.326556812971830285e-02
4.329081363976002017e-02
4.314471128396690086e-02
4.300144340842962376e-02
4.308316058479249450e-02
4.335170032456517331e-02
4.309806630946695638e-02
4.332190874963998822e-02
4.311874204315244846e-02
4.313521106727421367e-02
4.303313289768993799e-02
4.310863940045237680e-02
4.307146194390952532e-02
4.317705513909458892e-02
4.311982186511158915e-02
4.299139881506561928e-02
4.305105946958064783e-02
4.310128848999738443e-02
4.309645265340805026e-02
4.325667021796106987e-02
4.315970811061561191e-02
4.287836822681129201e-02
4.303051901981234245e-02
4.303742859512567354e-02
4.272845476865768516e-02
4.293732375837862325e-02
4.296970135532319351e-02
4.294414744712412441e-02
4.291230892762541715e-02
4.300413664430379618e-02
4.298061705194413523e-02
4.279941323213279358e-02
4.297549116425216503e-02
4.286673786118626317e-02
4.298755992203950882e-02
4.309179672971368003e-02
4.299410076811909648e-02
4.288440829142928234e-02
4.300560382194817260e-02
4.280412376858293982e-02
4.297671548090874899e-02
4.301943164318799973e-02
4.286236461251974328e-02
4.292369495145976349e-02
4.292113266885280720e-02
4.281845712102949619e-02
4.272996370680630374e-02
4.287454641424119639e-02
4.286879865452647431e-02
4.291453041136264468e-02
4.289894465357065034e-02
4.285341077484190742e-02
4.273287426680326406e-02
4.293396867811680173e-02
4.278368166647851523e-02
4.256691727787256102e-02
4.286874498240649672e-02
4.282231177203357081e-02
4.258312949910759981e-02
4.266423716209828687e-02
4.283916868269443262e-02
4.250681648962199854e-02
4.270256372168659831e-02
4.287309398874640520e-02
4.272100713104009378e-02
4.271459849551319937e-02
4.272426798008382293e-02
4.284462816081940906e-02
4.295505773276090539e-02
4.266587794758379404e-02
4.268722828477621023e-02
4.277883232571184913e-02
4.281958198174834473e-02
4.264208945445716048e-02
4.271317139267921670e-02
4.264277525246143452e-02
4.269694974645972529e-02
4.257884298451244942e-02
4.265928453765809730e-02
4.270758733153343090e-02
4.284519216977059758e-02
4.271442282013595410e-02
4.258795710280537800e-02
4.277705079875886163e-02
4.279423669911921330e-02
4.269339520484208977e-02
4.249063170515000876e-02
4.252809712663292718e-02
4.270716606639325674e-02
4.269248099066316748e-02
4.260793199762701738e-02
4.268361395224928856e-02
4.249913970939814961e-02
4.256798285990953667e-02
4.270952749997377479e-02
4.259024496190250142e-02
4.275024016387760778e-02
4.278508500196039760e-02
4.258410228416323329e-02
4.269138107076287519e-02
4.261415353044867294e-02
4.269969427958130587e-02
4.266674065031111213e-02
4.258735939860344016e-02
4.249959747307002766e-02
4.260394657962024434e-02
4.245896814391016821e-02
4.245799353346228766e-02
4.254452385939657549e-02
4.257398462854325438e-02
4.253612527623772815e-02
4.255385541357099843e-02
4.251462747342884402e-02
4.261300122365355159e-02
4.264791697263717318e-02
4.263726354576647531e-02
4.259246499277651032e-02
4.263928311876952898e-02
4.252966931089759151e-02
4.258293892256915375e-02
4.256792313419282409e-02
4.246300339698791393e-02
4.246109605766832523e-02
4.264331997372210192e-02
4.255106464959681339e-02
4.237623991444706972e-02
4.242489362135529185e-02
4.234723568893969392e-02
4.247726875357329956e-02
4.263532524928450446e-02
4.230731201358139265e-02
4.245976123958825760e-02
4.261023008264601397e-02
4.250144033692777185e-02
4.244726958684623408e-02
4.241537295281887221e-02
4.232558212243020535e-02
4.240760298445820503e-02
4.242982195690274405e-02
4.235602964647114388e-02
4.251423557288944860e-02
4.226859533227979998e-02
4.246243643574416915e-02
4.245643694885074815e-02
4.228277962654829192e-02
4.269847480580210575e-02
4.228382804431021075e-02
4.225033394992351587e-02
4.238097788766026497e-02
4.244229844771325866e-02
4.232958746142685691e-02
4.224920368753373734e-02
4.236664853058755287e-02
4.238531795330345575e-02
4.229847430251539031e-02
4.232775403186678914e-02
4.253402520902455075e-02
4.232451844960451182e-02
4.246615152806043625e-02
4.246767283417284683e-02
4.233112093061208725e-02
4.253010268323123566e-02
4.219678456895053359e-02
4.220993526279926550e-02
4.243657221086323539e-02
4.221098049543797748e-02
4.223128616809845165e-02
4.230415083467960191e-02
4.222141511738300435e-02
4.217267535626888220e-02
4.211949856020510280e-02
4.227138104848563588e-02
4.227966730482876634e-02
4.233918136917054487e-02
4.242068932391702962e-02
4.215931534767150546e-02
4.226726355031132365e-02
4.226670778356492186e-02
4.234933254308998613e-02
4.230463077314197684e-02
4.218001385219394966e-02
4.231165306642651475e-02
4.219784070737660209e-02
4.220031924545764729e-02
4.210320284590125112e-02
4.233186841942369882e-02
4.220779637806117840e-02
4.226904459297656930e-02
4.214234879240393722e-02
4.217517854645848330e-02
4.211460627615451480e-02
4.219046836718916976e-02
4.228093530051410531e-02
4.194950222969055093e-02
4.208105289377272323e-02
4.238797430880367895e-02
4.213958486914634594e-02
4.210779095999896832e-02
4.241336718201637462e-02
4.224224546924233714e-02
4.220476169139146527e-02
4.218032135628163593e-02
4.227380603551864763e-02
4.229403732344508282e-02
4.223764104768634037e-02
4.228189080953598245e-02
4.227533217519521824e-02
4.205896259285509670e-02
4.207697242498397577e-02
4.219088552519679319e-02
4.226515981368720448e-02
4.222790332511067168e-02
4.227545640431344676e-02
4.224481479264795974e-02
4.219003516249358876e-02
4.210888001136482012e-02
4.215883468277752122e-02
4.231546612456441037e-02
4.228840360417961824e-02
4.208994291722774339e-02
4.222644145600498028e-02
4.217838181182741869e-02
4.215273227542638834e-02
4.231722596101462897e-02
4.206775303930044424e-02
4.208972623571753668e-02
4.213433551602065869e-02
4.203661688603460567e-02
4.193554123863577759e-02
4.217763986438512885e-02
4.220836369320750403e-02
4.218923061154782744e-02
4.202365222387016014e-02
4.221210234798491306e-02
4.198466505855322217e-02
4.216695379465818655e-02
4.193371041677892291e-02
4.194924893788993386e-02
4.216705265454948059e-02
4.196480974555015508e-02
4.219145480543375071e-02
4.211240819655358986e-02
4.214841737411915978e-02
4.210802865214646057e-02
4.221037515439093196e-02
4.205190539360046525e-02
4.203007028438150716e-02
4.206370610743761368e-02
4.208851527422666217e-02
4.205641604028641928e-02
4.197089350782334805e-02
4.205637387931347032e-02
4.203431461937725405e-02
4.203992053866386497e-02
4.195454795844853063e-02
4.204084125347435502e-02
4.224071451462805410e-02
4.208156831562519240e-02
4.216873335652053523e-02
4.198798219673335885e-02
4.207517681643366952e-02
4.219176601618528089e-02
4.207586502656340821e-02
4.206060322932898832e-02
4.196978800930082493e-02
4.209702680818736692e-02
4.190285274758934891e-02
4.204912998713553063e-02
4.193221285939216503e-02
4.194419410079717331e-02
4.192878907546401107e-02
4.180268772877752947e-02
4.207309161312878382e-02
4.201711516827345144e-02
4.187805104069411422e-02
4.221001401543617026e-02
4.197891443036496500e-02
4.199815097264945202e-02
4.201809921301901535e-02
4.201181973330676833e-02
4.197309567593038304e-02
4.200343231670558564e-02
4.200799461454152867e-02
4.208017053082585557e-02
4.194215918891131684e-02
4.211864121258258875e-02
4.201238495297730108e-02
4.202638621442020272e-02
4.184990386478602831e-02
4.198026848956942780e-02
4.193922403268515731e-02
4.183546331711113231e-02
4.186482980847358593e-02
4.202033089473843769e-02
4.193007209338248109e-02
4.194803729653358293e-02
4.207800941541790796e-02
4.194203434512019241e-02
4.198279501870274405e-02
4.190733983181416794e-02
4.176131991669535665e-02
4.192346659488976196e-02
4.198544926941395056e-02
4.191539919003844233e-02
4.184376309625804230e-02
4.195435279980301579e-02
4.195003212429582878e-02
4.196701721288263742e-02
4.182285537943244286e-02
4.192122849635779996e-02
4.177295925095677459e-02
4.194717005826532896e-02
4.185497859492898209e-02
4.185350365005433698e-02
4.206786669790744948e-02
4.204267449676990509e-02
4.192636644467711421e-02
4.197567349299788364e-02
4.196207974106073296e-02
4.188188626430928985e-02
4.203644203022122161e-02
4.187343373894691217e-02
4.180731076747178782e-02
4.189443522132933057e-02
4.192378317005931998e-02
4.182725075632334061e-02
4.179101640358567210e-02
4.192794109694659987e-02
4.194221489131450681e-02
4.184991072863340072e-02
4.193771368823945300e-02
4.199749098159372834e-02
4.187888611108064874e-02
4.196842975914478330e-02
4.203381557017564496e-02
4.175783827900886314e-02
4.183878483250737246e-02
4.179235820658504935e-02
4.173334541730582686e-02
4.198585174046456925e-02
4.185485086403786803e-02
4.182746954262256400e-02
4.187884407117963004e-02
4.186589254997670484e-02
4.180228527635335839e-02
4.182430418208241130e-02
4.184783403761684756e-02
4.189057494513690610e-02
4.192953322082757645e-02
4.195429451763629802e-02
4.183377200737595225e-02
4.172969408333301877e-02
4.184654132463037912e-02
4.185675444081425611e-02
4.192813771776855020e-02
4.204675035551190543e-02
4.175082298927008939e-02
4.188597998581826409e-02
4.186868498101830455e-02
4.181740292347967819e-02
4.173554057255387389e-02
4.171437717974185722e-02
4.163424216210841883e-02
4.191111611202359005e-02
4.178456595167517884e-02
4.176786017604171980e-02
4.176449386402964620e-02
4.180015739053487972e-02
4.192935950122773925e-02
4.176126986742019487e-02
4.178766281343996442e-02
4.182169131934642542e-02
4.179699255153537102e-02
4.169580907560885286e-02
4.179167911410331532e-02
4.177120114676654422e-02
4.193311237730085878e-02
4.174014187417924432e-02
4.181451894342899656e-02
4.197975712828338340e-02
4.169318236410617801e-02
4.165631720796227760e-02
4.176427044905722114e-02
4.187584846280514861e-02
4.170310790650546412e-02
4.180452413856983185e-02
4.185419262386858713e-02
4.189474381506443079e-02
4.175604538992047643e-02
4.182943778112530736e-02
4.168534921482205252e-02
4.177950883284211464e-02
4.186751906760036862e-02
4.174392779357731509e-02
4.181268431246280837e-02
4.174995177425443876e-02
4.174455404281616350e-02
4.169689671136438819e-02
4.176171761937439580e-02
4.171887148171662951e-02
4.164678313769400175e-02
4.171724989078939155e-02
4.168122753500938527e-02
4.180250175297259979e-02
4.166961425915360201e-02
4.159757181070745241e-02
4.159957367926835764e-02
4.173932617530226596e-02
4.156388869509100581e-02
4.175029336474835734e-02
4.163913951255381052e-02
4.182039896957576164e-02
4.194028284400701245e-02
4.184240636415779285e-02
4.164737226441502654e-02
4.186067356728017524e-02
4.180432780645787494e-02
4.172608434222638274e-02
4.161512381397187987e-02
4.165574946440755988e-02
4.170232604257762682e-02
4.174670718610287018e-02
4.187608468346297463e-02
4.168710913509130617e-02
4.161204190924763791e-02
4.196841438300907834e-02
4.160149129107594546e-02
4.184628061950206729e-02
4.172080268152058430e-02
4.169389544986188550e-02
4.182906893081963368e-02
4.164604060351848741e-02
4.170751992613077469e-02
4.163670428097247800e-02
4.168932829052209715e-02
4.177379390224814082e-02
4.166320822201668994e-02
4.178733224049210881e-02
4.168925969861447811e-02
4.151164845563471567e-02
4.153146984986960666e-02
4.169246296398341350e-02
4.168782573193311608e-02
4.178574064746499311e-02
4.170913788489997304e-02
4.161318325437605298e-02
4.168897512368857639e-02
4.176439153961837569e-02
4.173359928652644463e-02
4.170698328875005467e-02
4.157253114506602454e-02
4.168712380342185636e-02
4.172687513753772087e-02
4.157244960777461279e-02
4.190262981690466570e-02
4.188226342201233077e-02
4.162373669445514762e-02
4.163378675468266260e-02
4.130319580435752591e-02
4.171570215374231089e-02
4.156002833507955324e-02
4.138759510591626112e-02
4.159558233805001060e-02
4.179920505732297870e-02
4.173763211816549495e-02
4.160520379431545401e-02
4.160402432084083640e-02
4.171461625955998759e-02
4.162797808647155512e-02
4.147867538966238526e-02
4.171956053003669090e-02
4.156886967830360213e-02
4.150780783966183385e-02
4.183691229671240158e-02
4.180378551594912673e-02
4.160592759959400033e-02
4.166417913511395732e-02
4.161101876758038776e-02
4.175938216969370814e-02
4.153782646171748361e-02
4.168695197440683980e-02
4.154721899889409625e-02
4.172671035863459443e-02
4.165429629385471177e-02
4.175099498592316910e-02
4.164541191421448907e-02
4.174989404156804335e-02
4.158542718738317268e-02
4.161802432499826093e-02
4.152697561308741486e-02
4.158230026252567740e-02
4.144866860471665970e-02
4.153858267702162377e-02
4.148892338387668438e-02
4.166791714727878515e-02
4.167102536186576001e-02
4.171263439580798205e-02
4.149769878014922253e-02
4.173901214264333359e-02
4.161963786929846060e-02
4.143821385689079595e-02
4.165024246089160664e-02
4.149653143249452253e-02
4.138965167105197740e-02
4.171974656172097035e-02
4.157118673436343420e-02
4.148414010182022854e-02
4.154312153346836900e-02
4.156828287057578314e-02
4.141343789175153112e-02
4.164904173463582909e-02
4.146016267128288524e-02
4.162980666384100831e-02
4.143703388050198888e-02
4.150112524628639388e-02
4.166262870654463546e-02
4.153688876889646137e-02
4.157205659896135580e-02
4.144777510315179880e-02
4.157157576642930841e-02
4.166748094372451500e-02
4.169548239558935193e-02
4.151080573908984966e-02
4.159201449714600846e-02
4.165635422803461857e-02
4.171028341166675008e-02
4.149899074807763405e-02
4.162949818186462148e-02
4.152525736950338220e-02
4.138587750494480272e-02
4.162578932940960014e-02
4.152643479406833982e-02
4.145173208788037467e-02
4.156741738319397195e-02
4.162342573516070870e-02
4.165660973638295878e-02
4.144320337101817242e-02
4.161629294045269406e-02
4.152589722536504518e-02
4.161750793457031500e-02
4.149886218830942802e-02
4.157335801981389828e-02
4.141663404181599589e-02
4.157320071011781637e-02
4.147498733364045342e-02
4.140902045182883601e-02
4.152991509996354497e-02
4.156782569363712959e-02
4.151260231621563268e-02
4.144677666947245431e-02
4.161819446831941521e-02
4.161851398646831263e-02
4.154248673468827896e-02
4.154369597323238905e-02
4.150952666066586721e-02
4.159123050980269992e-02
4.156267035752534561e-02
4.128088985569774994e-02
4.134571181610226936e-02
4.158548750914633357e-02
4.152126658707857437e-02
4.142315817996859717e-02
4.167922880500554705e-02
4.156640836969018038e-02
4.138682952150702504e-02
4.148688660003244794e-02
4.132920628413558339e-02
4.152781267650425268e-02
4.162760836072266352e-02
4.127880466170608803e-02
4.146425429731607354e-02
4.141284804791212082e-02
4.139849142171442287e-02
4.147239431738853482e-02
4.153497708030044755e-02
4.153069763444364182e-02
4.140165776014328308e-02
4.145700266584753657e-02
4.139946344308555182e-02
4.155988574028015442e-02
4.145838338881731311e-02
4.132309350185096181e-02
4.156196403317153482e-02
4.141028787009418122e-02
4.147106911055743750e-02
4.155381300486624130e-02
4.147308361716568748e-02
4.143450769595801580e-02
4.158538398332893571e-02
4.126369032077491228e-02
4.148274883627891402e-02
4.154679243452846782e-02
4.146483369171619082e-02
4.132822073996066797e-02
4.180669286288320879e-02
4.156444056890904598e-02
4.170717163942753991e-02
4.145371569320559224e-02
4.143793953582644574e-02
4.135837350040674071e-02
4.127196658402681323e-02
4.155979783274233591e-02
4.145841480232775184e-02
4.114963726140558747e-02
4.152237572707236091e-02
4.135191037319600749e-02
4.138327409513294780e-02
4.149151443503797110e-02
4.140013868920505019e-02
4.123696514405310320e-02
4.147339348681271243e-02
4.146688236854970122e-02
4.138833099044859215e-02
4.142681736499070899e-02
4.153973456472158376e-02
4.139293832704424997e-02
4.169022922404110737e-02
4.130241110920906261e-02
4.144898138009011496e-02
4.131247510202228773e-02
4.151660470291972105e-02
4.138296974822879004e-02
4.147524791769683500e-02
4.143311556428670717e-02
4.140904479660093701e-02
4.131850622594356731e-02
4.155322841368615933e-02
4.148209854960441256e-02
4.132235802710056138e-02
4.146412551403045460e-02
4.137181241065263776e-02
4.137997586280107304e-02
4.131037206389009953e-02
4.160068986006081049e-02
4.156109914183616499e-02
4.144302728585898959e-02
4.133007939904928540e-02
4.139216432347894020e-02
4.134706956334412153e-02
4.131275064311921291e-02
4.139437393285334138e-02
4.139403548091649676e-02
4.137858829461037863e-02
4.134650724940001909e-02
4.138959539122879366e-02
4.132402541115880179e-02
4.134116383269428874e-02
4.127326636575162633e-02
4.122901489026844363e-02
4.123105942271650115e-02
4.134690478444099510e-02
4.151109888218343369e-02
4.144733872264623475e-02
4.151195916347205639e-02
4.122501346282660822e-02
4.149881611578166291e-02
4.146629032678902232e-02
4.140679024159907989e-02
4.125727086327970333e-02
4.139572832733393049e-02
4.118407456204295491e-02
4.137215443886816529e-02
4.137724325060844477e-02
4.138750451616943216e-02
4.131902922876179440e-02
4.155601711012422983e-02
4.128514800220727671e-02
4.136304865591228230e-02
4.132369315251707698e-02
4.116249666549265385e-02
4.138363460078835210e-02
4.143536583520471966e-02
4.127442277967929840e-02
4.124911738559603608e-02
4.111479116603732054e-02
4.145566768944263653e-02
4.138002277351916086e-02
4.140324885956943313e-02
4.139310738071799028e-02
4.129776600748300691e-02
4.126919725909829195e-02
4.133757079951465296e-02
4.119526972062885484e-02
4.137926282361149843e-02
4.131955008022487191e-02
4.137046764604747351e-02
4.144768107682466479e-02
4.121861289255321359e-02
4.135348800569772776e-02
4.128602876327931714e-02
4.126066277734935506e-02
4.117128955200314439e-02
4.122995407320559358e-02
4.145015176385641320e-02
4.127584905363619605e-02
4.130351928062737238e-02
4.122992859221994572e-02
4.123094300739467422e-02
4.136754017323255456e-02
4.125004988163709363e-02
4.147670464590191841e-02
4.118932387791574001e-02
4.137752322480082318e-02
4.129841202870011135e-02
4.134533876553177917e-02
4.135225995443761460e-02
4.118504861369728931e-02
4.123239221982658020e-02
4.130937842652201986e-02
4.136699236929416990e-02
4.147330813109875031e-02
4.128387067466974397e-02
4.142894876189529701e-02
4.117831349372863547e-02
4.119030874222517208e-02
4.142973861657082979e-02
4.137054181657731644e-02
4.128920749761164077e-02
4.133575307205319266e-02
4.124801448546350224e-02
4.142775640822946720e-02
4.131227689795195779e-02
4.124534602276980905e-02
4.113476688973605883e-02
4.137329122051596614e-02
4.122082368470728064e-02
4.120349052362144021e-02
4.126272678375244446e-02
4.144697896204888737e-02
4.136492811143398229e-02
4.118774683214723731e-02
4.113107533194124837e-02
4.121663553640246558e-02
4.121110911481082328e-02
4.121097397990524519e-02
4.141841792501509134e-02
4.127794435247778698e-02
4.119476746767759129e-02
4.116948219016194205e-02
4.122295762412250125e-02
4.140507779084146023e-02
4.125153359957039328e-02
4.129503152333199867e-02
4.129738214425742598e-02
4.126578859053552095e-02
4.131148332729935729e-02
4.129355500452220468e-02
4.114021786488592652e-02
4.117477288469672397e-02
4.132861115969717336e-02
4.112977841868996343e-02
4.114096594043076260e-02
4.128758818842470646e-02
4.123678011819720268e-02
4.135403418913483758e-02
4.124389371834695506e-02
4.132856499403714939e-02
4.116101922467350904e-02
4.122194813564419857e-02
4.131316551938653270e-02
4.124656057916581409e-02
4.141330426558852140e-02
4.117191076278686745e-02
4.138888284564018472e-02
4.122212769463658166e-02
4.133044423535466028e-02
4.106859022751450233e-02
4.120519603602588316e-02
4.126800823956727760e-02
4.111013071611523823e-02
4.126210954971611805e-02
4.112435053102671961e-02
4.123423169367015223e-02
4.143815960735082460e-02
4.128499102778732804e-02
4.123442502692341999e-02
4.127087142318486973e-02
4.123722084797918491e-02
4.127878705039620538e-02
4.125485922209918416e-02
4.113545478321611881e-02
4.119231047108769250e-02
4.118587648496031817e-02
4.114724565297365327e-02
4.123150639235973608e-02
4.129528054967522566e-02
4.139555832371115407e-02
4.133995092473924382e-02
4.111660500988364303e-02
4.126366509124636955e-02
4.141728637740015734e-02
4.113355234265327759e-02
4.120189367793500312e-02
4.109223433770239214e-02
4.135992481373250429e-02
4.131043642759323065e-02
4.128830999135971180e-02
4.117180763743817640e-02
4.117966362275183451e-02
4.134396980516612252e-02
4.118334468454122599e-02
4.120340355671942012e-02
4.128414444625377877e-02
4.115000541321933020e-02
4.141682416200637845e-02
4.116828305646777486e-02
4.109658434987067954e-02
4.117739757522940330e-02
4.108527039177715945e-02
4.128057724796235783e-02
4.095088066533207616e-02
4.130998384207486968e-02
4.113225347362458456e-02
4.108537523075938419e-02
4.126372020691633502e-02
4.126297688111663087e-02
4.107605453580617794e-02
4.101704997010528764e-02
4.109036906622350049e-02
4.139740184880793400e-02
4.113246392458677625e-02
4.122456408105790865e-02
4.111627925187349292e-02
4.129890588112175576e-02
4.111923780292272429e-02
4.124506835825741263e-02
4.127373416908085291e-02
4.121315087191760457e-02
