1.592271986417472251e-01
8.598261715844274233e-02
8.002975484356283919e-02
7.349009571596980261e-02
7.192136798053980207e-02
7.293918473646045231e-02
7.127747105434537045e-02
7.171594619750976118e-02
7.119628543034195456e-02
7.029667899012564947e-02
6.808577088639139463e-02
7.044490765780210551e-02
6.913226293399929445e-02
6.967440435662865250e-02
6.806059619411826411e-02
6.865983011201023944e-02
6.863072119653225445e-02
6.798076610080898419e-02
6.583678938448428442e-02
6.716763604432345047e-02
6.642220787703990992e-02
6.638879744336008415e-02
6.611332246102392951e-02
6.581523179076612107e-02
6.566308548673988055e-02
6.609732486307620669e-02
6.530239073559641894e-02
6.518945385701954698e-02
6.523209974169731640e-02
6.500433043576776815e-02
6.372155850753187523e-02
6.507562341168522668e-02
6.521720532327890396e-02
6.531141801737248842e-02
6.510787655599414858e-02
6.468587821349501554e-02
6.421859655529260635e-02
6.157063454389571922e-02
6.381982178427278440e-02
6.290897569619119389e-02
6.163775339722633168e-02
6.491181999444961548e-02
6.451632414013147576e-02
6.266700915060936794e-02
6.436271964572369553e-02
6.285232917405664255e-02
6.217274428345263143e-02
6.384337732568383383e-02
6.243058817461132753e-02
6.131399263627827084e-02
6.435525620356202792e-02
6.327695424668490498e-02
6.258853973820804883e-02
6.169782923534512797e-02
5.996514261700212900e-02
6.138638271950185021e-02
6.248792105354368520e-02
6.301128383725881910e-02
6.013114941306411942e-02
6.113420233130455184e-02
6.117417155764996728e-02
6.186156882904469967e-02
6.189052894711494224e-02
6.137716156430542136e-02
6.108785298652946727e-02
6.020689250901341272e-02
6.136451652273535590e-02
6.199986455962061549e-02
6.188457159325480572e-02
6.086885575205087939e-02
6.124128688126802278e-02
6.107059495523572273e-02
6.177191268652677814e-02
5.940466539934277646e-02
6.094640552066266787e-02
6.079224983230233081e-02
5.992933891713619204e-02
6.088351086713373467e-02
5.906392126344144067e-02
5.992276178672909653e-02
5.763160988688469100e-02
6.160807951353490519e-02
5.735127909108996697e-02
6.043502306565642218e-02
5.897297400049865412e-02
6.018685005605220462e-02
5.969802251085638833e-02
5.829527386464178340e-02
5.871759679168462448e-02
5.917675390839576693e-02
5.872827821411192445e-02
5.943874293006956577e-02
5.944654574617743575e-02
5.960096735507249693e-02
5.945397797971963688e-02
5.946213813498615885e-02
5.906788778491318254e-02
5.652750520035624421e-02
5.883430882357060937e-02
5.944486221298575512e-02
