4.460210098445415383e+00
1.035692495584487949e+00
2.792956271320581330e-01
1.413018132671713945e-01
9.843610636703670203e-02
8.850587824732064623e-02
9.014654617570340422e-02
7.666904905997216912e-02
7.640949451923370606e-02
7.488589492067694586e-02
7.631619097851216615e-02
7.481630237959324692e-02
7.568686959892510779e-02
7.129904182814061908e-02
6.993285763263702715e-02
6.947689245268702518e-02
7.478511517681181442e-02
6.918263131566346202e-02
7.281794111430645033e-02
7.242431063391267798e-02
6.997734739817679239e-02
6.920884037762879692e-02
7.287321355566382663e-02
6.744958012178539630e-02
6.797364456206560213e-02
6.881872759573161302e-02
7.014179496839642591e-02
7.891248508915305049e-02
6.773356579430400704e-02
6.957278970256447481e-02
7.212701757624745413e-02
6.646844062022864985e-02
6.677640941925347406e-02
6.645642427913844852e-02
6.663361552357673079e-02
6.879337983578442950e-02
6.710023294761777168e-02
7.130920174159109670e-02
6.737461574561894040e-02
6.927838428597897502e-02
7.738385678827762459e-02
6.597809010371566418e-02
6.648208662495017074e-02
6.717193145677446964e-02
6.893474944587796305e-02
7.105261306464671911e-02
7.063253287598490748e-02
6.620719515532255683e-02
6.985838054120541152e-02
6.605656022857873955e-02
6.930936225689947328e-02
6.511096825264393873e-02
6.664686787314713645e-02
6.868100046552717830e-02
7.269471574015914928e-02
6.782755971886217372e-02
6.664167599566281353e-02
6.529801246710122131e-02
6.818751945160329841e-02
7.201986445114016977e-02
6.781815801747143047e-02
6.485539483465253829e-02
6.392138600535690607e-02
6.441966809704899322e-02
6.579553717188536821e-02
6.506700637750327532e-02
6.391089706681668536e-02
6.373275572247803777e-02
6.433773073367773931e-02
6.720549483597278162e-02
6.311189500056206547e-02
6.559448949806391538e-02
6.673431951925158645e-02
6.982327543664723635e-02
6.722166575863956772e-02
6.310673445463180209e-02
6.490272903256118220e-02
6.337337459437548948e-02
6.538407274335622521e-02
6.845836113952100122e-02
6.985524132661521945e-02
6.372221361659467787e-02
6.505073568038642617e-02
6.368389255367219726e-02
6.505777158495039403e-02
6.380126419477165356e-02
6.329862726852297783e-02
6.726844259351491551e-02
6.385045182146131815e-02
6.360929034836590446e-02
6.385886219330132174e-02
7.035109262168406929e-02
6.411191626265645704e-02
6.332248323410749613e-02
6.426828985847532483e-02
6.193006285466253619e-02
6.312847549654543311e-02
6.403600174933671285e-02
6.508701733127236766e-02
6.332723851501941004e-02
