5.907041015625000000e+03
5.796118896484375000e+03
6.233694213867187500e+03
5.933608886718750000e+03
5.617486938476562500e+03
5.948527099609375000e+03
5.970920776367187500e+03
5.996409179687500000e+03
5.605117797851562500e+03
5.424826293945312500e+03
5.799647216796875000e+03
5.671123779296875000e+03
5.595459716796875000e+03
5.866665039062500000e+03
5.528369506835937500e+03
5.692496337890625000e+03
5.589813720703125000e+03
5.533685546875000000e+03
5.693745971679687500e+03
5.697168579101562500e+03
5.550386840820312500e+03
5.647330810546875000e+03
5.554792602539062500e+03
5.543201904296875000e+03
5.575510742187500000e+03
5.572913452148437500e+03
5.550682250976562500e+03
5.436926635742187500e+03
5.511671142578125000e+03
5.399231201171875000e+03
5.648554321289062500e+03
5.680726318359375000e+03
5.310026000976562500e+03
5.738474853515625000e+03
5.542585693359375000e+03
5.621405639648437500e+03
5.081085693359375000e+03
5.429159301757812500e+03
5.217065429687500000e+03
5.448852539062500000e+03
5.575570556640625000e+03
5.240521118164062500e+03
5.349460449218750000e+03
5.346219482421875000e+03
5.171417846679687500e+03
5.413647216796875000e+03
5.038827026367187500e+03
5.296211059570312500e+03
5.393189331054687500e+03
5.234274658203125000e+03
5.020778564453125000e+03
5.269922973632812500e+03
5.144813232421875000e+03
5.245589599609375000e+03
5.232589721679687500e+03
5.155640991210937500e+03
5.107118286132812500e+03
5.180194580078125000e+03
4.988738891601562500e+03
4.876803588867187500e+03
4.932645385742187500e+03
5.171345092773437500e+03
5.089899169921875000e+03
4.996716064453125000e+03
5.374236206054687500e+03
5.063725952148437500e+03
5.165990844726562500e+03
5.040071777343750000e+03
5.102236694335937500e+03
4.944639160156250000e+03
4.870643676757812500e+03
4.839290405273437500e+03
4.749246826171875000e+03
4.993419555664062500e+03
5.080929321289062500e+03
5.060924438476562500e+03
5.171721069335937500e+03
4.776054199218750000e+03
4.983360961914062500e+03
4.902628540039062500e+03
4.727095703125000000e+03
4.903743896484375000e+03
4.852112060546875000e+03
4.879172485351562500e+03
4.685103759765625000e+03
4.817531494140625000e+03
4.519404052734375000e+03
4.678485961914062500e+03
4.756197509765625000e+03
4.796509643554687500e+03
4.668789794921875000e+03
4.706204956054687500e+03
4.634071289062500000e+03
4.786074707031250000e+03
4.658407348632812500e+03
4.663758300781250000e+03
4.443737060546875000e+03
4.589491210937500000e+03
4.779669921875000000e+03
4.613223632812500000e+03
4.863425903320312500e+03
4.346295898437500000e+03
4.506169677734375000e+03
4.547328613281250000e+03
4.639833496093750000e+03
5.019213256835937500e+03
4.528592895507812500e+03
4.362523437500000000e+03
4.213681640625000000e+03
4.398231567382812500e+03
4.505311401367187500e+03
4.665418090820312500e+03
4.592364135742187500e+03
4.369824340820312500e+03
4.277124755859375000e+03
4.384782226562500000e+03
4.449595947265625000e+03
4.492448974609375000e+03
4.137763916015625000e+03
4.686402587890625000e+03
4.405400390625000000e+03
4.557885314941406250e+03
4.487458129882812500e+03
4.244731689453125000e+03
4.538836669921875000e+03
4.319731079101562500e+03
4.165070068359375000e+03
4.378309814453125000e+03
4.026623535156250000e+03
4.284033691406250000e+03
4.379078491210937500e+03
4.038626220703125000e+03
4.215267211914062500e+03
4.302768859863281250e+03
4.591836669921875000e+03
4.454984741210937500e+03
4.540462524414062500e+03
4.308604858398437500e+03
4.204025756835937500e+03
4.033462951660156250e+03
4.427892822265625000e+03
4.249397460937500000e+03
4.150002075195312500e+03
4.292666015625000000e+03
4.242372192382812500e+03
4.037477294921875000e+03
4.122826721191406250e+03
4.095401184082031250e+03
4.000350463867187500e+03
4.236289916992187500e+03
4.221710571289062500e+03
3.947515930175781250e+03
3.863940185546875000e+03
3.887738281250000000e+03
3.914958923339843750e+03
4.225328063964843750e+03
4.148064880371093750e+03
4.501606079101562500e+03
4.225662475585937500e+03
3.833035522460937500e+03
3.853246826171875000e+03
4.037989318847656250e+03
4.171800170898437500e+03
4.062915771484375000e+03
3.914327941894531250e+03
3.839284301757812500e+03
3.773981079101562500e+03
3.824116760253906250e+03
4.044204345703125000e+03
3.932989562988281250e+03
4.086410888671875000e+03
3.778841857910156250e+03
4.170491638183593750e+03
4.021348144531250000e+03
4.039788879394531250e+03
4.135104614257812500e+03
4.121183654785156250e+03
3.657390258789062500e+03
3.798935119628906250e+03
4.024285888671875000e+03
3.745353271484375000e+03
4.050243164062500000e+03
3.962343627929687500e+03
3.925205810546875000e+03
3.893294555664062500e+03
3.625180297851562500e+03
3.844692932128906250e+03
3.778021850585937500e+03
3.701354431152343750e+03
4.052111083984375000e+03
3.894644287109375000e+03
3.570410766601562500e+03
3.919215270996093750e+03
4.183153137207031250e+03
3.957805908203125000e+03
3.586190246582031250e+03
3.811880859375000000e+03
3.984525451660156250e+03
3.775006530761718750e+03
3.444053955078125000e+03
3.828917663574218750e+03
3.585397277832031250e+03
3.554067871093750000e+03
3.851607299804687500e+03
3.547806945800781250e+03
3.907838867187500000e+03
3.883463134765625000e+03
3.685947326660156250e+03
4.033685302734375000e+03
3.999481201171875000e+03
3.901404113769531250e+03
3.775765014648437500e+03
3.680333190917968750e+03
3.413798400878906250e+03
3.440511291503906250e+03
3.423856445312500000e+03
3.384874877929687500e+03
3.491661987304687500e+03
3.768667236328125000e+03
3.670843261718750000e+03
3.726968017578125000e+03
3.791454467773437500e+03
3.597029418945312500e+03
3.527385070800781250e+03
3.644362854003906250e+03
4.055810668945312500e+03
3.489585327148437500e+03
3.579602294921875000e+03
3.551293762207031250e+03
3.225276306152343750e+03
3.494162719726562500e+03
3.469164062500000000e+03
3.428607116699218750e+03
3.463816467285156250e+03
3.583858276367187500e+03
3.378748046875000000e+03
3.232609191894531250e+03
3.468940246582031250e+03
3.729907043457031250e+03
3.759166076660156250e+03
3.439279541015625000e+03
3.412891540527343750e+03
3.212481323242187500e+03
3.552644470214843750e+03
3.200192504882812500e+03
3.549057312011718750e+03
3.385189147949218750e+03
3.459462402343750000e+03
3.448759765625000000e+03
3.568128540039062500e+03
3.224750488281250000e+03
3.237602416992187500e+03
3.085140441894531250e+03
3.255169006347656250e+03
3.527143615722656250e+03
3.545211242675781250e+03
3.318426269531250000e+03
3.999200012207031250e+03
3.410283630371093750e+03
3.396377075195312500e+03
3.345108093261718750e+03
3.727536071777343750e+03
3.671045532226562500e+03
3.772650268554687500e+03
3.621885437011718750e+03
3.462061218261718750e+03
3.748095642089843750e+03
3.049404541015625000e+03
3.341452209472656250e+03
3.197376220703125000e+03
3.066216796875000000e+03
3.009673400878906250e+03
3.063780639648437500e+03
3.258276794433593750e+03
3.593407897949218750e+03
3.326653198242187500e+03
3.225927307128906250e+03
2.955278686523437500e+03
3.222931457519531250e+03
3.267805969238281250e+03
3.307521057128906250e+03
3.357147888183593750e+03
3.454313354492187500e+03
3.215832336425781250e+03
3.007102172851562500e+03
3.358400878906250000e+03
3.370142333984375000e+03
2.916731933593750000e+03
3.606453125000000000e+03
3.209364074707031250e+03
3.455507690429687500e+03
3.333392639160156250e+03
3.186011352539062500e+03
3.484361999511718750e+03
3.465442321777343750e+03
3.091426452636718750e+03
3.040904357910156250e+03
3.178920593261718750e+03
3.170178466796875000e+03
3.026013732910156250e+03
3.029927917480468750e+03
3.064672973632812500e+03
3.016567932128906250e+03
3.330615295410156250e+03
3.051573120117187500e+03
2.972798583984375000e+03
3.505877563476562500e+03
3.116482543945312500e+03
3.084173339843750000e+03
3.230231323242187500e+03
2.967630920410156250e+03
3.152695373535156250e+03
3.407035461425781250e+03
3.382464416503906250e+03
3.135459289550781250e+03
3.265339721679687500e+03
3.145598205566406250e+03
3.183406188964843750e+03
3.081228332519531250e+03
3.208926208496093750e+03
3.093206787109375000e+03
3.057628173828125000e+03
2.930190124511718750e+03
3.012013977050781250e+03
2.889799804687500000e+03
2.863982238769531250e+03
2.883030273437500000e+03
2.998712524414062500e+03
2.970958435058593750e+03
3.272920227050781250e+03
2.963922424316406250e+03
3.012877197265625000e+03
2.823654357910156250e+03
2.762368469238281250e+03
2.697789794921875000e+03
2.748465942382812500e+03
2.748976074218750000e+03
3.250837768554687500e+03
2.990965942382812500e+03
3.369805114746093750e+03
3.117510803222656250e+03
3.057450134277343750e+03
2.883263000488281250e+03
2.802093200683593750e+03
2.960329589843750000e+03
3.082489990234375000e+03
3.211742553710937500e+03
3.193186767578125000e+03
3.209431274414062500e+03
3.479377319335937500e+03
3.005202087402343750e+03
2.922335754394531250e+03
2.962281860351562500e+03
2.936045227050781250e+03
3.044572631835937500e+03
2.801151794433593750e+03
2.735891418457031250e+03
3.257897644042968750e+03
2.999335876464843750e+03
2.985210388183593750e+03
2.857851135253906250e+03
3.091927612304687500e+03
2.845468444824218750e+03
3.173891845703125000e+03
3.131998901367187500e+03
2.991993286132812500e+03
3.058776184082031250e+03
2.954122192382812500e+03
3.418164794921875000e+03
3.240117370605468750e+03
3.029429809570312500e+03
2.653008972167968750e+03
2.749941345214843750e+03
2.999195617675781250e+03
2.871109924316406250e+03
2.554509399414062500e+03
2.655278869628906250e+03
3.095926696777343750e+03
2.971464355468750000e+03
2.625574951171875000e+03
2.668786254882812500e+03
3.019922119140625000e+03
2.837438049316406250e+03
3.011609680175781250e+03
2.990674255371093750e+03
2.744473083496093750e+03
3.112021606445312500e+03
3.303649353027343750e+03
2.908573425292968750e+03
2.580259399414062500e+03
2.515861694335937500e+03
2.887576538085937500e+03
2.909072021484375000e+03
3.347185852050781250e+03
2.891020629882812500e+03
2.905300170898437500e+03
3.315654357910156250e+03
2.856140441894531250e+03
2.618193969726562500e+03
2.836407287597656250e+03
3.080113525390625000e+03
2.677715209960937500e+03
2.866503845214843750e+03
2.798905456542968750e+03
3.063897583007812500e+03
2.918266113281250000e+03
3.355509216308593750e+03
3.236273559570312500e+03
2.770643432617187500e+03
2.570515686035156250e+03
2.887338439941406250e+03
2.791738220214843750e+03
2.802119079589843750e+03
3.043521057128906250e+03
2.883300720214843750e+03
2.898270874023437500e+03
2.740044616699218750e+03
2.914474609375000000e+03
2.655776855468750000e+03
2.824976867675781250e+03
2.535911132812500000e+03
2.599615844726562500e+03
2.774902709960937500e+03
2.643664489746093750e+03
2.511835632324218750e+03
2.893781921386718750e+03
2.837703369140625000e+03
2.866644470214843750e+03
2.749920715332031250e+03
2.864212768554687500e+03
2.753517028808593750e+03
2.604935180664062500e+03
2.878752868652343750e+03
2.517217895507812500e+03
2.655314575195312500e+03
2.635304687500000000e+03
2.633888366699218750e+03
2.758862731933593750e+03
2.767981140136718750e+03
2.544614990234375000e+03
2.560119445800781250e+03
2.804342041015625000e+03
2.841340026855468750e+03
2.731030273437500000e+03
2.561046936035156250e+03
2.516260192871093750e+03
2.775340820312500000e+03
2.767748413085937500e+03
2.792549011230468750e+03
2.578277648925781250e+03
2.730626464843750000e+03
2.519972595214843750e+03
2.667061462402343750e+03
2.844397766113281250e+03
2.636580688476562500e+03
2.591529663085937500e+03
2.793229980468750000e+03
2.747984497070312500e+03
2.657091674804687500e+03
2.893534729003906250e+03
2.779517944335937500e+03
2.459977722167968750e+03
2.650655578613281250e+03
2.402301452636718750e+03
2.437897460937500000e+03
2.836368408203125000e+03
2.638297851562500000e+03
2.561321411132812500e+03
2.544193115234375000e+03
2.444943359375000000e+03
2.585464294433593750e+03
2.521526977539062500e+03
2.654320251464843750e+03
2.253667053222656250e+03
2.692323303222656250e+03
2.698270446777343750e+03
2.628916076660156250e+03
2.774156982421875000e+03
2.585117248535156250e+03
2.439856201171875000e+03
2.794316650390625000e+03
3.135156677246093750e+03
2.919697937011718750e+03
2.497860290527343750e+03
2.769280151367187500e+03
3.051530334472656250e+03
2.444392944335937500e+03
2.646298278808593750e+03
2.813766479492187500e+03
2.773181884765625000e+03
2.666228942871093750e+03
2.569273437500000000e+03
2.457273071289062500e+03
2.429671936035156250e+03
2.592316711425781250e+03
2.585092346191406250e+03
2.808639404296875000e+03
2.616043518066406250e+03
2.718389160156250000e+03
2.679725097656250000e+03
2.570973632812500000e+03
2.415048156738281250e+03
2.565066345214843750e+03
2.305557312011718750e+03
2.744813598632812500e+03
2.742943969726562500e+03
2.683384094238281250e+03
2.526228088378906250e+03
2.303746948242187500e+03
2.310074768066406250e+03
2.648831665039062500e+03
2.633493286132812500e+03
2.820856872558593750e+03
2.520959960937500000e+03
2.574549621582031250e+03
2.730185302734375000e+03
2.643601684570312500e+03
2.493809204101562500e+03
2.413289245605468750e+03
2.798540405273437500e+03
2.506297851562500000e+03
2.312149841308593750e+03
2.682317016601562500e+03
2.388973266601562500e+03
2.462552429199218750e+03
2.555232421875000000e+03
2.520846252441406250e+03
2.749977355957031250e+03
2.804975280761718750e+03
2.629703491210937500e+03
2.867363830566406250e+03
2.524699401855468750e+03
2.298123046875000000e+03
2.402799743652343750e+03
2.485139709472656250e+03
2.340220520019531250e+03
2.369939819335937500e+03
2.482444396972656250e+03
2.347654174804687500e+03
2.144266540527343750e+03
2.401732788085937500e+03
2.456583129882812500e+03
2.229665527343750000e+03
2.674538452148437500e+03
2.527276367187500000e+03
2.368396728515625000e+03
2.540607666015625000e+03
2.221039550781250000e+03
2.248944335937500000e+03
2.585877746582031250e+03
2.446904296875000000e+03
2.514476257324218750e+03
2.403333740234375000e+03
2.411386596679687500e+03
2.224334777832031250e+03
2.705509643554687500e+03
2.185497070312500000e+03
2.538911926269531250e+03
2.317045227050781250e+03
2.306309753417968750e+03
2.286672485351562500e+03
2.692530761718750000e+03
2.451247375488281250e+03
2.512315429687500000e+03
2.627897521972656250e+03
2.509722167968750000e+03
2.388596740722656250e+03
2.213272094726562500e+03
2.396895202636718750e+03
2.452327636718750000e+03
2.452359313964843750e+03
2.495265502929687500e+03
2.411522949218750000e+03
2.342673034667968750e+03
2.417169128417968750e+03
2.628269348144531250e+03
2.497823608398437500e+03
2.359469116210937500e+03
2.290178222656250000e+03
2.399985412597656250e+03
2.306714477539062500e+03
2.414073364257812500e+03
2.433993591308593750e+03
2.375089599609375000e+03
2.240036376953125000e+03
2.298939819335937500e+03
2.238723510742187500e+03
2.156162658691406250e+03
2.242818145751953125e+03
2.230345642089843750e+03
2.235225585937500000e+03
2.498494262695312500e+03
2.222097167968750000e+03
2.524902343750000000e+03
2.021079193115234375e+03
2.043504119873046875e+03
2.277187255859375000e+03
2.472194702148437500e+03
2.472589111328125000e+03
2.613943786621093750e+03
2.331936767578125000e+03
2.246619995117187500e+03
2.266066040039062500e+03
2.426592590332031250e+03
2.394397888183593750e+03
2.178094238281250000e+03
2.073853515625000000e+03
2.352118347167968750e+03
2.449834472656250000e+03
2.607491455078125000e+03
2.289978515625000000e+03
2.268300537109375000e+03
1.994877258300781250e+03
2.372861328125000000e+03
2.228054351806640625e+03
2.637007385253906250e+03
2.364700195312500000e+03
2.397071777343750000e+03
2.185210876464843750e+03
2.264302185058593750e+03
2.194095672607421875e+03
2.215247558593750000e+03
2.156640960693359375e+03
2.497212402343750000e+03
2.219960754394531250e+03
2.513842834472656250e+03
2.372029663085937500e+03
2.272223144531250000e+03
2.377343383789062500e+03
2.418808471679687500e+03
2.263308105468750000e+03
2.366180358886718750e+03
2.432318664550781250e+03
2.382790588378906250e+03
2.087563385009765625e+03
2.241259826660156250e+03
2.153062988281250000e+03
2.392100769042968750e+03
2.003030883789062500e+03
2.338351989746093750e+03
2.356434875488281250e+03
2.263192687988281250e+03
2.205547973632812500e+03
2.003194946289062500e+03
2.212816589355468750e+03
2.301040039062500000e+03
2.329625732421875000e+03
2.601283813476562500e+03
2.474323608398437500e+03
2.177156921386718750e+03
2.407358581542968750e+03
2.142870330810546875e+03
2.123271118164062500e+03
2.136024902343750000e+03
2.293872436523437500e+03
2.204744628906250000e+03
2.322348693847656250e+03
2.208614501953125000e+03
2.185508422851562500e+03
1.988149597167968750e+03
2.071099822998046875e+03
2.447067443847656250e+03
2.409764526367187500e+03
2.395091796875000000e+03
2.141204467773437500e+03
2.440911621093750000e+03
2.292666015625000000e+03
2.311095520019531250e+03
2.334205444335937500e+03
1.994997436523437500e+03
2.101828643798828125e+03
2.358340667724609375e+03
2.246088073730468750e+03
2.056011779785156250e+03
2.135219604492187500e+03
2.245200988769531250e+03
2.329939331054687500e+03
2.133163146972656250e+03
2.251776550292968750e+03
2.277035705566406250e+03
2.062207672119140625e+03
2.111701416015625000e+03
2.356429809570312500e+03
2.129741607666015625e+03
2.367266601562500000e+03
2.225032928466796875e+03
2.197319549560546875e+03
2.100888610839843750e+03
2.218822540283203125e+03
2.317067749023437500e+03
2.129429321289062500e+03
2.344926879882812500e+03
2.189089721679687500e+03
2.376838928222656250e+03
1.979969268798828125e+03
2.197496337890625000e+03
2.076592773437500000e+03
2.124579376220703125e+03
2.148593139648437500e+03
2.163994506835937500e+03
2.027434570312500000e+03
2.119031738281250000e+03
2.269016357421875000e+03
2.044681396484375000e+03
2.043405120849609375e+03
2.233483154296875000e+03
2.210008361816406250e+03
2.103105255126953125e+03
2.118316680908203125e+03
2.414335571289062500e+03
2.213195312500000000e+03
2.363627746582031250e+03
2.176671752929687500e+03
2.230695434570312500e+03
2.259036804199218750e+03
2.244923034667968750e+03
2.161196624755859375e+03
2.182223693847656250e+03
2.493915527343750000e+03
2.212614196777343750e+03
2.123670135498046875e+03
2.374397949218750000e+03
1.998538146972656250e+03
2.353959411621093750e+03
2.031323944091796875e+03
2.105538116455078125e+03
2.184265502929687500e+03
2.185009033203125000e+03
2.174010742187500000e+03
2.101636657714843750e+03
2.089632080078125000e+03
2.167404724121093750e+03
2.217878784179687500e+03
2.121804565429687500e+03
2.277964477539062500e+03
2.189168792724609375e+03
1.916147796630859375e+03
2.021172637939453125e+03
2.145290954589843750e+03
2.218372741699218750e+03
2.237021545410156250e+03
2.328880676269531250e+03
2.134443725585937500e+03
2.058169311523437500e+03
2.032066955566406250e+03
2.131739135742187500e+03
1.920239166259765625e+03
2.219099182128906250e+03
1.817955474853515625e+03
2.230373596191406250e+03
2.270989562988281250e+03
2.106738525390625000e+03
2.253000427246093750e+03
2.020218078613281250e+03
2.169260009765625000e+03
2.224365600585937500e+03
2.195993103027343750e+03
2.069446533203125000e+03
2.068593292236328125e+03
1.995371673583984375e+03
1.990798522949218750e+03
1.979668579101562500e+03
2.156185241699218750e+03
2.186071228027343750e+03
1.919544647216796875e+03
2.111174255371093750e+03
2.092968933105468750e+03
2.238203857421875000e+03
2.361051330566406250e+03
2.349590209960937500e+03
2.021088928222656250e+03
2.186509216308593750e+03
2.058653686523437500e+03
2.146764038085937500e+03
1.983136840820312500e+03
2.248575134277343750e+03
2.430252685546875000e+03
2.127371154785156250e+03
2.078420135498046875e+03
2.216617614746093750e+03
2.302215820312500000e+03
1.996829772949218750e+03
2.105220794677734375e+03
2.051105468750000000e+03
2.212779602050781250e+03
2.228252380371093750e+03
2.198860595703125000e+03
1.987713348388671875e+03
1.974080108642578125e+03
1.986020324707031250e+03
2.054767395019531250e+03
2.051316802978515625e+03
2.219421203613281250e+03
1.861405914306640625e+03
1.983298583984375000e+03
1.918929901123046875e+03
1.851180572509765625e+03
2.105508605957031250e+03
2.311438415527343750e+03
2.120531799316406250e+03
2.136372924804687500e+03
2.005377136230468750e+03
2.098789978027343750e+03
2.186906890869140625e+03
2.041033386230468750e+03
2.236863098144531250e+03
2.117422424316406250e+03
2.141919158935546875e+03
2.071324310302734375e+03
2.072426330566406250e+03
1.886103790283203125e+03
1.973396728515625000e+03
2.157207336425781250e+03
2.021416320800781250e+03
2.196159301757812500e+03
1.897474792480468750e+03
2.262728820800781250e+03
1.928149383544921875e+03
2.111854278564453125e+03
2.328753601074218750e+03
2.110998413085937500e+03
2.060485382080078125e+03
2.180597473144531250e+03
2.158286956787109375e+03
1.978804382324218750e+03
2.081026306152343750e+03
2.089853637695312500e+03
1.970652221679687500e+03
2.179255981445312500e+03
2.105992858886718750e+03
2.174467407226562500e+03
2.212869049072265625e+03
2.239032531738281250e+03
1.980212860107421875e+03
2.076517578125000000e+03
1.895364379882812500e+03
2.042854278564453125e+03
1.870969299316406250e+03
1.923386810302734375e+03
1.994789428710937500e+03
2.150089843750000000e+03
2.043490356445312500e+03
1.806254058837890625e+03
1.943265869140625000e+03
2.054699584960937500e+03
2.117532562255859375e+03
2.079935241699218750e+03
2.078809906005859375e+03
1.881946075439453125e+03
1.994758789062500000e+03
2.165805938720703125e+03
2.235486816406250000e+03
1.991215942382812500e+03
2.187243347167968750e+03
2.338971435546875000e+03
1.862753295898437500e+03
2.108125549316406250e+03
2.312627075195312500e+03
2.015144165039062500e+03
2.009004638671875000e+03
2.238471435546875000e+03
1.937418975830078125e+03
1.903915557861328125e+03
2.068272705078125000e+03
2.018571899414062500e+03
2.214572631835937500e+03
2.120722351074218750e+03
1.952785217285156250e+03
2.193454528808593750e+03
2.139248809814453125e+03
2.182989501953125000e+03
2.100803131103515625e+03
2.046626220703125000e+03
1.863369934082031250e+03
2.401069763183593750e+03
1.932307739257812500e+03
2.058237884521484375e+03
1.777540802001953125e+03
1.896473632812500000e+03
2.136547180175781250e+03
2.093301269531250000e+03
2.207149414062500000e+03
2.068305541992187500e+03
1.940152465820312500e+03
2.240266479492187500e+03
2.252331481933593750e+03
1.873741149902343750e+03
1.825539276123046875e+03
2.148160217285156250e+03
2.206767089843750000e+03
2.117968841552734375e+03
2.067913208007812500e+03
2.244101501464843750e+03
2.006920928955078125e+03
1.916266632080078125e+03
1.959544067382812500e+03
1.983637786865234375e+03
2.200850646972656250e+03
1.930552551269531250e+03
1.981432342529296875e+03
1.945116058349609375e+03
2.069556518554687500e+03
2.083081390380859375e+03
2.097302337646484375e+03
1.895380615234375000e+03
1.879718292236328125e+03
1.888110656738281250e+03
1.927544830322265625e+03
1.981362670898437500e+03
1.889253662109375000e+03
2.039887664794921875e+03
2.104012329101562500e+03
1.975816711425781250e+03
1.960811218261718750e+03
2.172216674804687500e+03
1.926633605957031250e+03
1.880472869873046875e+03
2.119416900634765625e+03
2.086258361816406250e+03
2.033773132324218750e+03
2.087732666015625000e+03
1.957110656738281250e+03
1.963624725341796875e+03
1.865424255371093750e+03
1.966628967285156250e+03
1.767624511718750000e+03
1.866252014160156250e+03
1.931026214599609375e+03
2.066305114746093750e+03
2.090020538330078125e+03
1.897096221923828125e+03
2.118208679199218750e+03
1.825896423339843750e+03
1.733409881591796875e+03
1.810648651123046875e+03
2.024606964111328125e+03
1.898745452880859375e+03
2.177448242187500000e+03
1.854513763427734375e+03
1.967125305175781250e+03
2.280876464843750000e+03
1.950913299560546875e+03
1.968673431396484375e+03
2.241982849121093750e+03
2.081515960693359375e+03
1.964415252685546875e+03
1.933432495117187500e+03
2.095742584228515625e+03
1.931158874511718750e+03
1.954950775146484375e+03
2.094142761230468750e+03
2.006264373779296875e+03
1.817044189453125000e+03
2.039536834716796875e+03
1.864099792480468750e+03
1.857616760253906250e+03
1.914904266357421875e+03
1.904512878417968750e+03
2.016018157958984375e+03
2.008492156982421875e+03
2.041659393310546875e+03
2.257628723144531250e+03
1.817251037597656250e+03
1.832149841308593750e+03
1.912558868408203125e+03
1.956956695556640625e+03
1.895113555908203125e+03
1.837630737304687500e+03
1.875808776855468750e+03
1.963761932373046875e+03
1.984635803222656250e+03
2.139470520019531250e+03
1.915097747802734375e+03
1.990876007080078125e+03
1.824056976318359375e+03
2.094218505859375000e+03
2.020731933593750000e+03
1.965862609863281250e+03
1.990536163330078125e+03
2.092293884277343750e+03
1.952414154052734375e+03
2.012309692382812500e+03
1.930039794921875000e+03
1.996004882812500000e+03
1.949785980224609375e+03
2.028964721679687500e+03
1.898087615966796875e+03
1.978596740722656250e+03
1.950922729492187500e+03
1.967850341796875000e+03
1.793884857177734375e+03
1.946470672607421875e+03
1.917962402343750000e+03
1.920821746826171875e+03
1.931641296386718750e+03
1.893441040039062500e+03
1.877871337890625000e+03
2.120400207519531250e+03
1.846306549072265625e+03
1.927713745117187500e+03
