5.599285278320312500e+03
5.589922188895089675e+03
5.544043195452009058e+03
5.632859671456472825e+03
5.626057809012277175e+03
5.658937691824777175e+03
5.573706856863839675e+03
5.636975673130580617e+03
5.486234898158481883e+03
5.495885707310268117e+03
5.311047485351562500e+03
5.545925083705356883e+03
5.458489955357143117e+03
5.513011369977678442e+03
5.495563738141740942e+03
5.404129446847097825e+03
5.451499808175222825e+03
5.357410173688615942e+03
5.488228550502231883e+03
5.466185267857143117e+03
5.425941423688615942e+03
5.371270804268972825e+03
5.301911568777902175e+03
5.350927664620535325e+03
5.319584699358259058e+03
5.165066615513393117e+03
5.296263828822544383e+03
5.229446306501115942e+03
5.260060110909597825e+03
5.207336565290178442e+03
5.045901872907365942e+03
5.219860892159597825e+03
5.148298985072544383e+03
5.079705252511160325e+03
5.209514264787946558e+03
5.158802769252231883e+03
5.139820940290178442e+03
4.977915788922990942e+03
5.203646344866071558e+03
5.132010968889509058e+03
4.934521240234375000e+03
5.070204153878347825e+03
5.062334838867187500e+03
5.025125174386160325e+03
4.908781877790178442e+03
5.098203438895089675e+03
4.902874860491071558e+03
4.813037458147321558e+03
5.034292131696428442e+03
5.064748360770089675e+03
4.881045235770089675e+03
4.940941319056919383e+03
4.844160818917410325e+03
4.969822509765625000e+03
4.920658830915178442e+03
4.785662039620535325e+03
4.876746686662946558e+03
4.609138392857143117e+03
4.790551600864955617e+03
4.645403023856027175e+03
4.800724591936384058e+03
4.754566162109375000e+03
4.946288731166294383e+03
4.660130004882812500e+03
4.752661516462053442e+03
4.599011893136160325e+03
4.680245605468750000e+03
4.597315909249441575e+03
4.588189801897321558e+03
4.745171351841518117e+03
4.751945260184152175e+03
4.647409807477678442e+03
4.591461844308035325e+03
4.510366969517299367e+03
4.561676304408481883e+03
4.465590087890625000e+03
4.647996634347097825e+03
4.713343505859375000e+03
4.535145734514509058e+03
4.527612915039062500e+03
4.480440482003347825e+03
4.432875540597097825e+03
4.373212559291294383e+03
4.403314906529018117e+03
4.498766584123884058e+03
4.450040492466518117e+03
4.580576764787946558e+03
4.486782889229910325e+03
4.462818568638393117e+03
4.478881461007254075e+03
4.522887137276785325e+03
4.400322021484375000e+03
4.348235055106027175e+03
4.466121651785714675e+03
4.578836024693080617e+03
4.309865530831472825e+03
4.363184012276785325e+03
4.172398236955915308e+03
4.324160356794084692e+03
4.315513227190290308e+03
4.385290989467075633e+03
4.455185843331472825e+03
4.236959010532924367e+03
4.205879350934709692e+03
4.222758806501115942e+03
4.218893249511718750e+03
4.197301295689174367e+03
4.316067600795200633e+03
4.195278294154575633e+03
4.235535374232700633e+03
4.295710239955356883e+03
4.364591988699777175e+03
4.100171813964843750e+03
4.236319928850446558e+03
4.183127049037388133e+03
4.175010977608816575e+03
4.207734261648995925e+03
4.056144409179687500e+03
4.195691624232700633e+03
3.977700378417968750e+03
4.114390625000000000e+03
4.182727390834263133e+03
4.097193350655691575e+03
4.089659188406807971e+03
4.169103149414062500e+03
3.897143851143973279e+03
4.055074663434709692e+03
3.966997148786272192e+03
4.028430585588727808e+03
4.033828848702567029e+03
3.906851989746093750e+03
3.961147373744419838e+03
4.018534075055803442e+03
3.953674734933035779e+03
3.943813694545201088e+03
3.965828412737165308e+03
3.894959437779017662e+03
3.981868041992187500e+03
3.911739214215959692e+03
3.963373491559709692e+03
3.907530552455357338e+03
3.961721156529017662e+03
3.857313738141740942e+03
3.765731427873884058e+03
4.046704956054687500e+03
4.061791242327009058e+03
3.892028625488281250e+03
3.912658054896763588e+03
3.920547624860490942e+03
3.955164934430803442e+03
3.831391775948660779e+03
3.815157252720423912e+03
3.898595894949776721e+03
3.709998508998326088e+03
3.855975891113281250e+03
3.789604178292410779e+03
3.722057686941964221e+03
3.806550920758928442e+03
3.727927603585379529e+03
3.743525556291852808e+03
3.691576851981026721e+03
3.925849818638392662e+03
3.716546988351004529e+03
3.711944501604352808e+03
3.824332292829240942e+03
3.658676592145647192e+03
3.723354091099330162e+03
3.645412545340401721e+03
3.718064775739397192e+03
3.688355555943080162e+03
3.740757812500000000e+03
3.616224888392857338e+03
3.537055908203125000e+03
3.694461635044642662e+03
3.670303937639509058e+03
3.639875531877790308e+03
3.625447780064173912e+03
3.669966892787388588e+03
3.582059134347098279e+03
3.564383405412946558e+03
3.628734854561942029e+03
3.624472848074776721e+03
3.609702880859375000e+03
3.560358354840959692e+03
3.658179739815848279e+03
3.659772051130022192e+03
3.589920322963169838e+03
3.608740016392298912e+03
3.491368669782365942e+03
3.504312604631696558e+03
3.487754272460937500e+03
3.529055646623884058e+03
3.485630650111607338e+03
3.539045331682477808e+03
3.462958687918526721e+03
3.477856183733259058e+03
3.560678283691406250e+03
3.502685407366071558e+03
3.524100359235490942e+03
3.495577959333147192e+03
3.433346147809709692e+03
3.524593130929129529e+03
3.511966866629464221e+03
3.522238560267857338e+03
3.497937962123326088e+03
3.474903390066964221e+03
3.356273411342076088e+03
3.421483163016182971e+03
3.386143371582031250e+03
3.398834917340959692e+03
3.379805428641182971e+03
3.358024937220982338e+03
3.325069667271205162e+03
3.355980704171317029e+03
3.419763968331473279e+03
3.383747331891740942e+03
3.189634207589285779e+03
3.243429382324218750e+03
3.380751630510602808e+03
3.250423880440848279e+03
3.403966090611048912e+03
3.409310538155692029e+03
3.234795610700334692e+03
3.364011335100446558e+03
3.231390415736607338e+03
3.129707484654017662e+03
3.251826337541852808e+03
3.195676635742187500e+03
3.302451293945312500e+03
3.199364423479352808e+03
3.202528329031807971e+03
3.308748317173548912e+03
3.306402265276227808e+03
3.223717041015625000e+03
3.259005432128906250e+03
3.077339050292968750e+03
3.403434657505580162e+03
3.316215096609932971e+03
3.157358511788504529e+03
3.158419233049665308e+03
3.125950491768973279e+03
3.272674918038504529e+03
3.238628130231584692e+03
3.265996843610490942e+03
3.204081342424665308e+03
3.204426068987165308e+03
3.157437037876673912e+03
3.124304643903459692e+03
3.135828342982701088e+03
3.078201529366629529e+03
3.132381225585937500e+03
3.125099722726004529e+03
3.165687787737165308e+03
3.246205322265625000e+03
3.108032723563057971e+03
3.046673374720982338e+03
3.131009538922990942e+03
3.148744175502232338e+03
3.067714991978236412e+03
3.035430376325334692e+03
3.047212663922990942e+03
3.083832249232701088e+03
3.022780752999442029e+03
3.047620448521205162e+03
3.116252415248326088e+03
3.155673897879464221e+03
3.016025399344307971e+03
3.169480730329240942e+03
3.122591700962611412e+03
2.977252275739397192e+03
2.988296404157365942e+03
3.005290222167968750e+03
3.117262904575892662e+03
3.059766479492187500e+03
2.954445347377232338e+03
2.919306597028459692e+03
2.863781372070312500e+03
2.974248517717634058e+03
3.006040291922432971e+03
2.999417210170201088e+03
2.960241612025669838e+03
2.884730451311384058e+03
3.116676958356584692e+03
2.974299307686942029e+03
2.958852181570870471e+03
2.879854631696428442e+03
2.995960144042968750e+03
2.806980930873326088e+03
2.929924316406250000e+03
3.055645533970423912e+03
2.861191911969865942e+03
2.945166067940848279e+03
2.871657836914062500e+03
2.776233189174107338e+03
2.926033726283482338e+03
2.908350385393415308e+03
3.019054050990513588e+03
2.922297781808035779e+03
2.912032784598214221e+03
2.900953499930245471e+03
2.879746224539620471e+03
2.924819519042968750e+03
2.956124459402901721e+03
2.842530883789062500e+03
2.782852085658482338e+03
2.821587402343750000e+03
2.807289411272321558e+03
2.761566973005022192e+03
2.795894993373326088e+03
2.921962332589285779e+03
2.810836469377790308e+03
2.909733040945870471e+03
2.842823320661272192e+03
2.839938441685267662e+03
2.772661211286272192e+03
2.801663356236048912e+03
2.726399797712053442e+03
2.778667297363281250e+03
2.776802777971540308e+03
2.809283891950334692e+03
2.760409502301897192e+03
2.723230834960937500e+03
2.853687351771763588e+03
2.739101710728236412e+03
2.750166826520647192e+03
2.853058558872767662e+03
2.800017578125000000e+03
2.687882847377232338e+03
2.613212027413504529e+03
2.714673444475446558e+03
2.688343645368303442e+03
2.759254647391182971e+03
2.667716666085379529e+03
2.714712960379464221e+03
2.741512433733259058e+03
2.687109470912388588e+03
2.613548662458147192e+03
2.749828360421317029e+03
2.845320390973772192e+03
2.754985804966517662e+03
2.670999790736607338e+03
2.773296604701451088e+03
2.786584655761718750e+03
2.719037475585937500e+03
2.714017953055245471e+03
2.608066153390067029e+03
2.666942923409598279e+03
2.670649457659040308e+03
2.724360430036272192e+03
2.631644321986607338e+03
2.693878487723214221e+03
2.664577907017298912e+03
2.571042096819196558e+03
2.624699262346540308e+03
2.654683166503906250e+03
2.648851135253906250e+03
2.540096156529017662e+03
2.584305733816964221e+03
2.618473990304129529e+03
2.489005083356584692e+03
2.645165998186384058e+03
2.707394513811384058e+03
2.572683890206473279e+03
2.625033551897321558e+03
2.629252467564173912e+03
2.634930986676897192e+03
2.677840314592634058e+03
2.611604596819196558e+03
2.614133998325892662e+03
2.530088509695870471e+03
2.650793875558035779e+03
2.589760672433035779e+03
2.633211870465959692e+03
2.606201686314173912e+03
2.584355259486607338e+03
2.499116986955915308e+03
2.540277413504464221e+03
2.554551339285714221e+03
2.540654218401227808e+03
2.479824837820870471e+03
2.601779994419642662e+03
2.657968226841517662e+03
2.553632306780134058e+03
2.476160670689173912e+03
2.554592320033482338e+03
2.476809509277343750e+03
2.545427307128906250e+03
2.508012390136718750e+03
2.494656032017298912e+03
2.529930271693638588e+03
2.647999668666294838e+03
2.476079119001115942e+03
2.566814008440290308e+03
2.461378557477678442e+03
2.503290196010044838e+03
2.532293866838727808e+03
2.523177703857421875e+03
2.488708539690290308e+03
2.508917881556919838e+03
2.527588623046875000e+03
2.480924700055803442e+03
2.429527988978794838e+03
2.451199087960379529e+03
2.395637564522879529e+03
2.459499093191964221e+03
2.503173235212053442e+03
2.464187587193080162e+03
2.579679713657923912e+03
2.457661839076451088e+03
2.506663626534598279e+03
2.463045148577009058e+03
2.477645464215959692e+03
2.477629865373884058e+03
2.316644880022321558e+03
2.451265799386160779e+03
2.317717555454798912e+03
2.478432887486048912e+03
2.489186453683035779e+03
2.429651515415736412e+03
2.450065115792410779e+03
2.458338640485490942e+03
2.426733481270926404e+03
2.409455575125557971e+03
2.324261029924665308e+03
2.405299848284040308e+03
2.353425188337053442e+03
2.281112697056361412e+03
2.375933707101004529e+03
2.355965724400111412e+03
2.365188633510044838e+03
2.322513597760881567e+03
2.439041294642857338e+03
2.317170985630580162e+03
2.301996847970145154e+03
2.336692304338727808e+03
2.397935049874442029e+03
2.271332781110490942e+03
2.283650957380022192e+03
2.315921783447265625e+03
2.360020708356584692e+03
2.327413783482142662e+03
2.365547467912946558e+03
2.358162327357701088e+03
2.332009225027901721e+03
2.295726440429687500e+03
2.220103746686662817e+03
2.341616245814732338e+03
2.347201625279017662e+03
2.244683197021484375e+03
2.340758797781807971e+03
2.351520464215959692e+03
2.280532697405134058e+03
2.296428527832031250e+03
2.409799577985490942e+03
2.336371704101562500e+03
2.239964747837611412e+03
2.368706263950892662e+03
2.187229322160993433e+03
2.347682543073381567e+03
2.329118495396205162e+03
2.307425253731863904e+03
2.238604470389229846e+03
2.274653006417410779e+03
2.209135035923548912e+03
2.276026637486048912e+03
2.230930158342634058e+03
2.432847098214285779e+03
2.275613015311104846e+03
2.186643354143415308e+03
2.350275565011160779e+03
2.330360586983817029e+03
2.235825247628348279e+03
2.195476566859654213e+03
2.220680969238281250e+03
2.252351928710937500e+03
2.278159920828682971e+03
2.237406066894531250e+03
2.165477783203125000e+03
2.206706843784877037e+03
2.190143476213727808e+03
2.267286834716796875e+03
2.289918988909040308e+03
2.246049739292689537e+03
2.307085614885602808e+03
2.231676382882254529e+03
2.235369384765625000e+03
2.237785147530692029e+03
2.210705771309988904e+03
2.256099666050502037e+03
2.217901637486048912e+03
2.237344146728515625e+03
2.178351736886160779e+03
2.154301195417131567e+03
2.278276088169642662e+03
2.161714564732142662e+03
2.096547232491629529e+03
2.128445914132254529e+03
2.123421177455357338e+03
2.215087777273995471e+03
2.163000854492187500e+03
2.247874363490513588e+03
2.249711138044084692e+03
2.189104701450892662e+03
2.212458626883370471e+03
2.188948089599609375e+03
2.203422738211495471e+03
2.137991550990513588e+03
2.036692321777343750e+03
2.158897321428571558e+03
2.225363656180245471e+03
2.198176348005022192e+03
2.057444488525390625e+03
2.165636147635323596e+03
2.119143999372209692e+03
2.076192919049944067e+03
2.136971038818359375e+03
2.074595759800502037e+03
2.151999206542968750e+03
2.138787506103515625e+03
2.114952702113560463e+03
2.129631700788225317e+03
2.178540902273995471e+03
2.085252554757254529e+03
2.055353729248046875e+03
2.089637455531529213e+03
2.171423601422990942e+03
2.081045183454240942e+03
2.142781672886439537e+03
2.093249067034040308e+03
2.106689562116350317e+03
2.168363281250000000e+03
2.041795074462890625e+03
2.116746629987444067e+03
2.040631312779017890e+03
2.180368347167968750e+03
2.171745679582868433e+03
2.118862313406807971e+03
2.159449210030692029e+03
2.082751116071428442e+03
2.059481100899832654e+03
2.081331355503627037e+03
2.124630166190011096e+03
2.061059779575892662e+03
2.044358420235770154e+03
2.088360273088727808e+03
2.019420218331473279e+03
2.096898284912109375e+03
2.087782610212053442e+03
2.034888619559151721e+03
2.065837075369698596e+03
1.982772622244698596e+03
1.991317034040178669e+03
2.039933144705636096e+03
2.097340253557477808e+03
1.951728519984653985e+03
2.065562277657645154e+03
2.059807965959821558e+03
2.090195329938615942e+03
2.050012542724609375e+03
1.971595241001674140e+03
1.979220428466796875e+03
2.080503914969307971e+03
1.991319732666015625e+03
2.043047219412667346e+03
2.021640781947544610e+03
1.953918247767857110e+03
1.966014896937778985e+03
2.077009255545479846e+03
1.974641496930803669e+03
1.993459677559988904e+03
2.106703390938895154e+03
2.043027313232421875e+03
2.065904628208705162e+03
1.988102046421596015e+03
1.976765498570033515e+03
2.008211011614118206e+03
2.046806409563336956e+03
1.948650242396763360e+03
1.942374607631138360e+03
1.986132677350725544e+03
2.078716404506138588e+03
1.939603179931640625e+03
1.908127938406807971e+03
1.955037876674107110e+03
1.907599670410156250e+03
1.874380916050502265e+03
1.950842045375278985e+03
1.951972503662109375e+03
2.041619602748325860e+03
1.963677429199218750e+03
1.943614894321986640e+03
1.892369349888392890e+03
1.895077654157366169e+03
1.964300541469028985e+03
1.927810804094586956e+03
1.933781267438616169e+03
1.953303357805524456e+03
1.915598458426339221e+03
1.993726126534598279e+03
1.968410348074776721e+03
1.882663160051618206e+03
2.032744432721819294e+03
1.874366119384765625e+03
1.975777779715401721e+03
1.936668400355747735e+03
1.963701777866908515e+03
1.985741128104073596e+03
1.870413107735770154e+03
1.951043609619140625e+03
1.952461787632533515e+03
1.922560843331473279e+03
1.963933005196707654e+03
1.883870326450892890e+03
2.014943106515067029e+03
1.918728206089564765e+03
1.850875845772879529e+03
1.911274762834821331e+03
1.971220724923270154e+03
1.832491965157645154e+03
1.875327989850725544e+03
1.840074584960937500e+03
1.830639116559709919e+03
1.894808441162109375e+03
1.876308022635323596e+03
1.893922607421875000e+03
1.889694314139229846e+03
1.923991965157645154e+03
1.883369406563895154e+03
1.906611624581473279e+03
1.912271183558872735e+03
1.895000505719866169e+03
1.843452758789062500e+03
1.831772713797432971e+03
1.916533865792410779e+03
1.938081573486328125e+03
1.845625562395368206e+03
1.851709350585937500e+03
1.885602979387555706e+03
1.875598597935267890e+03
1.916739641462053669e+03
1.859772687639508831e+03
1.847585527692522419e+03
1.846614541190011096e+03
1.929064492361886096e+03
1.831878566196986640e+03
1.904122794015067029e+03
1.863191284179687500e+03
1.890051884242466485e+03
1.734849517822265625e+03
1.847458918980189765e+03
1.933617069789341485e+03
1.878586425781250000e+03
1.867397273472377265e+03
1.844119349888392890e+03
1.893631134033203125e+03
1.894619877406528985e+03
1.806775020054408515e+03
1.785026685442243206e+03
1.824757995605468750e+03
1.883442060198102581e+03
1.893217956542968750e+03
1.822347032819475544e+03
1.795096949986049140e+03
1.830472189767020154e+03
1.786839324951171875e+03
1.813523080008370471e+03
1.868777718680245471e+03
1.915445181710379529e+03
1.824244206019810235e+03
1.808371987479073596e+03
1.866531132289341485e+03
1.784447222028459919e+03
1.738082807268415081e+03
1.797010001046317029e+03
1.843964106968471015e+03
1.747835471017020154e+03
1.861699907575334919e+03
1.773013196672711956e+03
1.763704127720424140e+03
1.791708195277622735e+03
1.848158673967633831e+03
1.788240875244140625e+03
1.757594674246651721e+03
1.801117026192801404e+03
1.758299490792410779e+03
1.694543147495814765e+03
1.827042755126953125e+03
1.795828853062221015e+03
1.765190198625836956e+03
1.747366485595703125e+03
1.765672947474888360e+03
1.746450426374163044e+03
1.734369092668805706e+03
1.745589072091238904e+03
1.754095057896205390e+03
1.715887124197823596e+03
1.672013610839843750e+03
1.714900992257254529e+03
1.789382280622209919e+03
1.752721540178571331e+03
1.750353751046317029e+03
1.741032723563057971e+03
1.757479705810546875e+03
1.801774723597935235e+03
1.766948381696428669e+03
1.782994384765625000e+03
1.822693206787109375e+03
1.744184156145368206e+03
1.725263388497488904e+03
1.723738891601562500e+03
1.721150041852678669e+03
1.764217577253069294e+03
1.711653363909040081e+03
1.775226584298270154e+03
1.762513471330915081e+03
1.695915950230189765e+03
1.767299442836216485e+03
1.704306326729910779e+03
1.740206769670758831e+03
1.645856201171875000e+03
1.766941877092633831e+03
1.761648018973214221e+03
1.648810337611607110e+03
1.736886744907924140e+03
1.745472285679408515e+03
1.749831678118024456e+03
1.657128483363560235e+03
1.708140189034598279e+03
1.726593671526227581e+03
1.796716827392578125e+03
1.674008967808314765e+03
1.734315115792410779e+03
1.687770987374442029e+03
1.648596012660435235e+03
1.742327174595424140e+03
1.716062539236886096e+03
1.778149278913225544e+03
1.614145516531807971e+03
1.694816179547991169e+03
1.670556684221540081e+03
1.673873386928013360e+03
1.679239519391741169e+03
1.673980647495814765e+03
1.717453552246093750e+03
1.741661363874163044e+03
1.617361781529017890e+03
1.614836020333426404e+03
1.732229217529296875e+03
1.700583709716796875e+03
1.706245640345982110e+03
1.721597930908203125e+03
1.623953587123325860e+03
1.732775787353515625e+03
1.660009469168526721e+03
1.606554574148995471e+03
1.674517133440290081e+03
1.709323856898716485e+03
1.625181697300502265e+03
1.606653621128627265e+03
1.631771105085100544e+03
1.699172542027064765e+03
1.592305380684988904e+03
1.732844277518136096e+03
1.646708805629185235e+03
1.667105852399553669e+03
1.671919525146484375e+03
1.644108734130859375e+03
1.690118791852678669e+03
1.643585558210100544e+03
1.723702593122209919e+03
1.668998251778738904e+03
1.562711735316685235e+03
1.573171704973493206e+03
1.694030744280133831e+03
1.628629943847656250e+03
1.686154898507254529e+03
1.711143859863281250e+03
1.628171308244977581e+03
1.580364070347377265e+03
1.634488534109932971e+03
1.644835758754185235e+03
1.554688855852399456e+03
1.616473440987723279e+03
1.640922694614955390e+03
1.646185215541294610e+03
1.671430297851562500e+03
1.593257372174944294e+03
1.552385031563895154e+03
1.630927350725446331e+03
1.600305812290736640e+03
1.656523720877511096e+03
1.680515476771763360e+03
1.599846788678850544e+03
1.637965794154575860e+03
1.602376102992466485e+03
1.590217729840959919e+03
1.695864297049386096e+03
1.634177921840122735e+03
1.612746913364955390e+03
1.628102970668247735e+03
1.653541107177734375e+03
1.555366668701171875e+03
1.594722255161830390e+03
1.477348331996372735e+03
1.602427738734653985e+03
1.590931793212890625e+03
1.645004180908203125e+03
1.526620544433593750e+03
1.574227028982979846e+03
1.578267464773995471e+03
1.597091099330357110e+03
1.574137254987444294e+03
1.510874991280692029e+03
1.549377162388392890e+03
1.500537275041852581e+03
1.508741904122488904e+03
1.574865042550223279e+03
1.504422045026506794e+03
1.605204184395926404e+03
1.575392159598214221e+03
1.557343994140625000e+03
1.571248604910714221e+03
1.531404170445033515e+03
1.563743076869419610e+03
1.612849020821707654e+03
1.547316550118582654e+03
1.602640032087053669e+03
1.633871560232979846e+03
1.548397896902901721e+03
1.586995679582868206e+03
1.585746586390903985e+03
1.599561056954520154e+03
1.516377179827008831e+03
1.552029231480189765e+03
1.533068080357142890e+03
1.521898284912109375e+03
1.586079716273716485e+03
1.556935686383928669e+03
1.541295065743582654e+03
1.510986458914620471e+03
1.468498570033482110e+03
1.593810036795479846e+03
1.511308083670479846e+03
1.511518824986049140e+03
1.547831621442522419e+03
1.554852578299386096e+03
1.600506761823381794e+03
1.549759639195033515e+03
1.461231828962053669e+03
1.550804168701171875e+03
1.615682080950055706e+03
1.539320334298270154e+03
1.522047193254743206e+03
1.569278285435267890e+03
1.553696289062500000e+03
1.559338470458984375e+03
1.588360870361328125e+03
1.541578247070312500e+03
1.554881818498883831e+03
1.527619968959263360e+03
1.515170331682477581e+03
1.503391841343471015e+03
1.551850084577288044e+03
1.469662309919084919e+03
1.560667205810546875e+03
1.517520642961774456e+03
1.497499280657086956e+03
1.487471784319196331e+03
1.511515337262834919e+03
1.473263262067522419e+03
1.543964603969028985e+03
1.568078957693917346e+03
1.504509900774274456e+03
1.516374341692243206e+03
1.499463662283761096e+03
1.529327222551618206e+03
1.548829236711774456e+03
1.414013881138392890e+03
1.478899479457310235e+03
1.587868207659040081e+03
1.474668038504464221e+03
1.512547528948102581e+03
1.497114619663783515e+03
1.491074148995535779e+03
1.501254002162388360e+03
1.458383274623325860e+03
1.478361964634486640e+03
1.466250348772321331e+03
1.471296796526227581e+03
1.544015934535435235e+03
1.545857020786830390e+03
1.490356358119419610e+03
1.510377589634486640e+03
1.480174996512276721e+03
1.511509469168526721e+03
1.418717468261718750e+03
1.450486934116908515e+03
1.468851736886160779e+03
1.479339913504464221e+03
1.479259844098772419e+03
1.469952501569475544e+03
1.529764386858258831e+03
1.489602399553571331e+03
1.491934352329799140e+03
1.448340144566127265e+03
1.471702170235770154e+03
1.461685808454241169e+03
1.495107312883649456e+03
1.531644260951450860e+03
1.437448181152343750e+03
1.509027548653738904e+03
1.476370439801897419e+03
1.423677084786551404e+03
1.437676417759486640e+03
1.456592673165457654e+03
1.450908133370535779e+03
1.416549429757254529e+03
1.424579175676618206e+03
1.496211547851562500e+03
1.455490648542131794e+03
1.446027321951729846e+03
1.385092311314174140e+03
1.372939871651785779e+03
1.389826572963169610e+03
1.470079262869698596e+03
1.488609483991350544e+03
1.423178968157086956e+03
1.438913561139788044e+03
1.424602185930524456e+03
1.485087027413504529e+03
1.409771902901785779e+03
1.479084293910435235e+03
1.490492122105189765e+03
1.409743865966796875e+03
1.422127406529017890e+03
1.478645969935825860e+03
1.460394766671317029e+03
1.410966142926897419e+03
1.418600633893694294e+03
1.432329633440290081e+03
1.453589237758091485e+03
1.405112627301897419e+03
1.489618752615792346e+03
1.392952545166015625e+03
1.420748801095145154e+03
1.399237248011997735e+03
1.391742030552455390e+03
1.386027561732700860e+03
1.432141797746930706e+03
1.442272286551339221e+03
1.414178641183035779e+03
1.494551470075334919e+03
1.419018009730747735e+03
1.441845498221261096e+03
1.469951559884207654e+03
1.380748190743582654e+03
1.477193712506975544e+03
1.349343728201729846e+03
1.395488704136439765e+03
1.381065093994140625e+03
1.431280905587332654e+03
1.487958814348493206e+03
1.340133013044084919e+03
1.429092629568917346e+03
1.396626320975167346e+03
1.398218858991350544e+03
1.401117052350725544e+03
1.405471840994698596e+03
1.407781742640903985e+03
1.376142094203403985e+03
1.403949153355189765e+03
1.405690856933593750e+03
1.367649544852120471e+03
1.315642839704241169e+03
1.383359688895089221e+03
1.414995540073939765e+03
1.398596195765903985e+03
1.363402526855468750e+03
1.481168919154575860e+03
1.442198713030133831e+03
1.423707968575613904e+03
1.432749938964843750e+03
1.377736040387834919e+03
1.425335144042968750e+03
1.312755253383091485e+03
1.396676186697823596e+03
1.313089364188057971e+03
1.368463413783482110e+03
1.455204289027622735e+03
1.333104431152343750e+03
1.468699497767857110e+03
1.349987758091517890e+03
1.383299974714006794e+03
1.400706019810267890e+03
1.369102966308593750e+03
1.352475755964006794e+03
1.363788155691964221e+03
1.388220023018973279e+03
1.354808890206473279e+03
1.394391610281807971e+03
