6.770502874162048768e-02
5.851854107342660538e-02
5.456697169691324123e-02
5.107914185151457565e-02
5.070109252352267282e-02
4.987209365237504216e-02
4.875078697688877555e-02
4.824807183351367823e-02
4.893099944572895654e-02
4.878704298287630386e-02
4.780329950619489204e-02
4.704520851839334022e-02
4.697847646893933693e-02
4.703548538731411321e-02
4.674333202652633523e-02
4.652543764095753293e-02
4.685191304422915010e-02
4.642450781073421268e-02
4.676463604904711191e-02
4.610073845833539963e-02
4.689622164238244073e-02
4.592392276041210031e-02
4.696738949045538986e-02
4.551044797291978888e-02
4.649726005271077184e-02
4.663167727878317348e-02
4.632890448439866415e-02
4.688554087886586536e-02
4.606977730989456066e-02
4.504241570830345293e-02
4.477633763570338515e-02
4.520060005597770214e-02
4.517372197471559297e-02
4.501741496846079632e-02
4.442864378448575791e-02
4.467198000289499676e-02
4.423094795085489445e-02
4.575624064775183492e-02
4.486389058409259029e-02
4.430039412342012123e-02
4.465918537229299212e-02
4.449091992573812882e-02
4.391406475333496651e-02
4.396813968429341690e-02
4.481519652763381323e-02
4.409707249607890817e-02
4.383971334900706868e-02
4.397712788544595047e-02
4.373045553686097375e-02
4.373716172296553822e-02
4.399586387444287539e-02
4.327286360552534683e-02
4.350712824380024990e-02
4.321328066289424619e-02
4.380698379129171344e-02
4.368243696866556947e-02
4.323625917080789471e-02
4.334184939740225867e-02
4.304779691854491996e-02
4.365030839806422619e-02
4.322746878024190387e-02
4.309321464039385374e-02
4.316177516942843601e-02
4.285371151752769697e-02
4.333625345025211850e-02
4.318988523911684863e-02
4.296742932405323012e-02
4.291117464890703559e-02
4.310276150004938023e-02
4.270156341139227235e-02
4.289205294800921969e-02
4.439275054261088149e-02
4.283063499722630091e-02
4.267820804845541549e-02
4.308445052010938248e-02
4.234223638661206018e-02
4.217156861443072807e-02
4.246238529682159341e-02
4.280050489818677112e-02
4.232574363937601641e-02
4.231358309043571631e-02
4.264981619780883193e-02
4.228479257784784062e-02
4.223847460234537998e-02
4.213265512138605201e-02
4.305692689027637576e-02
4.265914062736556045e-02
4.212823636131361044e-02
4.223417195025831739e-02
4.201509925303980458e-02
4.226634295424446658e-02
4.292828006204217617e-02
4.222790609812363677e-02
4.172755199950188565e-02
4.183759514708072086e-02
4.230985040543600723e-02
4.175556458299979623e-02
4.210406455677002946e-02
4.278009987203404418e-02
4.261285192100330854e-02
4.219940521754324270e-02
4.232277886942029110e-02
4.164183554705232215e-02
4.160541214747354166e-02
4.219431070610880907e-02
4.272874609800055706e-02
4.154490164481103309e-02
4.245744915446266615e-02
4.186395274475216560e-02
4.242739224573597451e-02
4.193112466484308354e-02
4.160752259427681621e-02
4.274117904482409303e-02
4.152719598030671366e-02
4.170507206814363932e-02
4.173983832821250017e-02
4.149346217513084217e-02
4.148954985197633727e-02
4.142211172962561444e-02
4.197262787027284531e-02
4.134240429615601564e-02
4.270315073197707839e-02
4.132579711033031178e-02
4.131406862288713316e-02
4.120366088347509476e-02
4.094541060039773306e-02
4.212126421509310853e-02
4.117681551259010780e-02
4.128919614944606686e-02
4.110873800702392888e-02
4.146731216693297362e-02
4.119751349557190800e-02
4.123765910742804158e-02
4.339409545995295131e-02
4.125477845314889924e-02
4.100664849393069467e-02
4.106382257072255237e-02
4.098034284543246308e-02
4.088512953137978662e-02
4.099549407372251458e-02
4.107358091510832088e-02
4.094185367925092661e-02
4.081161102512851496e-02
4.125360255828127570e-02
4.066354448674246863e-02
4.063004975439980793e-02
4.088391266530379958e-02
4.104930308414623391e-02
4.074580723885446593e-02
4.071926438948139659e-02
4.072666001273319430e-02
4.095849513541906933e-02
4.118840747280046177e-02
4.110672772396355840e-02
4.119112029438838640e-02
4.110857982188462906e-02
4.103655460989102943e-02
4.116389144444838194e-02
4.107209511799737867e-02
4.073855503462255057e-02
4.101887172320857478e-02
4.060916868969798033e-02
4.131221908144652732e-02
4.062325267121195960e-02
4.071439131861552541e-02
4.056977604981511915e-02
4.068413929315283645e-02
4.092383655020967459e-02
4.075220793951302850e-02
4.059717103838920288e-02
4.031682342989370560e-02
4.044619867112487360e-02
4.091365505009889741e-02
4.047889722511172073e-02
4.064570408780127792e-02
4.087707920465618455e-02
4.053648485569283366e-02
4.036551064113155091e-02
4.044851821148767734e-02
4.063323559006676300e-02
4.098242788808420523e-02
4.032181825721636165e-02
4.077927861595526116e-02
4.033156960736960367e-02
4.026283120037987828e-02
4.027065856847911879e-02
4.050762888509780446e-02
4.044683262472972135e-02
4.033761211903765659e-02
4.025481265038251960e-02
4.071662588743493044e-02
4.038883763598278415e-02
4.040439130272716062e-02
3.999717631377279481e-02
4.001354917651042675e-02
4.019251886755228348e-02
4.017859042156488036e-02
4.013600411824882336e-02
4.042592975310980996e-02
4.047943134559318229e-02
4.018273876747116558e-02
3.975844968343153485e-02
4.018441130407154893e-02
4.015048253815620832e-02
4.025166492210700830e-02
3.989816270535812004e-02
4.022353806998580500e-02
4.027646745089441538e-02
4.038909808499738241e-02
4.028159152716398461e-02
4.024102773750200951e-02
3.997093380661681516e-02
4.007976092630997217e-02
4.042102586012333298e-02
3.980749017326161432e-02
4.051111331675201488e-02
3.978880360256880494e-02
4.017418857198208626e-02
4.023858390981331634e-02
4.012270301813259527e-02
4.061884064227342522e-02
4.039075677748769216e-02
3.989753108937293263e-02
4.005625570192933305e-02
4.006374461576342472e-02
4.025026269722729866e-02
3.993168568704277138e-02
3.983139494666829844e-02
3.965631396975368567e-02
4.010620197746903037e-02
3.990956534631550506e-02
3.998542519286275160e-02
4.005238085752352989e-02
3.957284595351666379e-02
4.033096006605774164e-02
4.012696709018200719e-02
3.988682295661419297e-02
4.087628885172307769e-02
4.037396844476461716e-02
3.995758645934983921e-02
4.015848675742745427e-02
4.003558565396815594e-02
3.986848508007824476e-02
3.994543536100536585e-02
4.004955659387633010e-02
3.998592539224773978e-02
3.986874058842659191e-02
3.983567574759945551e-02
3.963667941978201575e-02
3.945246493909507907e-02
4.018790903035551060e-02
3.981846655951813002e-02
3.987853056285530634e-02
3.981684257509186808e-02
3.956034580944105955e-02
3.964466309873387190e-02
3.968386902008205763e-02
3.956428603036329233e-02
3.978940062457695520e-02
3.980025474913418543e-02
3.998776389285921967e-02
3.931058584479615176e-02
3.984895004192367390e-02
3.978325935779139511e-02
3.936899025691673049e-02
3.934123215731233358e-02
3.973148827208206058e-02
3.945711536332965202e-02
3.975655957823619191e-02
4.009347308659926001e-02
3.966629177331924133e-02
3.962198901688680081e-02
3.965828715357929551e-02
3.951244032708928211e-02
4.003491762327029968e-02
3.951527662342414066e-02
3.966089829336851696e-02
3.962457451969385314e-02
3.937564150430262339e-02
3.947536241728812761e-02
3.955391913419589733e-02
3.955446457723155868e-02
3.934372826945036622e-02
3.947042527375742987e-02
3.970321077620610900e-02
3.959485556930303352e-02
3.933629927691072170e-02
3.929763253778219279e-02
3.942767224274575794e-02
3.940001398557797102e-02
3.941843346925452685e-02
3.966315371217206398e-02
3.948765906970948258e-02
3.945873146876692494e-02
3.934689691755920843e-02
3.953620667336508326e-02
3.957353537203744248e-02
3.982299449387937534e-02
3.962996547808870368e-02
3.939588435227051044e-02
3.940732792019843722e-02
3.946967035997658857e-02
3.946711040101945345e-02
3.966242661932483510e-02
3.914484393550082819e-02
3.918063303688541082e-02
3.928936684736981932e-02
3.910809318302198995e-02
3.894989882130175940e-02
3.913176065310836060e-02
3.912844724254682660e-02
3.977541038999334033e-02
3.904618318192661086e-02
3.942780804121866906e-02
3.946297734044492550e-02
3.927555395290255325e-02
3.922856342978775501e-02
3.934344436042010867e-02
3.937797820195555742e-02
3.922789639793336502e-02
3.894252187805249954e-02
3.930389484390616611e-02
3.921961358515545920e-02
3.968354665441438389e-02
3.954878564691170773e-02
3.916715439874678822e-02
3.956730278208851759e-02
3.927011596737429305e-02
3.944013159023598142e-02
3.907237112754955582e-02
3.935099838767200375e-02
3.913551216945052036e-02
3.916095475899055572e-02
3.913786665303632673e-02
3.906653544167056763e-02
3.926415306748822637e-02
3.907322614686563333e-02
3.919372218893840687e-02
3.946339824469759922e-02
3.907251587603241538e-02
3.905043549370020711e-02
3.908850141335278722e-02
3.905880760867148915e-02
3.919217040995135598e-02
3.926711244974285392e-02
3.911745830671861657e-02
3.919990510446950960e-02
3.934023778187110965e-02
3.922549665905535055e-02
3.973956884816289004e-02
3.908486562315374724e-02
3.921722285449504714e-02
3.896659339312463777e-02
3.897444641916081309e-02
3.930248842574655954e-02
3.910478422651067487e-02
3.895657718414440723e-02
3.921905963448807375e-02
3.911982431542128380e-02
3.929026765516027697e-02
3.932783920317887982e-02
3.912689214805140786e-02
3.903348208637907879e-02
3.887372577562928089e-02
3.891136092133819918e-02
3.892130446853116210e-02
3.878101698821410231e-02
3.903344823047518591e-02
3.859280378790572175e-02
3.900257263798266594e-02
3.912238213699310851e-02
3.901754881488159188e-02
3.876303177792578963e-02
3.880811065435409851e-02
3.880809527589008240e-02
3.932597278850152867e-02
3.894953105133026894e-02
3.902589079923927950e-02
3.896757270442322008e-02
3.878541702171787314e-02
3.893139397492632187e-02
3.909934351686387977e-02
3.862920755986123944e-02
3.904429641086608338e-02
3.902160915546119130e-02
3.880383061943575712e-02
3.914336221059784571e-02
3.901328607229515716e-02
3.910120427375659430e-02
3.890813462436198966e-02
3.909067556727677251e-02
3.882904669502749984e-02
3.862208415288478219e-02
3.888759403955191485e-02
3.854443641845137214e-02
3.869561195140704818e-02
3.852209081407636376e-02
3.908145388122648278e-02
3.887595840962603660e-02
3.885046806186437385e-02
3.905941455624997727e-02
3.878718935651704475e-02
3.861167951254174113e-02
3.883197955787182076e-02
3.888861837331205468e-02
3.873208278324455356e-02
3.864488546969369054e-02
3.857213657815009022e-02
3.858285951660946067e-02
3.892733051441609610e-02
3.891882870579138620e-02
3.880977737717330317e-02
3.893580442760139620e-02
3.883863045834004546e-02
3.870192469097673976e-02
3.870457878103479576e-02
3.856171621009707451e-02
3.872110426658764704e-02
3.890044250525534486e-02
3.868182876147329557e-02
3.900738796452060675e-02
3.897169317817315154e-02
3.889729976654052873e-02
3.879623229615389995e-02
3.846420389367267295e-02
3.869543708628043338e-02
3.866555492393672355e-02
3.875291137723252399e-02
3.869915805291384431e-02
3.839458240661770133e-02
3.861706778407096585e-02
3.872154870769008855e-02
3.896640720777213435e-02
3.858830278972164018e-02
3.883658070815727142e-02
3.846942156553268682e-02
3.870613003149628306e-02
3.919052250916138513e-02
3.863348658895120191e-02
3.853892602492123981e-02
3.880109327845275569e-02
3.867081441218033627e-02
3.870075773447752276e-02
3.875359534984454402e-02
3.879366661421954771e-02
3.859854014357552016e-02
3.866211352171376042e-02
3.843014780199155433e-02
3.856308918911963840e-02
3.848511235788464740e-02
3.860573576530441919e-02
3.854115264723077111e-02
3.878599947784096280e-02
3.880475300597027027e-02
3.878980537410825491e-02
3.844807068584486787e-02
3.861203897045925593e-02
3.825654684798791838e-02
3.849381775828078500e-02
3.881862108362838654e-02
3.840742484433576354e-02
3.860031108837574942e-02
3.847474763169884959e-02
3.871510315220803161e-02
3.869172393111511982e-02
3.842585958540439828e-02
3.848890235414728633e-02
3.847257603192701797e-02
3.849797432543709819e-02
3.864793800516053840e-02
3.855662555433810035e-02
3.903245156398042759e-02
3.861089349025860484e-02
3.839680279139429109e-02
3.853813153225928850e-02
3.828435712261125251e-02
3.842944002477452492e-02
3.871749115409329339e-02
3.838876789901405490e-02
3.860690251458435973e-02
3.847465444356203135e-02
3.878847984829917467e-02
3.823537692893296674e-02
3.835193725768476503e-02
3.843241159571334636e-02
3.841437402181327454e-02
3.862394627649336915e-02
3.850439116824418140e-02
3.844068972626701192e-02
3.845268089091405384e-02
3.852240420412272187e-02
3.853278661379590936e-02
3.833340540993959017e-02
3.836469440255314139e-02
3.830765101592988053e-02
3.850339177530259088e-02
3.843921026447787853e-02
3.829202461289241827e-02
3.855116376187652655e-02
3.815456943120807548e-02
