3.606190844997763656e-01
2.597612839937210039e-01
2.386234504729509431e-01
2.274612890556454714e-01
2.178992519900202762e-01
2.122151801362633650e-01
2.069684407487511757e-01
2.028731282800436131e-01
1.999212829023599702e-01
1.964910233020782382e-01
1.935705323889851670e-01
1.915677969530224789e-01
1.899097529426217179e-01
1.874756257981061991e-01
1.856132496520876973e-01
1.844817711412906625e-01
1.836886314302682843e-01
1.821295618265867111e-01
1.809031577035784821e-01
1.804431457445025422e-01
1.793176497519016199e-01
1.784471636265516359e-01
1.775215350463986430e-01
1.769631332159042336e-01
1.760057279095053606e-01
1.757886585965752479e-01
1.744661339744925377e-01
1.731403464451432284e-01
1.735202748700976350e-01
1.720982014387845982e-01
1.726088478788733449e-01
1.722267102822661322e-01
1.718659566715359799e-01
1.710627681016921864e-01
1.702889267727732692e-01
1.696295370534062485e-01
1.695675190910697072e-01
1.688926917687058327e-01
1.688491274788975760e-01
1.682678080350160643e-01
1.681965813413262290e-01
1.671552915498614178e-01
1.676834775879979256e-01
1.670487951859831732e-01
1.666837706416845200e-01
1.658424528315663449e-01
1.659021881595253989e-01
1.661856184154748839e-01
1.652611432224512233e-01
1.653486975654959723e-01
1.644760889187455166e-01
1.644664218276739032e-01
1.640469157323241334e-01
1.641094209626317024e-01
1.642457221820950442e-01
1.637307675182819444e-01
1.637530272454023328e-01
1.630347652733326047e-01
1.625957545265555304e-01
1.630067936703562814e-01
1.622680472210049629e-01
1.621054335497319754e-01
1.622576422989368550e-01
1.625990780629217591e-01
1.621522264182567730e-01
1.617721400409936894e-01
1.613828954473137955e-01
1.613797681406140272e-01
1.602628726139664617e-01
1.608941525593400035e-01
1.608222082443535317e-01
1.612081068754196156e-01
1.604991504922509138e-01
1.606342350691556953e-01
1.600956567376851936e-01
1.596439246460795436e-01
1.598176858015358526e-01
1.592269779369235028e-01
1.596513506956398487e-01
1.594230699911713678e-01
1.594720497541129711e-01
1.586366037093102921e-01
1.590146801993250758e-01
1.585857440158724707e-01
1.587324367277324066e-01
1.589827330037951458e-01
1.585182528197765228e-01
1.582592838816344605e-01
1.573660261183977005e-01
1.586662971414625756e-01
1.582818100601434685e-01
1.586521690152585540e-01
1.573961324989795740e-01
1.576705065928399596e-01
1.571123397722840320e-01
1.571534653753042243e-01
1.571617944538593326e-01
1.569697500020265646e-01
1.573248901590705018e-01
1.568343896791338787e-01
1.566884134337306056e-01
1.562122048065066326e-01
1.565219644457101766e-01
1.565212247148156099e-01
1.558320274390280202e-01
1.560615797154605300e-01
1.561734543740749270e-01
1.555994544178247452e-01
1.565702999942004681e-01
1.560535230673849583e-01
1.560317194648087047e-01
1.554994600825011786e-01
1.557693144492804938e-01
1.561579087376594455e-01
1.559258399158716113e-01
1.558303253911435537e-01
1.550101820193231228e-01
1.548535051755607073e-01
1.549552431330084856e-01
1.550073901005089294e-01
1.548324356786906775e-01
1.551791220903396551e-01
1.551469954289496078e-01
1.548996653966605574e-01
1.546614944562315908e-01
1.537311976961791560e-01
1.543095769919455018e-01
1.545249480009079079e-01
1.543544683605432566e-01
1.541177896782755796e-01
1.543444529362022755e-01
1.541693283431231909e-01
1.546319094859063548e-01
1.538149650581180916e-01
1.541318055987358215e-01
1.534794662706553958e-01
1.539154748618602742e-01
1.530819099396467098e-01
