4.354783342033624605e-01
3.272973666340112664e-01
2.650357981026172371e-01
2.396774689853191365e-01
2.363868149369955096e-01
2.288677312806248754e-01
2.206455492600798707e-01
2.172167823836207434e-01
2.145857522636651915e-01
2.106639163196086795e-01
2.117773178219795327e-01
2.070903282240033061e-01
2.056923342868685611e-01
2.032728850096464090e-01
2.016873275116085884e-01
2.084374852851033078e-01
2.069352808594703552e-01
1.973549172654747996e-01
1.984648731350898698e-01
1.957552851736545640e-01
1.995355742052197512e-01
1.938568225875496875e-01
1.977874112129211492e-01
1.919340949878096669e-01
2.014204086363315660e-01
1.927494585886597722e-01
1.914112615957856145e-01
2.049492294341325738e-01
1.904440153762698151e-01
1.906077125668525774e-01
1.882035748846828949e-01
1.928219804354011913e-01
1.877503503486513958e-01
1.895855181105434994e-01
1.852958643063902788e-01
1.960631744191050629e-01
1.937032722681760744e-01
1.835925891622900985e-01
1.839894586987793346e-01
1.908317439816892280e-01
1.836274939961731467e-01
1.866525855287909375e-01
1.815685959905385949e-01
1.892178530618548460e-01
1.814908587746322244e-01
1.813985434360802229e-01
1.898812194354832228e-01
1.815686159580945924e-01
1.801610312424600235e-01
1.803557043895125389e-01
1.794679166190326081e-01
1.815799258276820094e-01
1.776333583332598276e-01
1.782759135030209940e-01
1.794048047251999289e-01
1.809086375311017014e-01
1.780895030684769287e-01
1.779156684689223722e-01
1.786651444993913040e-01
1.786796485632657916e-01
1.912754973955452520e-01
1.807533013634383678e-01
1.775271010398864757e-01
1.774066310934722390e-01
1.828192442096769899e-01
1.763879625126719419e-01
1.768171644955873478e-01
1.774237164855003435e-01
1.743376970477402144e-01
1.760595344007015173e-01
1.760827079974114917e-01
1.743709194660186812e-01
1.769167127832770303e-01
1.773771127685904447e-01
1.770478612184524514e-01
1.766130393557250600e-01
1.739771342463791448e-01
1.739155383780598696e-01
1.749669880419969514e-01
1.743164710141718310e-01
1.740775669738650333e-01
1.726163098216056957e-01
1.738698492571711662e-01
1.745759098790586050e-01
1.734230329655110925e-01
1.729787190072238356e-01
1.743038203939795416e-01
1.739781270921230416e-01
1.727759612910449438e-01
1.734656288474798191e-01
1.763026326522231235e-01
1.721321189589798406e-01
1.722059869393706422e-01
1.725852427072823159e-01
1.753014651872217555e-01
1.722599615342915169e-01
1.715274813584983238e-01
1.724113563075661548e-01
1.769973848387599025e-01
1.729028907045722097e-01
1.735944826714694578e-01
1.723923074454069004e-01
1.727566948160529081e-01
1.718802261166274548e-01
1.723818004131317250e-01
1.725621792487800066e-01
1.708638195507228286e-01
1.713102945499122010e-01
1.736956016533076630e-01
1.705187854729592889e-01
1.708349752798676568e-01
1.705741686001419899e-01
1.710921461321413539e-01
1.700672711804509241e-01
1.700030671805143334e-01
1.722311541810631619e-01
1.703785237111151152e-01
1.709157759696245116e-01
1.697357437945902214e-01
1.695684189908206463e-01
1.695322520844638470e-01
1.693186325393617186e-01
1.698770362883806340e-01
1.706938039325177625e-01
1.701031016372144267e-01
1.695270616933703400e-01
1.683850629813969102e-01
1.696590847708284722e-01
1.686988687701523326e-01
1.689427821524441264e-01
1.698966458812355973e-01
1.683290232531726438e-01
1.685852817073464349e-01
1.688591160438954741e-01
1.686579513736069236e-01
1.694971142709255085e-01
1.687570444680750459e-01
1.681923246011138018e-01
