1.579677207129342176e-01
1.608894738767828181e-01
1.691772027739456841e-01
1.626610021506036952e-01
1.711873954960278221e-01
1.646273604461125084e-01
1.635471172630786896e-01
1.536058762243815712e-01
1.742672100663185120e-01
1.560635566711425781e-01
1.597468507077012823e-01
1.654244938067027382e-01
1.476193150239331342e-01
1.664243734308651634e-01
1.592096521386078545e-01
1.542888650936739825e-01
1.516892659877027705e-01
1.568282544612884521e-01
1.598443410226277062e-01
1.586051907922540471e-01
1.519829875656536766e-01
1.550357565283775330e-01
1.531779579818248749e-01
1.529167081628526881e-01
1.582958107548100568e-01
1.573051129068647191e-01
1.507778950035572052e-01
1.545041360493217275e-01
1.598090412361281298e-01
1.642360921416963770e-01
1.609159612229892067e-01
1.560676135122776031e-01
1.528649527047361567e-01
1.574682439012186908e-01
1.535756662487983704e-01
1.542924493551254272e-01
1.487096670482839778e-01
1.525495073625019737e-01
1.549658791295119575e-01
1.526107239936079218e-01
1.358816102147102356e-01
1.509198679455689140e-01
1.558913652385984228e-01
1.468959078192710876e-01
1.543093850570065595e-01
1.494975707360676476e-01
1.562462188303470612e-01
1.512614648256982997e-01
1.531963135514940455e-01
1.515061727591923424e-01
1.494539896292345904e-01
1.421231425234249779e-01
1.538721977600029656e-01
1.383301567818437383e-01
1.546024328895977684e-01
1.528109924069472603e-01
1.542098208197525688e-01
1.514516201402459905e-01
1.433939396270683952e-01
1.494666215564523504e-01
1.474767204906259344e-01
1.525238555456910894e-01
1.513409875333309174e-01
1.533643864095211029e-01
1.444363663239138507e-01
1.484752169677189537e-01
1.461009340626852893e-01
1.471146967794214055e-01
1.449323405644723228e-01
1.562967939036233045e-01
1.515425071120262146e-01
1.493758702916758441e-01
1.541214744959558680e-01
1.517207287251949310e-01
1.496117386434759333e-01
1.408425755798816681e-01
1.475252439933163739e-01
1.458933449217251488e-01
1.501155809632369331e-01
1.532699178372110560e-01
1.456321823809827998e-01
1.540034844407013603e-01
1.412721632846764275e-01
1.559887629534517095e-01
1.439876795879432014e-01
1.388477922550269417e-01
1.465814379709107496e-01
1.558273929570402339e-01
1.472606243831770800e-01
1.466502392930643939e-01
1.476436390408447930e-01
1.426493602671793648e-01
1.458278000354766846e-01
1.467513282384191320e-01
1.421912083668368243e-01
1.436644749982016467e-01
1.552997242127145960e-01
1.439492513558694176e-01
1.407685000449419022e-01
1.554164141416549683e-01
1.401261594146490097e-01
1.455086203558104418e-01
1.359078346618584343e-01
1.496513475264821813e-01
1.522138592387948797e-01
1.486038241003240779e-01
1.366198044270277023e-01
1.467738683734621241e-01
1.459744514099189094e-01
1.376830227673053741e-01
1.487257980874606422e-01
1.433502135000058464e-01
1.456085576542786308e-01
1.457936726510524750e-01
1.405911807503019140e-01
1.471266267555100538e-01
1.420041168374674700e-01
1.499531684177262403e-01
1.487191622810704328e-01
1.490204855799674988e-01
1.417295826332909681e-01
1.476518341473170570e-01
1.381841091705220126e-01
1.502903396529810809e-01
1.393050093735967443e-01
1.502033434808254242e-01
1.439096943608351997e-01
1.407925279012748054e-01
1.455662750772067360e-01
1.345700453966856003e-01
1.464580222964286804e-01
1.434227664555822179e-01
1.449110630367483332e-01
1.341133048491818525e-01
1.361672202391283892e-01
1.399566286376544288e-01
1.493999489716121010e-01
1.414826171738760852e-01
1.373302202139581873e-01
1.416069905140570351e-01
1.395305578729935936e-01
1.458865856485707380e-01
1.489674188196659088e-01
1.447951751095908068e-01
1.351963680769716070e-01
1.421216029141630366e-01
1.495811183537755773e-01
1.461058900292430685e-01
1.442237331398895928e-01
1.407660128814833544e-01
1.428866764264447309e-01
1.360487560076373004e-01
1.433880882603781604e-01
1.447179445198603920e-01
1.407910250127315521e-01
1.438992513077599622e-01
1.495501324534416199e-01
1.455599686929157921e-01
1.373267727238791369e-01
1.417840203004223920e-01
1.422882080078125000e-01
1.380877127604825116e-01
1.413547556315149500e-01
1.419633084109851173e-01
1.514346216406141088e-01
1.448330676981381127e-01
1.374442731695515729e-01
1.457032210060528465e-01
1.375744672758238696e-01
1.424034764724118329e-01
1.314751447311469368e-01
1.550145447254180908e-01
1.333783157169818878e-01
1.435208629284586146e-01
1.420194075575896553e-01
1.450671282197747991e-01
1.441525726446083733e-01
1.534869495247091487e-01
1.410785147121974281e-01
1.412977411278656670e-01
1.364090147295168587e-01
1.446230374276638031e-01
1.412469255072729968e-01
1.414824495358126544e-01
1.356709559581109337e-01
1.367224178143910118e-01
1.399015023240021416e-01
1.499661318957805634e-01
1.401780045458248802e-01
1.457442572074277021e-01
1.359418742358684540e-01
1.416306423821619698e-01
1.437373475304671577e-01
1.424132340720721535e-01
1.391515598765441231e-01
1.405137229178632929e-01
1.362528087837355517e-01
1.420581431261130623e-01
1.494176707097462364e-01
1.473411252456051923e-01
1.394556558557919212e-01
1.379068379423447899e-01
1.422649792262486168e-01
1.429529059678316116e-01
1.356654140566076472e-01
1.471606934709208392e-01
1.314506440290383049e-01
1.356028446129390053e-01
1.455796078911849312e-01
1.368250947977815435e-01
1.496350445917674354e-01
1.351107962961707876e-01
1.427847578057221123e-01
1.371473105890410327e-01
1.446970908769539543e-01
1.410400638622897052e-01
1.325737288487809085e-01
1.376226975449494072e-01
1.453962342015334419e-01
1.372326953070504285e-01
1.472255784486021235e-01
1.485213967306273364e-01
1.428873315453529358e-01
1.305263744933264636e-01
1.438564631555761530e-01
1.452085737671170995e-01
1.451278493872710518e-01
1.433663479983806610e-01
1.299111284315586090e-01
1.432973258197307587e-01
1.313262137451342293e-01
1.387560266469206049e-01
1.359827497175761513e-01
1.421247944235801697e-01
1.346006723386900805e-01
1.311297610934291646e-01
1.403058900364807793e-01
1.433488449880055138e-01
1.464934875922543622e-01
1.423357552183525943e-01
1.261484388794217870e-01
1.390293985605239868e-01
1.338634405817304418e-01
1.474402248859405518e-01
1.459721845707722954e-01
1.436224148741790108e-01
1.314283848873206428e-01
1.441864483058452606e-01
1.400323760296617315e-01
1.422809553997857190e-01
1.318890335304396533e-01
1.414626464247703552e-01
1.387392245233058929e-01
1.467094714088099383e-01
1.315784017954553797e-01
1.376244987228087135e-01
1.320138850382396034e-01
1.419734928224767878e-01
1.444058689687933161e-01
1.474354948316301539e-01
1.416515111923217773e-01
1.368988922664097496e-01
1.341643764504364678e-01
1.446288464856999301e-01
1.451210869210106946e-01
1.388648628656353190e-01
1.336214113980531693e-01
1.414334321660654925e-01
1.493831707962921806e-01
1.374488273369414426e-01
1.432412458317620374e-01
1.368060098694903470e-01
1.298892396901334956e-01
1.372336040117911049e-01
1.436754353344440460e-01
1.370241671268428996e-01
1.361278465815952965e-01
1.362438970910651304e-01
1.337902596486466311e-01
1.355328315070697121e-01
1.481843952621732519e-01
1.369906445699078656e-01
1.311678402125835419e-01
1.292256585189274498e-01
1.311739957226174258e-01
1.430796916995729640e-01
1.288673883037907697e-01
1.354816308511155032e-01
1.281682758459023186e-01
1.324348981891359522e-01
1.336462652044636823e-01
1.428050686206136510e-01
1.354461900357689097e-01
1.425719979618276789e-01
1.382805641208376124e-01
1.456690441284860804e-01
1.343538710581404783e-01
1.311955079436302185e-01
1.407045248363699153e-01
1.360691237662519648e-01
1.349757428147963234e-01
1.402174457907676697e-01
1.271529439836740494e-01
1.294742899813822457e-01
1.377376922007118032e-01
1.418990945177418805e-01
1.328100955912045189e-01
1.392258067748376182e-01
1.322900016925164512e-01
1.414343634886401080e-01
1.358632509197507665e-01
1.290538505251918600e-01
1.467236115464142510e-01
1.352061381829636477e-01
1.316382006875106148e-01
1.382707362728459455e-01
1.306648435337202929e-01
1.436722922538007929e-01
1.315314157732895561e-01
1.368278802505561165e-01
1.322490961423941902e-01
1.394391043909958550e-01
1.367451309093407341e-01
1.379951403609343819e-01
1.448571607470512390e-01
1.397788341024092384e-01
1.295890432915517143e-01
1.412053608468600563e-01
1.320860534906387329e-01
1.395983049379927732e-01
1.345126373427254773e-01
1.371337345668247887e-01
1.324835643172264099e-01
1.383632639689104937e-01
1.368467725281204417e-01
1.400402124438966944e-01
1.314006668648549370e-01
1.396010257303714752e-01
1.459634011345250226e-01
1.313890120280640506e-01
1.329671652721507169e-01
1.266628447920084000e-01
1.366821708423750781e-01
1.324758572237832166e-01
1.329477857798337936e-01
1.368851371641670034e-01
1.331028424735580251e-01
1.371737614806209371e-01
1.328698769211769104e-01
1.405429361121995069e-01
1.400145396058048441e-01
1.320553746606622503e-01
1.333159375935792923e-01
1.435061198260103033e-01
1.381247075540678881e-01
1.336100383528641411e-01
1.407764857368809797e-01
1.344167789710419558e-01
1.323948688805103302e-01
1.416557468473911285e-01
1.366168484091758728e-01
1.336877311446837135e-01
1.419947054237127304e-01
1.403547727635928444e-01
1.339740612144981191e-01
1.313597176756177709e-01
1.296119077929428764e-01
1.346602070012263008e-01
1.359821770872388647e-01
1.357285077018397235e-01
1.386223392827170275e-01
1.352485577975000575e-01
1.396236198821238228e-01
1.413077962185655401e-01
1.387891945030008123e-01
1.332003168229545786e-01
1.335190587810107521e-01
1.432078635053975202e-01
1.351244556052344226e-01
1.303431402359689906e-01
1.390695577221257306e-01
1.277896658118282125e-01
1.345019194164446541e-01
1.462199868900435351e-01
1.343655862978526405e-01
1.329112340297017858e-01
1.394094691744872383e-01
1.282254124858549782e-01
1.318031937948294929e-01
1.349935023380177401e-01
1.404198328299181842e-01
1.344117232199226186e-01
1.408954480929034137e-01
1.352168837828295611e-01
1.225631763892514325e-01
1.324404398245470904e-01
1.401783823966979980e-01
1.371875338788543508e-01
1.366582270711660385e-01
1.323149861501795865e-01
1.413023083337715813e-01
1.437452211976051331e-01
1.372943802603653618e-01
1.395924751247678564e-01
1.384984387883118340e-01
1.291353111820561506e-01
1.380618512630462646e-01
1.424736960658005425e-01
1.340223282043422892e-01
1.424525941589049050e-01
1.345343749438013270e-01
1.383939305586474322e-01
1.326068597180502795e-01
1.338241403656346418e-01
1.283487674913235954e-01
1.379113495349884033e-01
1.296948966171060369e-01
1.362127305141516975e-01
1.334405788885695554e-01
1.296850299196583844e-01
1.396188528410025886e-01
1.302726266107388786e-01
1.330947476838316157e-01
1.330962351390293785e-01
1.450688886855329707e-01
1.374868420617920972e-01
1.374156219618661023e-01
1.418980083295277306e-01
1.337876362460000135e-01
1.312702000141143799e-01
1.393023058772087097e-01
1.402355358004570007e-01
1.383881683328322121e-01
1.371419759733336352e-01
1.431640434478010371e-01
1.426245107182434746e-01
1.392813614968742564e-01
1.289646114621843531e-01
1.392135617456265739e-01
1.368541541908468440e-01
1.411886273750237175e-01
1.305881344846316627e-01
1.312542150595358559e-01
1.330816378550870038e-01
1.441132500767707825e-01
1.380598092717783831e-01
1.358731583292995260e-01
1.335912115339721873e-01
1.444109683590275861e-01
1.316991581448486992e-01
1.365184241107531837e-01
1.365386864968708702e-01
1.321937974010194972e-01
1.438978676285062597e-01
1.295195136751447484e-01
1.363238894513675026e-01
1.441131420433521271e-01
1.408675866467612170e-01
1.329062565096787163e-01
1.316782398415463351e-01
1.326969103621584989e-01
1.383931216384683416e-01
1.359692577804837987e-01
1.271561272442340851e-01
1.329587080648967079e-01
1.354818727288927271e-01
1.412826510412352465e-01
1.330175894711698725e-01
1.253056776310716436e-01
1.378261665148394488e-01
1.388793417385646156e-01
1.342966718865292453e-01
1.386244871786662392e-01
1.304829671446766093e-01
1.378907484135457329e-01
1.255906777722494982e-01
1.402357715581144526e-01
1.332719536232096769e-01
1.402200989957366750e-01
1.420451753905841163e-01
1.475133219999926470e-01
1.353546051042420484e-01
1.365389028298003293e-01
1.386227139404841713e-01
1.360248340559857272e-01
1.341279180986540698e-01
1.348299229783671283e-01
1.364586358623845197e-01
1.335949525237083435e-01
1.269794574805668541e-01
1.391828209161758423e-01
1.302720877741064265e-01
1.231303246957915210e-01
1.335461690489734843e-01
1.312232259660959244e-01
1.223252263984509897e-01
1.402360754353659533e-01
1.343749937202249334e-01
1.301610608186040685e-01
1.364156007766723633e-01
1.250776853412389755e-01
1.343986737940992549e-01
1.302896722086838432e-01
1.356748890663896367e-01
1.374948237623487279e-01
1.346486136317253113e-01
1.337628159672021866e-01
1.353985539504460045e-01
1.362858781857149981e-01
1.351674970771585271e-01
1.313222183712891289e-01
1.319925803691148758e-01
1.224753561296633292e-01
1.345295685210398384e-01
1.364974347608430005e-01
1.246644168027809668e-01
1.380198241344519905e-01
1.305136254855564781e-01
1.376582346856594086e-01
1.377726846507617287e-01
1.326085749481405451e-01
1.372746633631842517e-01
1.336662085460764982e-01
1.365914536373955823e-01
1.365994385310581871e-01
1.312744851623262599e-01
1.324675697833299637e-01
1.266820122088704870e-01
1.413666723029954053e-01
1.292154035930122569e-01
1.321115813085011192e-01
1.335003998662744329e-01
1.321922301181725212e-01
1.349018279995237157e-01
1.414549159152167224e-01
1.293600182980298996e-01
1.296960783324071220e-01
1.260691915771790794e-01
1.333040592393704704e-01
1.358591429889202118e-01
1.344418004155158997e-01
1.322341252650533483e-01
1.382105970489127256e-01
1.341191727135862544e-01
1.432477895702634618e-01
1.413870906191212751e-01
1.372008227876254371e-01
1.355210430920124054e-01
1.307333367211478137e-01
1.306629758328199387e-01
1.411935591271945289e-01
1.385734975337982178e-01
1.305697379367692090e-01
1.317754534206219963e-01
1.309784698699201777e-01
1.291894423110144519e-01
1.347211958574397184e-01
1.302122601440974525e-01
1.259101717067616366e-01
1.272154181663479044e-01
1.389385307473795794e-01
1.282008559043918416e-01
1.348410107727561758e-01
1.302451520626033976e-01
1.304309863064970210e-01
1.379574175391878321e-01
1.360414576317582891e-01
1.382481732538768104e-01
1.348462626338005066e-01
1.421259657612868599e-01
1.333056339727980710e-01
1.349643873316901110e-01
1.369118424398558520e-01
1.350218643035207555e-01
1.286389505756752871e-01
1.330839078873395920e-01
1.355485878884792328e-01
1.315978305148226835e-01
1.314103590058428861e-01
1.318267394921609215e-01
1.362368240952491760e-01
1.316268369555473328e-01
1.335320717522076317e-01
1.312539947352238945e-01
1.428729114787919141e-01
1.316145690424101733e-01
1.334315745958260246e-01
1.370349893612521075e-01
1.382695670638765528e-01
1.321931223251990029e-01
1.367743890732526779e-01
1.320600831615073301e-01
1.360585960958685114e-01
1.376282248113836482e-01
1.388661217476640508e-01
1.366688694272722437e-01
1.305872090160846710e-01
1.284602944340024755e-01
1.379487884363957695e-01
1.345069677169833944e-01
1.293735983116286181e-01
1.359967802252088354e-01
1.380930111876555733e-01
1.356507316231727600e-01
1.358137487300804802e-01
1.384778906192098424e-01
1.291373497141259097e-01
1.290545154895101354e-01
1.396017995263849065e-01
1.299554200044699959e-01
1.285523040486233615e-01
1.243833923446280576e-01
1.345499032842261411e-01
1.322113259562424370e-01
1.297670613442148402e-01
1.365467884710856727e-01
1.284700411238840767e-01
1.270391682961157509e-01
1.324079765805176445e-01
1.340018779571567342e-01
1.240787828075034238e-01
1.389265832092080877e-01
1.279619341450078107e-01
1.368291085319859601e-01
1.354695529277835653e-01
1.280802621373108574e-01
1.210123968443700265e-01
1.308496682239430331e-01
1.347631812095642090e-01
1.302211880683898926e-01
1.384612561336585335e-01
1.378604354602950000e-01
1.307101084717682549e-01
1.290731789278132535e-01
1.303019555551665210e-01
1.255134993365832619e-01
1.260981466621160507e-01
1.393662919955594159e-01
1.265524330415896126e-01
1.371262142700808428e-01
1.384488237755639173e-01
1.338868806404726886e-01
1.255106290004082970e-01
1.350923542465482519e-01
1.386009374899523638e-01
1.390757422362055018e-01
1.409393474459648132e-01
1.363489728953157232e-01
1.427047210080283068e-01
1.435918744121278956e-01
1.307312771677970886e-01
1.305714840335505389e-01
1.376616827079228111e-01
1.310949054147516057e-01
1.353436929306813530e-01
1.392304711043834686e-01
1.345610033188547328e-01
1.410984120198658653e-01
1.285367145070007988e-01
1.299845270280327036e-01
1.344061786574976824e-01
1.310417133250406929e-01
1.326034657124962046e-01
1.299751403608492561e-01
1.337196342647075653e-01
1.256477300609861181e-01
1.376611936305250361e-01
1.310864647052117637e-01
1.300937389688832380e-01
1.254205070436000824e-01
1.243466617805617236e-01
1.291634938014405154e-01
1.354462741208928012e-01
1.318736108286040210e-01
1.366239104952131078e-01
1.353319909955774114e-01
1.326515919395855614e-01
1.300570477864571861e-01
1.329229535268885709e-01
1.304192968777247719e-01
1.349280066788196564e-01
1.373005631778921320e-01
1.289219491715942190e-01
1.348217550132955744e-01
1.306281371840408989e-01
1.311832426914147087e-01
1.330908127129077911e-01
1.296145269381148435e-01
1.387596880750996686e-01
1.376929003745317459e-01
1.349584375108991430e-01
1.321161490465913579e-01
1.347331040139709279e-01
1.373539577637399867e-01
1.343763247132301331e-01
1.427334488502570442e-01
1.338797190359660438e-01
1.303935748125825689e-01
1.286500029798064992e-01
1.347169027264629171e-01
1.265921856143644997e-01
1.339950063931090452e-01
1.324022822082042694e-01
1.335285518850599096e-01
1.234909471656594898e-01
1.302071022135870837e-01
1.303551819707666204e-01
1.391003733234746076e-01
1.278440712818077751e-01
1.283762282026665591e-01
1.338821005608354375e-01
1.252694518438407234e-01
1.345034989395312020e-01
1.288524272718599983e-01
1.302522024405854129e-01
1.296697639461074636e-01
1.331331240279333972e-01
1.361323850495474719e-01
1.334977628929274462e-01
1.234399258558239315e-01
1.330598802970988370e-01
1.381161574806485937e-01
1.357323306479624458e-01
1.315330799136842921e-01
1.263099504368645765e-01
1.348468416503497413e-01
1.301782607500042155e-01
1.271286157092877678e-01
1.341630308223622225e-01
1.285992360540798851e-01
1.263307165354490280e-01
1.284375933132001213e-01
1.346069861735616491e-01
1.318962550056832217e-01
1.249419716852051832e-01
1.329643335193395615e-01
1.367608316774879262e-01
1.271632135446582601e-01
1.321858596056699753e-01
1.275528376655919172e-01
1.350980254688433357e-01
1.340300792029925636e-01
1.305872630327939987e-01
1.289779205939599327e-01
1.375092204127992823e-01
1.388358920812606812e-01
1.321219493235860631e-01
1.356930251100233742e-01
1.323569214769772240e-01
1.290989124349185280e-01
1.400670321392161466e-01
1.279952432960271835e-01
1.234384144523314047e-01
1.344217320105859093e-01
1.340388251202447034e-01
1.300008861081940748e-01
1.331881561449595741e-01
1.324800439178943634e-01
1.364034757550273702e-01
1.330036888165133380e-01
1.348000434892518140e-01
1.336334821368966863e-01
1.340281010738440803e-01
1.318805515766143799e-01
1.326878523187977887e-01
1.287287343293428421e-01
1.299429056899888135e-01
1.383448259106704048e-01
1.336523560541016675e-01
1.288890601801020719e-01
1.365859633577721499e-01
1.293165202119520851e-01
1.330799801009041883e-01
1.288610438683203407e-01
1.322589410202843763e-01
1.323678969804729655e-01
1.266256844890969180e-01
1.313808424664395236e-01
1.310805891241346166e-01
1.357680452721459485e-01
1.311734454440219022e-01
1.303319090179034523e-01
1.320202145725488663e-01
1.296404613448040866e-01
1.253798534827572919e-01
1.296788768044539741e-01
1.287447490862437538e-01
1.283345142645495318e-01
1.312810408749750801e-01
1.375970720712627604e-01
1.319172406303031064e-01
1.252298219395535372e-01
1.356663163751363754e-01
1.304138316107647799e-01
1.383813436010054299e-01
1.344084095742021367e-01
1.341632309236696907e-01
1.281973935131515696e-01
1.270417810550757698e-01
1.313079209732157804e-01
1.351115591824054718e-01
1.289657255900757693e-01
1.297322256224495984e-01
1.276193468698433586e-01
1.263076761471373655e-01
1.338152747069086268e-01
1.337426395288535408e-01
1.380249259195157341e-01
1.420824149889605426e-01
1.316938088940722562e-01
1.247528224651302670e-01
1.257447443370308116e-01
1.319244623716388509e-01
1.356642554913248255e-01
1.315290166863373467e-01
1.353734050478254125e-01
1.346868633159569451e-01
1.343099682458809563e-01
1.347199098340102486e-01
1.340141562478882886e-01
1.291275774793965436e-01
1.279050026621137426e-01
1.371871549636125565e-01
1.295428861464772985e-01
1.258447260728904060e-01
1.339111591556242653e-01
1.364958493837288567e-01
1.307355319815022565e-01
1.334021381501640513e-01
1.341333006109510229e-01
1.309295078473431684e-01
1.327043705220733449e-01
1.338071094027587227e-01
1.309088569666658208e-01
1.315290935869727895e-01
1.431459316185542396e-01
1.346597756658281519e-01
1.388359947928360649e-01
1.243358749364103649e-01
1.381059900990554146e-01
1.300458290747233681e-01
1.288313059402363681e-01
1.307991785662514783e-01
1.297024488449096680e-01
1.351103199911969088e-01
1.289783495345286080e-01
1.294838107590164378e-01
1.332621909677982330e-01
1.266964987984725288e-01
1.259897178305046939e-01
1.335343963333538719e-01
1.336548025054591082e-01
1.234090900314705752e-01
1.331907532044819542e-01
1.312579741435391523e-01
1.283808244126183606e-01
1.394105891564062782e-01
1.344207658299378105e-01
1.317524550748722934e-01
1.370137155588184164e-01
1.274277817990098760e-01
1.219893667314733837e-01
1.335141350116048620e-01
1.278490243213517286e-01
1.409991348960570046e-01
1.210308423531906985e-01
1.264560153441769697e-01
1.278082786926201531e-01
1.350204723754099556e-01
1.300459983093397998e-01
1.224069164267608117e-01
1.304319641952003672e-01
1.414251684078148552e-01
1.361455866800887204e-01
1.396096122584172539e-01
1.324755211493798546e-01
1.302436353372675992e-01
1.359485789601291850e-01
1.308488595698560908e-01
1.343539373150893501e-01
1.395043121384722806e-01
1.237033999391964484e-01
1.369671103145395086e-01
1.325611570583922483e-01
1.296274127172572233e-01
1.246290371886321496e-01
1.356830831084932520e-01
1.353467489991869166e-01
1.376254696931157873e-01
1.245199279593569852e-01
1.337072045675345711e-01
1.319851973759276487e-01
1.247974083359752323e-01
1.306497600993939689e-01
1.334789379366806694e-01
1.317256550703729823e-01
1.340935911451067164e-01
1.295307746955326744e-01
1.234023270330258798e-01
1.283315954996006869e-01
1.331883490617786214e-01
1.309952259595905111e-01
1.323661671153136543e-01
1.316880338958331398e-01
1.321788305150611020e-01
1.346869745424815468e-01
1.346352089728627965e-01
1.285218814654009722e-01
1.286663889352764323e-01
1.327615289815834709e-01
1.341587113482611560e-01
1.333382395761353589e-01
1.352677808276244453e-01
1.337094844451972298e-01
1.369088664650917053e-01
1.304124859826905347e-01
1.331414668155568026e-01
1.386767689670835302e-01
1.273062234478337384e-01
1.327898105872528933e-01
1.287324777139084719e-01
1.330785288342407890e-01
1.344019065478018471e-01
1.292212828993797302e-01
1.301785303013665296e-01
1.365897586303097822e-01
1.297694130667618462e-01
1.319419858711106397e-01
1.315918027290276238e-01
1.336338075676134773e-01
1.347401554563215920e-01
1.364026474101202868e-01
1.281117349863052368e-01
1.315899674913712791e-01
1.318013199738093666e-01
1.304371410182544044e-01
1.319680418819189072e-01
1.344473111842359736e-01
1.322793218174151131e-01
1.348787157663277336e-01
1.254935248621872612e-01
1.325828536812748148e-01
1.282804233155080131e-01
1.309979879962546445e-01
1.330498270690441132e-01
1.340075042098760605e-01
1.359443119061844729e-01
1.302370165607758812e-01
1.317150065941470050e-01
1.283703624669994547e-01
1.285722641540425204e-01
1.278405700411115453e-01
1.325298002255814456e-01
1.348847222647496513e-01
1.347140318581036278e-01
1.278231684118509293e-01
1.277171469160488793e-01
1.325257220970732785e-01
1.338454133697918602e-01
1.282308168177093699e-01
1.309640750821147726e-01
1.333517658391169258e-01
1.245419662445783615e-01
1.292194258421659470e-01
1.288337319024971672e-01
1.349688257489885523e-01
1.303982348846537687e-01
1.348286505256380274e-01
1.246140216078076984e-01
1.261502044009310819e-01
1.385767864329474353e-01
1.340263773288045690e-01
1.270082720688411049e-01
1.301248078899724103e-01
1.283301548766238309e-01
1.347738826381308652e-01
1.354637161961623482e-01
1.263830289244651794e-01
1.310426975999559596e-01
1.316482940954821490e-01
1.310135331004858017e-01
1.353824266365596107e-01
1.285511593201330849e-01
1.254983163837875559e-01
1.264309803290026568e-01
1.284509508737496086e-01
1.269949666623558238e-01
1.275761452104364202e-01
1.305862574705055901e-01
1.262668988534382530e-01
1.306771298072167686e-01
1.290464297469173238e-01
1.316967968429837987e-01
1.290289301957402990e-01
1.264690522636686132e-01
1.307322241898093984e-01
1.327363723622901059e-01
1.270368668649877741e-01
1.331741490534373573e-01
1.289990201060260966e-01
