1.804298385977745056e-01
1.642549633979797363e-01
1.557289212942123413e-01
1.631294786930084229e-01
1.507775448262691498e-01
1.553555615246295929e-01
1.457647010684013367e-01
1.520856842398643494e-01
1.612920723855495453e-01
1.478898897767066956e-01
1.489766165614128113e-01
1.549517028033733368e-01
1.588352024555206299e-01
1.474531143903732300e-01
1.532966122031211853e-01
1.665585376322269440e-01
1.578436680138111115e-01
1.529862172901630402e-01
1.500078439712524414e-01
1.583026573061943054e-01
1.354939099401235580e-01
1.475544385612010956e-01
1.637163199484348297e-01
1.571791805326938629e-01
1.520595103502273560e-01
1.610204800963401794e-01
1.522168181836605072e-01
1.661058515310287476e-01
1.636803485453128815e-01
1.517671570181846619e-01
1.543116644024848938e-01
1.567329354584217072e-01
1.556303091347217560e-01
1.568074785172939301e-01
1.517539992928504944e-01
1.518780775368213654e-01
1.560652889311313629e-01
1.544385924935340881e-01
1.459132060408592224e-01
1.667465642094612122e-01
1.558098196983337402e-01
1.548755913972854614e-01
1.525308527052402496e-01
1.572811119258403778e-01
1.452455259859561920e-01
1.492046043276786804e-01
1.561970636248588562e-01
1.470805183053016663e-01
1.471473425626754761e-01
1.483994685113430023e-01
1.315868180245161057e-01
1.375372894108295441e-01
1.600700318813323975e-01
1.412696391344070435e-01
1.427402272820472717e-01
1.520564556121826172e-01
1.564375571906566620e-01
1.479293629527091980e-01
1.463603898882865906e-01
1.458531133830547333e-01
1.480828188359737396e-01
1.516148224472999573e-01
1.464797593653202057e-01
1.553308814764022827e-01
1.563041396439075470e-01
1.442993879318237305e-01
1.504687555134296417e-01
1.456690840423107147e-01
1.466905027627944946e-01
1.549440957605838776e-01
1.442768685519695282e-01
1.468072161078453064e-01
1.568045169115066528e-01
1.533509679138660431e-01
1.582630909979343414e-01
1.391330529004335403e-01
1.481146998703479767e-01
1.341739762574434280e-01
1.530573777854442596e-01
1.381746660917997360e-01
1.467534936964511871e-01
1.425883807241916656e-01
1.454118601977825165e-01
1.520284302532672882e-01
1.507919207215309143e-01
1.443410143256187439e-01
1.479762457311153412e-01
1.384936571121215820e-01
1.575661748647689819e-01
1.477315723896026611e-01
1.454719714820384979e-01
1.483179479837417603e-01
1.497510783374309540e-01
1.431459151208400726e-01
1.420575715601444244e-01
1.390935815870761871e-01
1.461801454424858093e-01
1.494689807295799255e-01
1.515881717205047607e-01
1.512633152306079865e-01
1.494766362011432648e-01
1.395679060369729996e-01
1.548831164836883545e-01
1.465552374720573425e-01
1.415983960032463074e-01
1.432922370731830597e-01
1.514567621052265167e-01
1.481895260512828827e-01
1.433180309832096100e-01
1.518878675997257233e-01
1.438988633453845978e-01
1.498127132654190063e-01
1.386077180504798889e-01
1.354561261832714081e-01
1.506419032812118530e-01
1.522371210157871246e-01
1.397167257964611053e-01
1.323053166270256042e-01
1.465981099754571915e-01
1.433654800057411194e-01
1.572070494294166565e-01
1.312026716768741608e-01
1.432709228247404099e-01
1.464645415544509888e-01
1.373481266200542450e-01
1.541282609105110168e-01
1.474812999367713928e-01
1.445608288049697876e-01
1.368449926376342773e-01
1.413627229630947113e-01
1.507025919854640961e-01
1.421070285141468048e-01
1.370622254908084869e-01
1.491196639835834503e-01
1.452502496540546417e-01
1.512129455804824829e-01
1.416461169719696045e-01
1.491927877068519592e-01
1.371518541127443314e-01
1.494635455310344696e-01
1.265179719775915146e-01
1.464321389794349670e-01
1.418568417429924011e-01
1.501827687025070190e-01
1.363489441573619843e-01
1.571552641689777374e-01
1.353399716317653656e-01
1.488383524119853973e-01
1.396596170961856842e-01
1.342232394963502884e-01
1.387634575366973877e-01
1.489573977887630463e-01
1.431467905640602112e-01
1.480361372232437134e-01
1.376410908997058868e-01
1.361372116953134537e-01
1.535458937287330627e-01
1.455347910523414612e-01
1.412927135825157166e-01
1.336816530674695969e-01
1.520511098206043243e-01
1.480608545243740082e-01
1.423124801367521286e-01
1.373100504279136658e-01
1.391309648752212524e-01
1.374978236854076385e-01
1.410030946135520935e-01
1.402262449264526367e-01
1.457665450870990753e-01
1.442749574780464172e-01
1.446434631943702698e-01
1.521973386406898499e-01
1.409868448972702026e-01
1.476853415369987488e-01
1.348643340170383453e-01
1.458726935088634491e-01
1.385782547295093536e-01
1.397479083389043808e-01
1.524592712521553040e-01
1.400989666581153870e-01
1.417929716408252716e-01
1.385323703289031982e-01
1.391107477247714996e-01
1.487327888607978821e-01
1.425950564444065094e-01
1.384483277797698975e-01
1.505881994962692261e-01
1.379121150821447372e-01
1.532395519316196442e-01
1.490744352340698242e-01
1.502535901963710785e-01
1.392837502062320709e-01
1.456690318882465363e-01
1.324979569762945175e-01
1.454843357205390930e-01
1.443274840712547302e-01
1.472531519830226898e-01
1.452053636312484741e-01
1.472851373255252838e-01
1.312472242861986160e-01
1.500651203095912933e-01
1.510485298931598663e-01
1.447376608848571777e-01
1.352093145251274109e-01
1.448359303176403046e-01
1.463766247034072876e-01
1.482025645673274994e-01
1.384249255061149597e-01
1.467908546328544617e-01
1.391339320689439774e-01
1.447466500103473663e-01
1.456706877797842026e-01
1.471967771649360657e-01
1.333174332976341248e-01
1.405471339821815491e-01
1.451765820384025574e-01
1.298744827508926392e-01
1.418763250112533569e-01
1.428078375756740570e-01
1.362175531685352325e-01
1.391118001192808151e-01
1.354451887309551239e-01
1.452438738197088242e-01
1.372345294803380966e-01
1.421892195940017700e-01
1.368177533149719238e-01
1.407567262649536133e-01
1.360058151185512543e-01
1.379729248583316803e-01
1.439853943884372711e-01
1.398218311369419098e-01
1.439286656677722931e-01
1.389979496598243713e-01
1.491060443222522736e-01
1.389660201966762543e-01
1.415537670254707336e-01
1.219679843634366989e-01
1.310593727976083755e-01
1.471029594540596008e-01
1.398968845605850220e-01
1.396705061197280884e-01
1.420803070068359375e-01
1.395581066608428955e-01
1.449242979288101196e-01
1.422953195869922638e-01
1.452898271381855011e-01
1.418244019150733948e-01
1.457486823201179504e-01
1.421387270092964172e-01
1.388749517500400543e-01
1.338006518781185150e-01
1.349325254559516907e-01
1.469414569437503815e-01
1.464182734489440918e-01
1.512534804642200470e-01
1.467985026538372040e-01
1.341986618936061859e-01
1.321402005851268768e-01
1.363007947802543640e-01
1.375743076205253601e-01
1.424352526664733887e-01
1.353945918381214142e-01
1.401618625968694687e-01
1.443136371672153473e-01
1.356901731342077255e-01
1.296668183058500290e-01
1.319032274186611176e-01
1.432516984641551971e-01
1.307366862893104553e-01
1.288515515625476837e-01
1.494289562106132507e-01
1.409818679094314575e-01
1.389847248792648315e-01
1.327477917075157166e-01
1.371872834861278534e-01
1.308623254299163818e-01
1.384484767913818359e-01
1.414299309253692627e-01
1.310647875070571899e-01
1.258184276521205902e-01
1.426065489649772644e-01
1.472022309899330139e-01
1.397783122956752777e-01
1.458006948232650757e-01
1.358868330717086792e-01
1.435481943190097809e-01
1.391395740211009979e-01
1.322089433670043945e-01
1.446780003607273102e-01
1.398682855069637299e-01
1.411422826349735260e-01
1.333758179098367691e-01
1.431757062673568726e-01
1.380200795829296112e-01
1.441416591405868530e-01
1.372088082134723663e-01
1.472131647169589996e-01
1.439192108809947968e-01
1.410063318908214569e-01
1.336431466042995453e-01
1.383991353213787079e-01
1.346168182790279388e-01
1.350416038185358047e-01
1.372361816465854645e-01
1.444100756198167801e-01
1.444893442094326019e-01
1.489228680729866028e-01
1.454486623406410217e-01
1.453409083187580109e-01
1.283446419984102249e-01
1.262835729867219925e-01
1.401760932058095932e-01
1.461960747838020325e-01
1.448856629431247711e-01
1.249483544379472733e-01
1.434702277183532715e-01
1.369370259344577789e-01
1.472402773797512054e-01
1.240004766732454300e-01
1.386932507157325745e-01
1.322710551321506500e-01
1.485558189451694489e-01
1.413592547178268433e-01
1.359542310237884521e-01
1.362007874995470047e-01
1.428509373217821121e-01
1.391738504171371460e-01
1.387803368270397186e-01
1.466988734900951385e-01
1.373147517442703247e-01
1.390515565872192383e-01
1.322823427617549896e-01
1.335998997092247009e-01
1.439629159867763519e-01
1.308867074549198151e-01
1.370801683515310287e-01
1.275521516799926758e-01
1.375906877219676971e-01
1.276449877768754959e-01
1.325921807438135147e-01
1.406472325325012207e-01
1.349947676062583923e-01
1.406737901270389557e-01
1.364432107657194138e-01
1.309537012130022049e-01
1.408528871834278107e-01
1.307137534022331238e-01
1.394415572285652161e-01
1.310331728309392929e-01
1.413456872105598450e-01
1.432309672236442566e-01
1.358879692852497101e-01
1.366871632635593414e-01
1.464211642742156982e-01
1.309489347040653229e-01
1.390364784747362137e-01
1.380111575126647949e-01
1.470892392098903656e-01
1.369835361838340759e-01
1.340103242546319962e-01
1.430487446486949921e-01
1.362471021711826324e-01
1.352376490831375122e-01
1.455620229244232178e-01
1.303437221795320511e-01
1.336659137159585953e-01
1.390289142727851868e-01
1.374805793166160583e-01
1.387366093695163727e-01
1.484737172722816467e-01
1.323832049965858459e-01
1.335324104875326157e-01
1.304581407457590103e-01
1.338574774563312531e-01
1.359897516667842865e-01
1.292018666863441467e-01
1.516768857836723328e-01
1.339399404823780060e-01
1.432696506381034851e-01
1.364384740591049194e-01
1.267135888338088989e-01
1.443951465189456940e-01
1.406319607049226761e-01
1.382688730955123901e-01
1.363730728626251221e-01
1.334065422415733337e-01
1.350903846323490143e-01
1.383618861436843872e-01
1.446652412414550781e-01
1.344636008143424988e-01
1.380525045096874237e-01
1.388990543782711029e-01
1.367090977728366852e-01
1.458391882479190826e-01
1.380691807717084885e-01
1.370831653475761414e-01
1.369450967758893967e-01
1.315545365214347839e-01
1.355885230004787445e-01
1.331349387764930725e-01
1.382559314370155334e-01
1.371755711734294891e-01
1.320306025445461273e-01
1.382000148296356201e-01
1.324626766145229340e-01
1.396364066749811172e-01
1.413480974733829498e-01
1.421128921210765839e-01
1.285866498947143555e-01
1.318950690329074860e-01
1.347408015280961990e-01
1.417434886097908020e-01
1.423389576375484467e-01
1.442302390933036804e-01
1.360518261790275574e-01
1.365032568573951721e-01
1.366496942937374115e-01
1.399812288582324982e-01
1.191838718950748444e-01
1.371616348624229431e-01
1.358633041381835938e-01
1.314811594784259796e-01
1.289691329002380371e-01
1.337018236517906189e-01
1.344808973371982574e-01
1.275812722742557526e-01
1.391570940613746643e-01
1.373789366334676743e-01
1.343803144991397858e-01
1.386011913418769836e-01
1.269178539514541626e-01
1.454196944832801819e-01
1.336576789617538452e-01
1.342963781207799911e-01
1.450029611587524414e-01
1.331818290054798126e-01
1.302745137363672256e-01
1.418472975492477417e-01
1.334839463233947754e-01
1.212359759956598282e-01
1.416191533207893372e-01
1.432401575148105621e-01
1.306757256388664246e-01
1.261484771966934204e-01
1.399875022470951080e-01
1.339576300233602524e-01
1.410203836858272552e-01
1.417626030743122101e-01
1.393982451409101486e-01
1.314740777015686035e-01
1.313603390008211136e-01
1.220052596181631088e-01
1.289624422788619995e-01
1.420977711677551270e-01
1.392955500632524490e-01
1.347133219242095947e-01
1.343468856066465378e-01
1.339771039783954620e-01
1.393955349922180176e-01
1.439197957515716553e-01
1.387920901179313660e-01
1.344293467700481415e-01
1.407303027808666229e-01
1.230062153190374374e-01
1.314588226377964020e-01
1.415335983037948608e-01
1.366501823067665100e-01
1.353782899677753448e-01
1.392089277505874634e-01
1.371439807116985321e-01
1.297422349452972412e-01
1.374784260988235474e-01
1.328336037695407867e-01
1.413293890655040741e-01
1.298271398991346359e-01
1.353021562099456787e-01
1.209223773330450058e-01
1.278108712285757065e-01
1.399848721921443939e-01
1.310880221426486969e-01
1.372443269938230515e-01
1.367777436971664429e-01
1.408273801207542419e-01
1.315236371010541916e-01
1.340941209346055984e-01
1.381822414696216583e-01
1.359658055007457733e-01
1.426101289689540863e-01
1.320629380643367767e-01
1.225451212376356125e-01
1.365876235067844391e-01
1.385004296898841858e-01
1.397500559687614441e-01
1.414598412811756134e-01
1.387983653694391251e-01
1.361067481338977814e-01
1.287092957645654678e-01
1.209537051618099213e-01
1.196100544184446335e-01
1.256658453494310379e-01
1.452462412416934967e-01
1.327809803187847137e-01
1.411088071763515472e-01
1.427281908690929413e-01
1.357319690287113190e-01
1.349438242614269257e-01
1.349147073924541473e-01
1.359886787831783295e-01
1.331312116235494614e-01
1.390430219471454620e-01
1.307527013123035431e-01
1.342093050479888916e-01
1.240841001272201538e-01
1.415948346257209778e-01
1.316987797617912292e-01
1.349766775965690613e-01
1.279997341334819794e-01
1.415266990661621094e-01
1.388679668307304382e-01
1.353530287742614746e-01
1.370912864804267883e-01
1.350881159305572510e-01
1.278654411435127258e-01
1.433947719633579254e-01
1.372236832976341248e-01
1.265724301338195801e-01
1.383550167083740234e-01
1.370582263916730881e-01
1.442167870700359344e-01
1.304337847977876663e-01
1.337727978825569153e-01
1.387452147901058197e-01
1.218541264533996582e-01
1.350960489362478256e-01
1.433317773044109344e-01
1.326328832656145096e-01
1.278333086520433426e-01
1.445243470370769501e-01
1.233502384275197983e-01
1.393638700246810913e-01
1.432072669267654419e-01
1.344556789845228195e-01
1.318522207438945770e-01
1.351267434656620026e-01
1.374046392738819122e-01
1.355399433523416519e-01
1.371929012238979340e-01
1.314741596579551697e-01
1.405425556004047394e-01
1.361618191003799438e-01
1.328144744038581848e-01
1.378066409379243851e-01
1.355154290795326233e-01
1.413210630416870117e-01
1.307260580360889435e-01
1.298203207552433014e-01
1.414654254913330078e-01
1.397189088165760040e-01
1.340173874050378799e-01
1.252600550651550293e-01
1.369101926684379578e-01
1.200170423835515976e-01
1.200945693999528885e-01
1.292454469949007034e-01
1.304266657680273056e-01
1.328518688678741455e-01
1.331513784825801849e-01
1.359710674732923508e-01
1.344486400485038757e-01
1.325515322387218475e-01
1.373680643737316132e-01
1.289293803274631500e-01
1.353828571736812592e-01
1.360568497329950333e-01
1.294717639684677124e-01
1.413349397480487823e-01
1.329416260123252869e-01
1.322068758308887482e-01
1.292536146938800812e-01
1.313353832811117172e-01
1.349721662700176239e-01
1.333471760153770447e-01
1.337497569620609283e-01
1.384033970534801483e-01
1.385979093611240387e-01
1.239737067371606827e-01
1.345376260578632355e-01
1.384398750960826874e-01
1.335614621639251709e-01
1.290104873478412628e-01
1.295038051903247833e-01
1.405889131128787994e-01
1.324701160192489624e-01
1.199478432536125183e-01
1.340135782957077026e-01
1.323054172098636627e-01
1.264862604439258575e-01
1.381119154393672943e-01
1.422828882932662964e-01
1.342453174293041229e-01
1.392929144203662872e-01
1.364063136279582977e-01
1.377726644277572632e-01
1.369498260319232941e-01
1.405391581356525421e-01
1.350541431456804276e-01
1.381146870553493500e-01
1.378142684698104858e-01
1.333568207919597626e-01
1.287208925932645798e-01
1.262634396553039551e-01
1.258865054696798325e-01
1.274127960205078125e-01
1.346707418560981750e-01
1.367060728371143341e-01
1.152353007346391678e-01
1.393122971057891846e-01
1.309471409767866135e-01
1.281328648328781128e-01
1.365090049803256989e-01
1.307282056659460068e-01
1.241407133638858795e-01
1.298619769513607025e-01
1.283012423664331436e-01
1.351820882409811020e-01
1.319540441036224365e-01
1.425500623881816864e-01
1.244587376713752747e-01
1.244322787970304489e-01
1.400936804711818695e-01
1.335236579179763794e-01
1.315192971378564835e-01
1.264396496117115021e-01
1.258610244840383530e-01
1.368010006844997406e-01
1.430523060262203217e-01
1.381720192730426788e-01
1.318038478493690491e-01
1.387087255716323853e-01
1.289372649043798447e-01
1.337221674621105194e-01
1.251207105815410614e-01
1.374438162893056870e-01
1.318827886134386063e-01
1.351962946355342865e-01
1.377473808825016022e-01
1.378227546811103821e-01
1.323245055973529816e-01
1.389140337705612183e-01
1.342568658292293549e-01
1.373940836638212204e-01
1.314590908586978912e-01
1.304894983768463135e-01
1.327784806489944458e-01
1.232746075838804245e-01
1.324614472687244415e-01
1.345496326684951782e-01
1.269889101386070251e-01
1.287747509777545929e-01
1.391412131488323212e-01
1.377680078148841858e-01
1.423505172133445740e-01
1.237262953072786331e-01
1.359847746789455414e-01
1.329588927328586578e-01
1.380278710275888443e-01
1.330241486430168152e-01
1.303748302161693573e-01
1.292194370180368423e-01
1.325871758162975311e-01
1.323840729892253876e-01
1.294603683054447174e-01
1.317825969308614731e-01
1.357308123260736465e-01
1.271103974431753159e-01
1.253766734153032303e-01
1.401464641094207764e-01
1.424632519483566284e-01
1.317071076482534409e-01
1.383167058229446411e-01
1.408555507659912109e-01
1.398991867899894714e-01
1.254139281809329987e-01
1.367353647947311401e-01
1.386174038052558899e-01
1.323625855147838593e-01
1.333591267466545105e-01
1.269220672547817230e-01
1.311618220061063766e-01
1.316317934542894363e-01
1.319302599877119064e-01
1.299166642129421234e-01
1.209583040326833725e-01
1.248295027762651443e-01
1.331575158983469009e-01
1.237986125051975250e-01
1.347367316484451294e-01
1.279410794377326965e-01
1.391756311058998108e-01
1.295460090041160583e-01
1.216479837894439697e-01
1.360672377049922943e-01
1.379780285060405731e-01
1.396700814366340637e-01
1.363361664116382599e-01
1.311259064823389053e-01
1.435284055769443512e-01
1.229734215885400772e-01
1.295105889439582825e-01
1.302110180258750916e-01
1.324070766568183899e-01
1.346386559307575226e-01
1.283776182681322098e-01
1.377657540142536163e-01
1.346538625657558441e-01
1.360347568988800049e-01
1.277085300534963608e-01
1.331365816295146942e-01
1.282878369092941284e-01
1.376706380397081375e-01
1.328977700322866440e-01
1.325044613331556320e-01
1.364497616887092590e-01
1.232463773339986801e-01
1.323777344077825546e-01
1.336911544203758240e-01
1.326362136751413345e-01
1.274292599409818649e-01
1.297868005931377411e-01
1.299256682395935059e-01
1.309787724167108536e-01
1.228429060429334641e-01
1.362676136195659637e-01
1.354005299508571625e-01
1.338956281542778015e-01
1.356566473841667175e-01
1.433231532573699951e-01
1.277181785553693771e-01
1.294659748673439026e-01
1.299366895109415054e-01
1.272631082683801651e-01
1.199219729751348495e-01
1.359532289206981659e-01
1.252402178943157196e-01
1.347577720880508423e-01
1.300001759082078934e-01
1.363066919147968292e-01
1.308325789868831635e-01
1.294983886182308197e-01
1.394855808466672897e-01
1.296466384083032608e-01
1.398968826979398727e-01
1.388414874672889709e-01
1.367090828716754913e-01
1.314637269824743271e-01
1.310212910175323486e-01
1.324645429849624634e-01
1.351379863917827606e-01
1.318089328706264496e-01
1.238599102944135666e-01
1.359964702278375626e-01
1.332209333777427673e-01
1.373122520744800568e-01
1.385746747255325317e-01
1.465858146548271179e-01
1.292313318699598312e-01
1.412768475711345673e-01
1.346390992403030396e-01
1.250918060541152954e-01
1.185774449259042740e-01
1.320637054741382599e-01
1.240869332104921341e-01
1.264973729848861694e-01
1.307864729315042496e-01
1.278670802712440491e-01
1.350418999791145325e-01
1.328643597662448883e-01
1.273713465780019760e-01
1.379848867654800415e-01
1.254487279802560806e-01
1.311279293149709702e-01
1.277698874473571777e-01
1.276016123592853546e-01
1.337663866579532623e-01
1.286648530513048172e-01
1.375325378030538559e-01
1.181458439677953720e-01
1.319351717829704285e-01
1.294394433498382568e-01
1.344147957861423492e-01
1.333178635686635971e-01
1.392080821096897125e-01
1.376560367643833160e-01
1.327706612646579742e-01
1.313632298260927200e-01
1.380755659192800522e-01
1.428855061531066895e-01
1.205469053238630295e-01
1.375304311513900757e-01
1.434825174510478973e-01
1.205433383584022522e-01
1.307767368853092194e-01
1.419720090925693512e-01
1.339104250073432922e-01
1.321654524654150009e-01
1.259361188858747482e-01
1.356765292584896088e-01
1.441009826958179474e-01
1.266375761479139328e-01
1.332994811236858368e-01
1.174413934350013733e-01
1.323487237095832825e-01
1.351577341556549072e-01
1.326825805008411407e-01
1.302560474723577499e-01
1.352315135300159454e-01
1.320568565279245377e-01
1.306129395961761475e-01
1.362664792686700821e-01
1.363530158996582031e-01
1.227269805967807770e-01
1.343233566731214523e-01
1.307090893387794495e-01
1.400475092232227325e-01
1.425473615527153015e-01
1.266706902533769608e-01
1.351572740823030472e-01
1.398579999804496765e-01
1.271152365952730179e-01
1.355173587799072266e-01
1.261471603065729141e-01
1.356730423867702484e-01
1.261515319347381592e-01
1.331790406256914139e-01
1.310244668275117874e-01
1.357949338853359222e-01
1.367808803915977478e-01
1.371313706040382385e-01
1.379261910915374756e-01
1.355535686016082764e-01
1.305377818644046783e-01
1.369320265948772430e-01
1.277778595685958862e-01
1.319593004882335663e-01
1.352767273783683777e-01
1.292457692325115204e-01
1.362349316477775574e-01
1.387795470654964447e-01
1.334778256714344025e-01
1.343194320797920227e-01
1.344859264791011810e-01
1.405242830514907837e-01
1.327292025089263916e-01
1.278036665171384811e-01
1.303088478744029999e-01
1.271193325519561768e-01
1.220721174031496048e-01
1.278173699975013733e-01
1.281173918396234512e-01
1.204809658229351044e-01
1.350663360208272934e-01
1.281086113303899765e-01
1.292170062661170959e-01
1.326298248022794724e-01
1.310487221926450729e-01
1.411862038075923920e-01
1.331661343574523926e-01
1.380569487810134888e-01
1.252348478883504868e-01
1.350041776895523071e-01
1.375406645238399506e-01
1.345272399485111237e-01
1.351498775184154510e-01
1.276694778352975845e-01
1.270650420337915421e-01
1.387672238051891327e-01
1.245280094444751740e-01
1.302720420062541962e-01
1.307760141789913177e-01
1.303184404969215393e-01
1.396805271506309509e-01
1.305640526115894318e-01
1.182015351951122284e-01
1.377990953624248505e-01
1.417060829699039459e-01
1.342904604971408844e-01
1.360985152423381805e-01
1.238420307636260986e-01
1.378485485911369324e-01
1.365501619875431061e-01
1.412048749625682831e-01
1.351227387785911560e-01
1.325480900704860687e-01
1.274664364755153656e-01
1.299755629152059555e-01
1.262333597987890244e-01
1.465140320360660553e-01
1.305166985839605331e-01
1.348493620753288269e-01
1.351165547966957092e-01
1.339080408215522766e-01
1.258915551006793976e-01
1.310810372233390808e-01
1.273695714771747589e-01
1.403767429292201996e-01
1.360025368630886078e-01
1.265363730490207672e-01
1.199991703033447266e-01
1.321122050285339355e-01
1.391046680510044098e-01
1.280861347913742065e-01
1.262125056236982346e-01
1.281098462641239166e-01
1.360900104045867920e-01
1.312442440539598465e-01
1.362555772066116333e-01
1.252698488533496857e-01
1.344544403254985809e-01
1.369492709636688232e-01
1.339875683188438416e-01
1.302972920238971710e-01
1.372146457433700562e-01
1.284505724906921387e-01
1.353408545255661011e-01
1.308664605021476746e-01
1.386556997895240784e-01
1.342965811491012573e-01
1.295646950602531433e-01
1.215912904590368271e-01
1.359011530876159668e-01
1.343149766325950623e-01
1.257375385612249374e-01
1.303659901022911072e-01
1.322647519409656525e-01
1.330434363335371017e-01
1.181928478181362152e-01
1.335220728069543839e-01
1.237564943730831146e-01
1.231452506035566330e-01
1.266155671328306198e-01
1.306295841932296753e-01
1.332336403429508209e-01
1.240759082138538361e-01
1.283053290098905563e-01
1.356685310602188110e-01
1.290829181671142578e-01
1.290941275656223297e-01
1.308590918779373169e-01
1.389533840119838715e-01
1.079676356166601181e-01
1.311024799942970276e-01
1.353895775973796844e-01
1.410354077816009521e-01
1.340201199054718018e-01
1.287431046366691589e-01
1.318941451609134674e-01
1.362810730934143066e-01
1.400129459798336029e-01
1.273061782121658325e-01
1.256132274866104126e-01
1.266510765999555588e-01
1.349463760852813721e-01
1.312637925148010254e-01
1.394928395748138428e-01
1.338093224912881851e-01
1.366198882460594177e-01
1.232268773019313812e-01
1.340351477265357971e-01
1.304452810436487198e-01
1.386046689003705978e-01
1.388264521956443787e-01
1.338238269090652466e-01
1.360782533884048462e-01
1.224664431065320969e-01
1.241455469280481339e-01
1.364382766187191010e-01
1.440175510942935944e-01
1.312821973115205765e-01
1.291256807744503021e-01
1.274432037025690079e-01
1.240459345281124115e-01
1.328098066151142120e-01
1.343085579574108124e-01
1.347323991358280182e-01
1.229072269052267075e-01
1.361865475773811340e-01
1.337961517274379730e-01
1.251870598644018173e-01
1.336591728031635284e-01
1.308702286332845688e-01
1.419212669134140015e-01
1.344637162983417511e-01
1.260726582258939743e-01
1.239268872886896133e-01
1.344540156424045563e-01
1.288845576345920563e-01
1.316166501492261887e-01
1.272862311452627182e-01
1.326791774481534958e-01
1.360150612890720367e-01
