4.368168979138136176e-01
3.402558171004056997e-01
3.164538338035345344e-01
3.022999995946883955e-01
2.915115045756101475e-01
2.827855441719293594e-01
2.767088172957301029e-01
2.711375689506530517e-01
2.664683236181735748e-01
2.625176943466067114e-01
2.592797623202204860e-01
2.555245968699455528e-01
2.525989391654729910e-01
2.493240926787257117e-01
2.467429548129439487e-01
2.447253343462943986e-01
2.423281056061387106e-01
2.416735337302088615e-01
2.395089497044682603e-01
2.378441273421049162e-01
2.364384182542562385e-01
2.345136162638664368e-01
2.331399072706699382e-01
2.326919182017445631e-01
2.302702282741665718e-01
2.294967774674296357e-01
2.280213185027241685e-01
2.274155374988913458e-01
2.261219099909067276e-01
2.251754229888320025e-01
2.239158480614423796e-01
2.222469778731465395e-01
2.220417150482535407e-01
2.215190691128373079e-01
2.205517795309424323e-01
2.192197466269135420e-01
2.181353341042995553e-01
2.179624201357364677e-01
2.167947084829211224e-01
2.160324583947658417e-01
2.156075263395905439e-01
2.142540880665183001e-01
2.142956730350852046e-01
2.132672446593642246e-01
2.126675287261605152e-01
2.121042460203170776e-01
2.117813786119222552e-01
2.105299713090062197e-01
2.098138087242841787e-01
2.100320612266659837e-01
2.095559816434979516e-01
2.084495879709720723e-01
2.086713752150535506e-01
2.071822663396596931e-01
2.076834007725119613e-01
2.069985584914684207e-01
2.060519594699144474e-01
2.057980923727154854e-01
2.045441156998276666e-01
2.043460065498948208e-01
2.040652709826827060e-01
2.032905462384223816e-01
2.033851686120033142e-01
2.024591749906539950e-01
2.023616109043359645e-01
2.018723535910248723e-01
2.012887671589851379e-01
2.012055952101945988e-01
2.011571311950683671e-01
1.995060760155320245e-01
2.001494989544153336e-01
1.999753229692578238e-01
1.997091480717062828e-01
1.989767018333077342e-01
1.984691934660077206e-01
1.988992622867226667e-01
1.983508738502860191e-01
1.980194441229105040e-01
1.975199309736490327e-01
1.968110842630267088e-01
1.964867734163999458e-01
1.967423570528626375e-01
1.956527753919362900e-01
1.950991706922650393e-01
1.952338882908224993e-01
1.957404786720871870e-01
1.944047257676720653e-01
1.940006961673498287e-01
1.943558514863252540e-01
1.939748866856098042e-01
1.933685744181275479e-01
1.936095914617180780e-01
1.927278035506606035e-01
1.931704783812165371e-01
1.923744751513004336e-01
1.924795241653919353e-01
1.917620933800935623e-01
1.917581324651837227e-01
1.914928787574171898e-01
1.914448437467217434e-01
1.910298039391636893e-01
1.911389983817934901e-01
1.910907288268208493e-01
1.900161441043019261e-01
1.901210558786988192e-01
1.893701160326600186e-01
1.893806540220975831e-01
1.892309438437223545e-01
1.891231252253055550e-01
1.890888560935855001e-01
1.886111797392368283e-01
1.880672630667686585e-01
1.881397033110260852e-01
1.885905724391341298e-01
1.878690264746546712e-01
1.878511343523859844e-01
1.871994899585843197e-01
1.873003353923559100e-01
1.866083623096346789e-01
1.871907692030072290e-01
1.863034686073660740e-01
1.864474726095795565e-01
1.867231480404734634e-01
1.859997308999299936e-01
1.858545294031500872e-01
1.861806257441639967e-01
1.857528100535273674e-01
1.848203945159912209e-01
1.855040827393531766e-01
1.851026443019509193e-01
1.843857137486338560e-01
1.841676394268870476e-01
1.849094561487436283e-01
1.836928225308656626e-01
1.844446962699294035e-01
1.843598424643278222e-01
1.837515121325850598e-01
1.831895707175135724e-01
1.832857105880975612e-01
1.832293897122144744e-01
1.829639773815870396e-01
1.835215941444039434e-01
1.824776096269488390e-01
1.820822114497423205e-01
1.826674527674913284e-01
1.824740801379084454e-01
1.819866205751895782e-01
1.823868462070822594e-01
1.817744652181863818e-01
1.812899435311555729e-01
1.814621518552303192e-01
1.810902674868702933e-01
1.811071762070059765e-01
1.812443092092871633e-01
1.806314978003501770e-01
1.808487104997038852e-01
1.808151877298951049e-01
1.805975538119673762e-01
1.801153502613306034e-01
1.806786529719829615e-01
1.799001582711935165e-01
1.810214113444089945e-01
1.798590034991502662e-01
1.801204030588269278e-01
1.798017898201942355e-01
1.797093343734741111e-01
1.795505064725875788e-01
1.789496587961912077e-01
1.794064721092581693e-01
1.791423336043953818e-01
1.788022530078887951e-01
1.789998113363981125e-01
1.791294263303279954e-01
1.783681007474660907e-01
1.792781712114810966e-01
1.784223579987883612e-01
1.782453174889087610e-01
1.780587036907672893e-01
1.780343750119209312e-01
1.777345138043165129e-01
1.779057575017213844e-01
1.776387695595622040e-01
1.772510622814297554e-01
1.772668317332863896e-01
1.776636683940887584e-01
1.776189718395471684e-01
1.764848042652010784e-01
1.770617973059415706e-01
1.769082464650273412e-01
1.769990990683436294e-01
1.763063074648380246e-01
1.763166924193501350e-01
1.765346634387970071e-01
1.759847781434655256e-01
1.764925681799650314e-01
1.760484519228339151e-01
1.757023281231522571e-01
1.763824174925684996e-01
1.760493486002087660e-01
1.756902844086289384e-01
1.753611186891794183e-01
1.756329433992505074e-01
1.755157954618334903e-01
1.753992867469787720e-01
1.747313926368951886e-01
1.746104931458830889e-01
1.749029987305402711e-01
1.746617964655160782e-01
1.744898639619350544e-01
1.749350187927484479e-01
1.746056743338704198e-01
1.741536507755517826e-01
1.739947116747498634e-01
1.745538800209760766e-01
1.743107781186699901e-01
1.747452680021524540e-01
1.742852409183978935e-01
1.734042547643184773e-01
1.741282777860760633e-01
1.734461895376443741e-01
1.735949465259909730e-01
1.736208384111523617e-01
1.739805238321423531e-01
1.727191390469670351e-01
1.732128376141190418e-01
1.734138711914420261e-01
1.730516612157225742e-01
1.731874233484268222e-01
1.732830508798360869e-01
1.729834482818841945e-01
1.726827162131667204e-01
1.732786716520786363e-01
1.728828183934092433e-01
1.729143586754798845e-01
1.725756783783435888e-01
1.728641883283853486e-01
1.728680593147873812e-01
1.722767553478479485e-01
1.719421152025461252e-01
1.726697348803281906e-01
1.723980440199375241e-01
1.720944334939122078e-01
1.714416645839810238e-01
1.715228052809834591e-01
1.717775277048349258e-01
1.722204573452472687e-01
1.715244622528553087e-01
1.716591392830014162e-01
1.711166018992662519e-01
1.714482282847166195e-01
1.707993479445576723e-01
1.713039202988147769e-01
1.708592068031430378e-01
1.714941563829779636e-01
1.714442433789372389e-01
1.705801462754607256e-01
1.705501042306423187e-01
1.706571221724152432e-01
1.711394942551851261e-01
1.708566246181726367e-01
1.707261224091053131e-01
1.704624760150909302e-01
1.703169756755232855e-01
1.705786131322383770e-01
1.705527868866920371e-01
1.706258174777030845e-01
1.701078311353921846e-01
1.699944170191884096e-01
1.703557934984564759e-01
1.702790416032075871e-01
1.693805072829127345e-01
1.695894733071327265e-01
1.695732202380895726e-01
1.703215928748250119e-01
1.701675241813063733e-01
1.696767359972000122e-01
1.697020339220762231e-01
1.691099436208605700e-01
1.692556882277131136e-01
1.683914847671985626e-01
1.695784365758299939e-01
1.695494187250733420e-01
1.693974867090582981e-01
1.695731064677238331e-01
