3.927870023995637672e-01
3.266771203279495439e-01
3.081618241220712706e-01
2.957039108127355598e-01
2.869100996479392318e-01
2.792323426157236055e-01
2.739973397552967205e-01
2.683702411502599805e-01
2.629484552890062332e-01
2.595672528445720495e-01
2.566000934690236823e-01
2.531505238637328237e-01
2.494844727963209108e-01
2.474952799081802379e-01
2.446583330631256215e-01
2.421301621943712234e-01
2.407932722195982866e-01
2.381449496746063099e-01
2.356225683540105753e-01
2.357962307706475136e-01
2.341012188792228610e-01
2.315652998164296206e-01
2.298679482191801071e-01
2.296764056384563435e-01
2.269577568769454989e-01
2.264889967441558738e-01
2.253876395896077245e-01
2.249118112027645167e-01
2.237392103299498669e-01
2.228367921710014410e-01
2.213151933252811565e-01
2.213483660668134623e-01
2.193829157575964972e-01
2.192066513374447689e-01
2.174753864854574170e-01
2.161175773292779989e-01
2.157153627648949745e-01
2.152324904873967049e-01
2.165346982330083880e-01
2.137612499296665247e-01
2.136756257340312048e-01
2.122329125553369389e-01
2.116178059577941972e-01
2.115173116698861044e-01
2.113293110951781351e-01
2.094456451013684273e-01
2.097429786249995209e-01
2.088380771502852395e-01
2.081332004815339976e-01
2.073266673088073608e-01
2.071098242700099845e-01
2.068793217465281498e-01
2.060014841333031588e-01
2.056143564730882611e-01
2.048055530712008521e-01
2.046633664518594797e-01
2.040216568112373230e-01
2.039529420062899667e-01
2.025568160600960121e-01
2.022034639492630848e-01
2.025888514518737749e-01
2.012213588505983308e-01
2.006305215135216757e-01
2.000613601878285519e-01
2.002379742823541253e-01
1.999987570196390119e-01
1.997427147068083220e-01
1.995123261958360594e-01
1.986871481314301524e-01
1.979061126336455478e-01
1.978521448560059126e-01
1.973992880247533444e-01
1.966572448424994957e-01
1.967780896648764488e-01
1.960201691091060516e-01
1.968660674244165354e-01
1.962519948184490159e-01
1.951912558078765791e-01
1.959430447593331348e-01
1.955508742853999116e-01
1.933437456935644116e-01
1.945243353769183225e-01
1.934774900972843215e-01
1.935975663736462515e-01
1.937803853489458439e-01
1.924731657840311472e-01
1.929837286472320668e-01
1.927345044165849619e-01
1.925648233294486866e-01
1.922339546494185869e-01
1.914480403251946072e-01
1.911409891210496537e-01
1.908467264473438230e-01
1.902568723075091783e-01
1.918080804869532474e-01
1.900222509168088547e-01
1.904330944456160135e-01
1.904076517187058837e-01
1.896153818443417627e-01
1.892325888946652379e-01
1.888470520451664969e-01
1.892995645105838842e-01
1.881203275918960638e-01
1.879433816671371438e-01
1.878759840503335110e-01
1.875859496556222528e-01
1.874930842407047660e-01
1.869504306092858448e-01
1.864060517586767773e-01
1.865517400018870953e-01
1.868379744514822860e-01
1.868524249829351946e-01
1.862376989983022257e-01
1.862389714829623677e-01
1.851401425711810544e-01
1.859282871335744824e-01
1.859761105664074488e-01
1.854703372530639160e-01
1.847526556067168590e-01
1.843865266442298867e-01
1.845420770719647385e-01
1.843557291105389628e-01
1.840850452519953162e-01
1.839033568091690551e-01
1.832393182069063098e-01
1.831302966549992473e-01
1.829570261575281520e-01
1.832877850346267268e-01
1.831590398214757442e-01
1.830679418519139401e-01
1.830578856356442075e-01
1.835478777065873146e-01
1.830561485886573747e-01
1.831140330620110168e-01
1.823631601221859522e-01
1.821610561013221607e-01
1.818798516690731115e-01
1.810607152990996727e-01
1.810910006240010195e-01
1.814874812029302065e-01
1.807897486351430494e-01
1.813874152302742127e-01
1.810083760507404937e-01
1.810698790661990631e-01
1.804203832149505748e-01
1.812614693306386360e-01
1.804188148491084609e-01
1.805861891433596655e-01
1.803665222413838032e-01
1.794737976044416539e-01
1.798211687617004007e-01
1.797355734929442506e-01
1.789660652540624175e-01
1.789051752537488826e-01
1.792183277755975690e-01
1.783830782026052386e-01
1.788145842403173480e-01
1.782966230250895012e-01
1.789880180358886796e-01
1.789005795121192954e-01
1.774419451504945788e-01
1.787973417900502737e-01
1.778866653330624104e-01
1.765813744999468193e-01
1.776132858172058959e-01
1.778848506696522336e-01
1.773362479917705015e-01
1.765904888138175033e-01
1.769478951022028790e-01
1.777439042553305704e-01
1.769132746569812287e-01
1.765353673323988848e-01
1.759949720837175879e-01
1.770663182996213558e-01
1.755111409351229612e-01
1.759543596394360088e-01
1.766582299023866653e-01
1.761494268849491951e-01
1.760691395401954573e-01
1.764606622047722451e-01
1.761250264197588011e-01
1.755940755456686098e-01
1.757380571961403015e-01
1.751926445774734109e-01
1.749911221116781102e-01
1.754781217314302921e-01
1.751185027696192387e-01
1.740305295027792520e-01
1.751376289315521584e-01
1.739380261674523254e-01
1.751519102603197042e-01
1.746135565079748597e-01
1.742652397602796610e-01
1.752740883082151424e-01
1.737579426728189103e-01
1.745585478842258398e-01
1.745347428694367375e-01
1.741481272503733746e-01
1.743547457456588734e-01
1.732346128858625878e-01
1.734747126698494013e-01
1.737082831189036281e-01
1.738952831178903480e-01
1.734514466300606794e-01
1.731891251541674004e-01
1.730407107807695744e-01
1.729202848114073376e-01
1.737238495051860732e-01
1.728775879926979508e-01
1.726998399756848879e-01
1.726337227225303583e-01
1.721701465360820360e-01
1.726751973479986324e-01
1.727808601595461346e-01
1.725580488145351532e-01
1.727470460906624927e-01
1.720284485258161966e-01
1.721274314075708356e-01
1.720060276240110431e-01
1.717348632216453563e-01
1.723124075122177690e-01
1.713788047060370578e-01
1.714000602811575069e-01
1.715044183097779729e-01
1.715791439078748204e-01
1.707518764398991973e-01
1.713690741546451957e-01
1.706431442871689796e-01
1.701954115740954843e-01
1.712416222505271368e-01
1.708007377572357544e-01
1.712841862253844660e-01
1.713553686439991119e-01
1.708011128194630024e-01
1.707696806453168348e-01
1.706017821840941917e-01
1.702675460092723247e-01
1.699805575050413742e-01
1.703019743226468485e-01
1.704511095024645317e-01
1.696051208116114151e-01
1.701532085053622800e-01
1.700069805979728677e-01
1.700624384917318876e-01
1.698565924912691094e-01
1.690033279731869564e-01
1.689356118626892667e-01
1.700604835525155178e-01
1.689640677347779285e-01
1.694626931101083644e-01
1.694757038168609176e-01
1.699846852757036786e-01
1.688443269208073638e-01
1.684591488167643536e-01
1.680167772620916322e-01
1.686902568861842200e-01
1.689314294606447109e-01
1.690274992398917708e-01
1.688972271792590629e-01
1.687752674333751202e-01
1.689766435511410314e-01
1.688722185231745221e-01
1.680115291103720654e-01
1.684657672233879633e-01
1.681609204411506631e-01
1.684118250384926685e-01
1.691896816529333547e-01
1.679046295210719075e-01
1.684404348582029254e-01
1.682390830107033386e-01
1.683300900645554043e-01
1.672676319442689408e-01
1.676698225736618086e-01
1.675870526395738247e-01
1.672441206127405211e-01
1.674037864990532420e-01
1.675220439396798711e-01
1.673533515259623405e-01
1.678212635964155264e-01
1.668196449987590368e-01
1.677926603145897255e-01
1.671919170394539911e-01
1.665825859829783429e-01
1.670827467180788506e-01
