1.596752930879592913e+00
2.331212938964366987e+00
9.632139815241098635e-01
4.791836956366896660e-01
2.635403359420597780e-01
1.567178222164511692e-01
1.216514627467840948e-01
1.130340655464679017e-01
1.232630399651825359e-01
1.104907612930983302e-01
1.098849857244640627e-01
8.463655082881450797e-02
9.024308939650654837e-02
9.143555147387087689e-02
8.180296615138650529e-02
7.907099330797791314e-02
8.828122412227093485e-02
7.479179066419601452e-02
7.694932914525270951e-02
8.317693120706826093e-02
7.569410505704582404e-02
9.019621225446462776e-02
7.959394038654864223e-02
1.011086724903434569e-01
7.551256491988897479e-02
7.522239622659981917e-02
7.511067343037575172e-02
7.917412180826068069e-02
7.068237630650400782e-02
7.096714241616428054e-02
7.560168340057134284e-02
7.078692480362951123e-02
8.576527477428316781e-02
8.049691865220666431e-02
7.179488858953118890e-02
7.390541411936282779e-02
6.849261464923619980e-02
7.057270787470042162e-02
6.845164004340767439e-02
7.078351226262748208e-02
7.254964671097695328e-02
7.557223629392682829e-02
6.910438494570553258e-02
6.792516222223639322e-02
7.464879607595503730e-02
7.099414753541349876e-02
7.489159131608903730e-02
7.366924092732370088e-02
6.956846810132265302e-02
7.006496451608835996e-02
7.425804039649665234e-02
6.901155857741832211e-02
6.876298270188271888e-02
7.596272520348429369e-02
6.823430993035435599e-02
7.441581900045275699e-02
7.238842550292610978e-02
6.567608307860792194e-02
7.041519620083272479e-02
7.409646951872855825e-02
7.128317587077617756e-02
7.033577082678675596e-02
7.524926956743001327e-02
6.613726604171096812e-02
7.027741526626050950e-02
6.712723408639431621e-02
6.584898667782544679e-02
6.652977042086422044e-02
6.788955340720713438e-02
7.027688253670931473e-02
7.272073246166109450e-02
6.938136400654912328e-02
7.319092861283570117e-02
6.738014575093984049e-02
7.258055415935814325e-02
7.896233364753425799e-02
7.357177119888365369e-02
6.727408207580447275e-02
6.538954352773726497e-02
6.518695669993758435e-02
6.916260360740125734e-02
7.488679595943539824e-02
6.703928936086595014e-02
6.646811156906187734e-02
6.489698812551795981e-02
6.728522331640124365e-02
6.743334288336336191e-02
6.786355361156165555e-02
6.517804047837853776e-02
6.676701828464866317e-02
7.193209337256849245e-02
7.831226620823145135e-02
7.594711204431950358e-02
6.956199092790484040e-02
6.613959224149584815e-02
6.611291183345019418e-02
6.552328172326088440e-02
8.526087365485728042e-02
7.637321597710251819e-02
7.428536165133119151e-02
