1.617865194752812485e-01
8.091395817697048798e-02
7.568120952695607528e-02
6.938490856438875309e-02
6.936116740107536871e-02
6.761063031852244942e-02
6.430152442306280580e-02
6.462366376072167795e-02
6.363926406949758918e-02
6.526159795001149067e-02
5.814240574836730679e-02
6.490795722231268439e-02
5.902496831491589602e-02
6.282660678029060308e-02
6.144460840150713782e-02
6.291968459263444502e-02
5.850944684818387004e-02
6.200729407370090401e-02
6.003999972715973882e-02
6.041006660088896890e-02
6.148318506777286641e-02
5.776799352839589313e-02
5.467157324776053540e-02
5.897918993607163124e-02
6.558849707245827110e-02
6.092334898188710157e-02
5.808654429391026802e-02
5.893753940239548905e-02
5.951711708679795210e-02
5.938185909762978831e-02
5.619650188833474891e-02
5.856135297566652381e-02
5.680874081328510933e-02
5.809169115498662161e-02
6.168707696720957673e-02
5.670576812699437003e-02
5.897086402401328226e-02
5.809373581781983320e-02
5.800822224467992727e-02
5.734349424019456049e-02
5.906283540651201952e-02
5.791368449106812366e-02
5.846363125368952973e-02
5.852800827473401968e-02
5.673428162932395852e-02
5.596125856041908597e-02
5.447012025862932316e-02
5.961774332448840225e-02
5.898295642808079609e-02
5.608850369229912564e-02
5.667727481573819892e-02
5.752088243141770252e-02
5.518168825656175752e-02
5.551594542339444160e-02
5.914386631920933585e-02
5.360468996688723398e-02
5.617706188932061057e-02
5.698187552392482841e-02
5.585017399862408916e-02
5.223960146307945335e-02
5.005120320245623478e-02
5.227385241538286265e-02
5.630519976839423041e-02
5.884573755785822702e-02
5.559750543907284598e-02
5.591258488595485937e-02
5.571528505533933362e-02
5.617857258766889572e-02
5.638200303539633862e-02
5.243353880941867967e-02
5.575178362429142331e-02
5.457005508244037323e-02
5.460618900135159187e-02
5.523141751065849953e-02
5.068065501749515617e-02
5.403941364958882165e-02
5.698328044265508346e-02
5.558769127354026146e-02
5.524572066962719213e-02
5.708942344412207270e-02
5.410674579441547560e-02
5.205098295584321272e-02
5.741931054741144375e-02
5.471839107573032296e-02
5.618593184277415054e-02
5.539171988144517278e-02
5.499534783884883066e-02
5.536229666322469573e-02
5.454268304631113701e-02
5.412171896547079281e-02
5.231040783226489910e-02
5.017711628228425924e-02
5.811513654887676128e-02
5.547540290281176290e-02
5.642850872129202139e-02
5.527845477685332243e-02
5.445607155561447282e-02
4.763798270374536292e-02
5.809579698368907280e-02
5.216152928769588609e-02
