5.725454789400100664e-01
2.220778390392661172e-01
1.229214379563927650e-01
1.144929054627815829e-01
9.993342309569319681e-02
1.058581213032205870e-01
9.238528224329153882e-02
9.365399628256758369e-02
7.631267923861742575e-02
8.184745470682780466e-02
8.658012956380843617e-02
8.890216595182816317e-02
7.583028567334015868e-02
7.384986648336053228e-02
6.921038810784617412e-02
6.864560250813762921e-02
7.208436558023095797e-02
6.639786437774697347e-02
6.839352025340000862e-02
7.424385060245791701e-02
7.084019598240653970e-02
7.414036836475133840e-02
6.689101461321116104e-02
7.136633951837817458e-02
7.754075555130839070e-02
7.063512246434887343e-02
7.028750636304417765e-02
6.670602292443315873e-02
8.172979809964696363e-02
7.190925318747759531e-02
6.681415131936470353e-02
6.789469779779513936e-02
6.739921965946753246e-02
6.982647655531763753e-02
6.481334661444028422e-02
7.043239255746205907e-02
6.607276871800422946e-02
7.029830596099297113e-02
6.955418981611728724e-02
7.515904867400725886e-02
6.543517356738448587e-02
6.536398792639375177e-02
6.872679063429434909e-02
6.765655852233369572e-02
6.481435210754474263e-02
8.172681162133813015e-02
6.675674662614862476e-02
6.468082283313075775e-02
6.484539075444141487e-02
6.906578078866004722e-02
6.442736690863966331e-02
7.706990281430382839e-02
8.076127314940094448e-02
6.636683316280445055e-02
6.583232073113322314e-02
6.888963815445701966e-02
6.473080207904180483e-02
6.581108385076125944e-02
6.852551334227124924e-02
6.641027948508659851e-02
6.234159025053183367e-02
6.456757146865128860e-02
6.180338842173417613e-02
6.401132378727197869e-02
6.528994334240754982e-02
6.342146622637907794e-02
6.392752366140484754e-02
7.113416589796543732e-02
6.447586961090565061e-02
6.791098941117525156e-02
6.515370687469840272e-02
6.371308715393145250e-02
6.734913008287549130e-02
7.462056480968991268e-02
6.410075156949460173e-02
6.605091460049151986e-02
6.904393371815482905e-02
6.609738756592074826e-02
6.517248919233679938e-02
6.303586788475513958e-02
6.896495449667175426e-02
6.447276790936787294e-02
6.706282089774807942e-02
6.405757075796524036e-02
6.588301870661476822e-02
6.232050614431500213e-02
7.204064066832263635e-02
6.848359651553134753e-02
6.748352235183119330e-02
7.143634603669246630e-02
7.056250626221299838e-02
7.055843708415826532e-02
6.085514049356182537e-02
6.756852837279439528e-02
6.904761229331295158e-02
6.240456543862819838e-02
6.198797425876061140e-02
6.306229445462425975e-02
6.352242704480887125e-02
7.537193600709239660e-02
6.725001261880000913e-02
6.497796837861338770e-02
6.838778937235474864e-02
6.252653072277704338e-02
6.953750110541780105e-02
6.467952323456604979e-02
6.797415753205617028e-02
6.413662215384344223e-02
6.789778683334589393e-02
6.532516224309802000e-02
6.578787655259171752e-02
6.706001425782839864e-02
6.411196012670794531e-02
6.420000641917189554e-02
7.910650967930754618e-02
6.718826203917463435e-02
6.192613309249282022e-02
6.171799864619970100e-02
6.176675915718078669e-02
7.000103582938511926e-02
6.631941181297103249e-02
6.594289079929391284e-02
6.193288449508448784e-02
7.437326298405726177e-02
6.103753181795279481e-02
6.425671744470795588e-02
6.578517813856403496e-02
6.815606616126994310e-02
6.562682731697956628e-02
6.134580971673130739e-02
6.268649257098635186e-02
6.526048942158620136e-02
6.737300228948393810e-02
6.261660767719150200e-02
6.613322524353862364e-02
6.545486203705271067e-02
6.171444102500876078e-02
6.339517245069145601e-02
6.093943964689969850e-02
6.581914943953355579e-02
6.041795141063630720e-02
6.164001912499467856e-02
6.350463382899761144e-02
7.234743202726046096e-02
6.437422052025794372e-02
6.329158556958039417e-02
6.781984108810623635e-02
6.534191278119881596e-02
6.058539593902727283e-02
7.641393033787607925e-02
6.362999039391677158e-02
6.042997352778911591e-02
5.922266876325011503e-02
6.531483895455797439e-02
7.679490204279620924e-02
6.708406614760557829e-02
6.247175407906373212e-02
6.162562240536013924e-02
6.122663089384635521e-02
6.223900808021426423e-02
6.030453792462746321e-02
6.088668425257007244e-02
6.286560341715813349e-02
7.503281235694884976e-02
6.009940354774395699e-02
5.958063676953315874e-02
6.021708495914936121e-02
6.463331646596391644e-02
6.295529947926600811e-02
7.561329822366436026e-02
6.532659022758403877e-02
6.242246878643830515e-02
6.137809913605451334e-02
5.983842805648843105e-02
5.884726413215200097e-02
6.482400904720028723e-02
6.030885780851046041e-02
6.670197630301118175e-02
5.773720599710941564e-02
6.093088377267122380e-02
7.076715901494026739e-02
6.067293444027503646e-02
5.734309680759906713e-02
6.067168010088304364e-02
6.094530714675783917e-02
6.021945025771856252e-02
7.058170793578028013e-02
6.952703093489011332e-02
6.266020163272817411e-02
6.352245814477404384e-02
6.058673508465289848e-02
6.187580478688081004e-02
7.100988376264770474e-02
7.191231648748119820e-02
5.980682574833432602e-02
6.091307226568460492e-02
6.120087719832857653e-02
6.531198100497324910e-02
6.108469458296895277e-02
8.353393927216529180e-02
5.954896594087282641e-02
6.520050859699647039e-02
5.885526337971289795e-02
6.960997284700473631e-02
6.514214852203925599e-02
7.262479463592171058e-02
7.046413866803050152e-02
6.092790904765327947e-02
6.297065857176979697e-02
6.054140000604093380e-02
5.970462719599405749e-02
6.306872548535466527e-02
6.032073678448796050e-02
5.943625804036855448e-02
6.166650694484512168e-02
6.061824621632695004e-02
5.970237556844949778e-02
6.538308344160516372e-02
5.886391870677470939e-02
6.164619636411468317e-02
6.035014112169544143e-02
6.412921683241923354e-02
5.994345542664328980e-02
5.960585777647793571e-02
6.050568930183847921e-02
7.030215876176953982e-02
6.552965136244892630e-02
7.023098460088172956e-02
6.037068353344996613e-02
6.047786693399151425e-02
6.364650405322512527e-02
6.128420265391468919e-02
5.621576167022188791e-02
5.970612058726449539e-02
6.125669224808613644e-02
6.786397386031846335e-02
6.474089931696652700e-02
6.273319081092874894e-02
6.404435656964778401e-02
6.654973665252328363e-02
7.009607153634229981e-02
5.664847683161497449e-02
6.616685785353183802e-02
5.802984638139605661e-02
5.967948158892492222e-02
6.014431056256095559e-02
6.205380380153655701e-02
6.342916576191783007e-02
6.395534955896436946e-02
5.720562654236952677e-02
5.879708829646309448e-02
5.824933989594380246e-02
6.048094966759284125e-02
5.792725739379724070e-02
6.630425781632463822e-02
5.986542263378699658e-02
6.090529508888721522e-02
6.068200216318170304e-02
6.778668740143378724e-02
6.265749164546528804e-02
5.907668054724733026e-02
5.843916645273566218e-02
6.162337793968617611e-02
6.007237118047972779e-02
5.826777905225753729e-02
7.016157864282528134e-02
5.849167035271723991e-02
6.053167402744293046e-02
6.306990340972939979e-02
7.162900892396767416e-02
6.570545028895140305e-02
6.833159940627714368e-02
6.137144133138160151e-02
5.918673157071074192e-02
5.973471077779928667e-02
6.676186682656407023e-02
6.695171045139432231e-02
5.848374007890622117e-02
9.189984911431868519e-02
6.926567365725834480e-02
6.212381366640329361e-02
6.058473314469059456e-02
5.777711172277728846e-02
6.247408268973231316e-02
6.158864998569091309e-02
6.165266432488958337e-02
6.369052341828743136e-02
5.856951232999563217e-02
6.488223943238456692e-02
6.509203618392347956e-02
7.522873845572272677e-02
5.942695748371382841e-02
7.022953960113227645e-02
5.711187211175759726e-02
6.425384653111299027e-02
6.027710425977905739e-02
6.049776844680309490e-02
5.790066891660292786e-02
6.072648827607433214e-02
6.145878617341319489e-02
6.417012303446729959e-02
6.277270112807552260e-02
7.038778275251388050e-02
5.950209306242565388e-02
6.184937630159159649e-02
7.876559746762117065e-02
6.988228716577092603e-02
6.444806316557029346e-02
6.084569951519370329e-02
5.883872449398040716e-02
6.481304446235298944e-02
6.667999943097432936e-02
5.656075131148100010e-02
6.345362721631923886e-02
6.120887588709592736e-02
6.371046610797445608e-02
6.693699982017278782e-02
5.722161042814453286e-02
5.977989738807082398e-02
5.814593123272061154e-02
5.940951418131589640e-02
5.626710176467895203e-02
8.262149679164092209e-02
5.960322470093766534e-02
6.225066278129816333e-02
6.317592947433392503e-02
5.937834175924459890e-02
5.779826438054442433e-02
6.541477246209978502e-02
6.845026876156529161e-02
5.765672450264294757e-02
6.106901955480376759e-02
6.370537071178357380e-02
6.237032155195872118e-02
7.989634404579798455e-02
6.495729674895604766e-02
6.247790500521659823e-02
6.518689251194396961e-02
5.998439842214187134e-02
6.204091865569352771e-02
6.349187880754471325e-02
6.241389537851015773e-02
6.211867758383353422e-02
6.048062441560129315e-02
6.637276159909864803e-02
6.621109133896728449e-02
6.052367171893516945e-02
6.012864885230859158e-02
6.286481231761475996e-02
7.512588475520412534e-02
5.779511124516526627e-02
5.792263219133019642e-02
6.687555938027799074e-02
6.503067311520377425e-02
6.012097862859566710e-02
7.305227625183760565e-02
6.317280357393126322e-02
5.883219445434709205e-02
6.727227379257480488e-02
5.989532528445124654e-02
5.822845721617340986e-02
6.171580322086810816e-02
5.963411480188370029e-02
6.175130785753329271e-02
6.271527665977676136e-02
6.019961122423410360e-02
6.011330753564834289e-02
5.880024104689558079e-02
6.048409889452159571e-02
5.854495683684945301e-02
6.011334541253745417e-02
6.717671854421496114e-02
6.017756408080458808e-02
7.275193042432268054e-02
6.289859637618064325e-02
6.793623112452526480e-02
5.912304993097981104e-02
5.964610707014798840e-02
6.023615447183450211e-02
5.908841857065757347e-02
6.114224658658107270e-02
5.917213456705212871e-02
5.892800791809955918e-02
6.300759263647098818e-02
6.333183765100935947e-02
6.356601315860946344e-02
6.208272280792394987e-02
6.129543936500946727e-02
5.846285794551173837e-02
6.001885980988542341e-02
5.950139875834186548e-02
6.267061464488506151e-02
6.063706457304458147e-02
5.971231162548065047e-02
5.728864773176610414e-02
5.777648477504650909e-02
5.780484775081276561e-02
7.103070922816792643e-02
5.643637263526519315e-02
6.431565577164292946e-02
6.039293205365538902e-02
6.570339788372317469e-02
6.228032064313689803e-02
6.530750506867964711e-02
6.135136921579639052e-02
5.945170878122250230e-02
5.819748666137456589e-02
5.972109615181882963e-02
6.878680070551733416e-02
6.047711910679936381e-02
5.714178659021854068e-02
6.774877720202009124e-02
6.220453000317017339e-02
6.223066231235861723e-02
6.011874016374349483e-02
6.370562563960750768e-02
6.620068917671839692e-02
5.625350248379012291e-02
5.997222029293576562e-02
5.986325755715370123e-02
5.887112811207770996e-02
5.759430677319566511e-02
5.627095233028133608e-02
6.306879869351784962e-02
5.937415412937601528e-02
6.213031534726420890e-02
5.928356918195883118e-02
5.967378109072645626e-02
5.720998526861269945e-02
5.933295786380767683e-02
5.893486303587754799e-02
5.767091907560825681e-02
6.009165833393732836e-02
7.199909617503484627e-02
5.798221899196505380e-02
6.956673471257091013e-02
6.555881107846896205e-02
6.587396096438169479e-02
5.871950068821509688e-02
6.065623257930079920e-02
6.182665591438611663e-02
6.478486216316620139e-02
7.262283434160053674e-02
6.209863102994859357e-02
5.909654444083571601e-02
5.685135614437361595e-02
6.227784391492605098e-02
5.805170942718784061e-02
6.198712149324516613e-02
6.155380960243443667e-02
6.165870159553984986e-02
6.007558168222507100e-02
6.635332270835836432e-02
7.463763947288194756e-02
6.932151644180217787e-02
6.088480649515986415e-02
6.140927895593146363e-02
5.705353170322875062e-02
5.966269703581929262e-02
5.965285925194620947e-02
5.733462378382683106e-02
6.402066353708506241e-02
5.797585619613528085e-02
5.502415986731648556e-02
5.720304954486588739e-02
6.806277719015876859e-02
6.597958919281761425e-02
8.422454151014487078e-02
5.793896091481049587e-02
5.854724445069829641e-02
5.927196012809872461e-02
5.768639259350796800e-02
6.529596792533993999e-02
6.418468574061990395e-02
5.868857917686303577e-02
6.458133638526002140e-02
6.262895120307802876e-02
6.015205185860395681e-02
6.547856710230311184e-02
5.885428398226698332e-02
6.291095200926065389e-02
6.011497618630528422e-02
5.634309966738025588e-02
5.811777520303924860e-02
5.713234769490858206e-02
6.175478923444946422e-02
6.112627740949392458e-02
6.116903854534030266e-02
5.743545477899412305e-02
8.223843931841354205e-02
7.356291898836692100e-02
7.323186989252765400e-02
6.946210894112785084e-02
6.273462229097882814e-02
5.938729271913568281e-02
5.703834127634763856e-02
6.024838435774048512e-02
5.723022105172276275e-02
5.943566902851064870e-02
6.014246806502342169e-02
