8.981460606058438989e-02
7.455716538760397138e-02
6.883324202564027050e-02
6.686366991036468699e-02
6.853234250512388326e-02
6.584797106269332789e-02
6.571962181478738230e-02
6.434754389855597279e-02
6.206408710115485922e-02
6.293429067979255942e-02
5.605633647905455819e-02
6.200395176808039255e-02
6.219339321057001935e-02
5.972168747749593415e-02
6.409722587300671626e-02
6.366279472907383774e-02
6.036058010326491446e-02
6.229384522885084152e-02
6.234897755914264178e-02
6.111066306216849514e-02
6.123465827355781960e-02
6.202553597589333806e-02
6.231025184194247113e-02
5.891896780166361314e-02
5.873311294449700543e-02
6.202723156246874037e-02
5.780310920543140635e-02
6.170493147025505470e-02
5.331057864758703690e-02
5.755466425584421924e-02
6.044434426973263608e-02
5.962323471903800687e-02
5.898995469841691874e-02
5.994344179828961505e-02
5.978842290739218301e-02
5.734059326350689212e-02
5.857420692013369512e-02
5.767733849998977341e-02
5.590003809581200328e-02
5.715003319912486529e-02
5.392085692534843988e-02
5.623575370344850721e-02
5.820946291916900134e-02
5.540763636430104389e-02
5.878643109980556669e-02
5.190215669572353224e-02
5.657305765069193387e-02
5.841431236929363335e-02
5.842958721849653148e-02
5.882654643307129450e-02
5.730978480229775157e-02
5.527131652666462946e-02
5.157708217286401109e-02
5.851778201758861542e-02
5.785806522601180668e-02
5.590448646495739526e-02
5.815599790463844843e-02
5.894706375483009519e-02
5.421157487564616517e-02
5.789100687123006905e-02
5.550753879878256303e-02
5.818740926269028169e-02
5.427343768792020073e-02
5.590974632650613785e-02
5.640581126014391350e-02
5.760598551068041306e-02
5.606422008325655931e-02
5.399125216321812998e-02
5.767605368875795141e-02
5.573485249446497730e-02
5.493375385800997740e-02
5.653864250828822408e-02
5.605858049045006619e-02
4.955880658494101615e-02
5.489636042879687122e-02
5.895229054407941094e-02
5.526212499373488879e-02
5.444585113889641170e-02
5.475559201505449114e-02
5.403406506197320353e-02
4.767684812347094264e-02
5.806270088586542449e-02
5.621018544253375548e-02
5.421810673756732174e-02
5.618292697601848240e-02
5.657615429825253034e-02
5.108750615682866592e-02
5.189652641614277834e-02
5.151926434288422313e-02
5.380015849239296044e-02
5.190553632047441301e-02
5.364503959814707207e-02
5.556942468716038336e-02
5.070801592535442714e-02
5.598646389941374507e-02
5.687079206109046936e-02
5.653344324479500638e-02
5.647714609901110377e-02
5.374535802337858381e-02
4.991171343459023524e-02
5.492064532720380282e-02
5.353147346112463456e-02
5.439624943666988149e-02
5.504696898990207171e-02
5.074010114702913465e-02
5.590750359826617694e-02
5.422801812075906530e-02
5.520158741209241909e-02
5.048115369346406478e-02
5.190119749555985318e-02
5.347189081625806223e-02
5.006066836002800308e-02
5.319245641844139866e-02
5.134638607915904818e-02
4.988937154412269315e-02
5.434623006731272021e-02
5.281536250064770149e-02
5.635405106263028513e-02
5.436613973644044417e-02
4.966112172438038458e-02
5.387243077986770406e-02
5.463859674831231250e-02
5.370901305642392792e-02
5.102975842439465975e-02
5.224422555830743331e-02
5.492576228247748188e-02
5.218105829424328490e-02
4.920427848895390921e-02
5.179921456923087392e-02
5.458897927569018177e-02
5.318040895379251565e-02
5.393210804710785872e-02
4.959649424999952594e-02
5.513790222919649764e-02
5.239417552947998186e-02
5.371503219422366776e-02
5.552956846853097234e-02
5.291906413104799367e-02
5.379331552733977728e-02
5.260408286833100772e-02
5.428982333590586656e-02
4.930054088019662772e-02
5.063214153051376343e-02
5.001444994575447722e-02
5.307119602544440456e-02
5.325543690058920365e-02
4.966413747105333232e-02
5.371837334500418476e-02
5.311707618335882730e-02
4.969203192740678787e-02
5.545225764314333505e-02
5.371993887755605740e-02
5.394186071223682627e-02
5.351795856323507405e-02
4.714462295588520147e-02
5.110260200583272711e-02
5.393182726369964014e-02
5.496725475208626838e-02
5.314824396951330771e-02
5.415913317766454793e-02
5.370074489878283452e-02
5.337438989016744795e-02
5.244246820608775006e-02
4.422741596483521775e-02
5.257588113761610393e-02
5.381579719897773562e-02
5.253047249797317825e-02
5.154046941962506928e-02
4.947598853872881702e-02
4.598966607203085893e-02
5.415145469208558493e-02
5.321516309761338548e-02
5.319125050057967735e-02
5.195168981121645740e-02
5.226127352151605648e-02
5.107236792229943867e-02
5.195513976116974963e-02
4.970118550376759897e-02
5.189496924479802126e-02
5.310656881580750471e-02
4.788356880760855083e-02
5.173963796761300860e-02
5.204047740747531209e-02
5.197851223250229968e-02
5.226860706590943928e-02
5.328039700786272453e-02
4.558912648095025250e-02
5.157753080129623413e-02
5.068987481709983506e-02
5.222603682842519301e-02
5.224315675182474722e-02
5.457710141523016562e-02
4.878465789887639903e-02
4.732337871359454384e-02
5.367272078163094068e-02
5.034962420662244392e-02
5.052812904533413030e-02
5.041433210588163599e-02
5.245132413175371267e-02
4.306912560843759175e-02
5.081854518502950530e-02
5.201420192089345473e-02
5.406697837428914299e-02
4.505702687634362269e-02
4.455417407055695805e-02
5.116996808598438945e-02
4.817661870684888936e-02
5.131629713707500096e-02
4.726353366341855960e-02
5.056930710044171828e-02
5.132821216765377087e-02
5.050263295157088328e-02
5.270005816386805902e-02
5.262593624906407308e-02
5.057843534482849707e-02
5.121973372168010796e-02
4.955675893773635321e-02
5.103914158211814156e-02
5.148355079193910055e-02
5.089360283066828722e-02
4.748250254326396441e-02
5.114148865557378854e-02
4.861466307193040848e-02
5.214978108803431517e-02
5.197377353906631331e-02
4.944002108855379690e-02
4.845186968644459719e-02
4.360313988808128816e-02
5.211134403944015642e-02
5.239051296893093568e-02
4.704978548818164463e-02
5.053542512986394786e-02
5.139145954615539913e-02
4.824126902967691699e-02
5.196296583033270522e-02
4.735393466220961384e-02
4.819810551901658469e-02
4.790193980766667414e-02
5.160507924026912913e-02
4.856547955423593660e-02
4.846744127571582517e-02
5.118110860801405176e-02
4.985714490628904982e-02
5.091151613742113391e-02
4.949307435502608293e-02
5.064019397315051851e-02
5.045159016218450643e-02
4.953188639548089522e-02
5.241246266911427087e-02
5.105178289943271275e-02
5.063135052720705437e-02
4.990829163127475515e-02
4.946222487423154734e-02
5.195258808218770896e-02
4.893585524211327420e-02
4.977343955801592779e-02
4.494268229852119850e-02
5.122130258629719463e-02
4.372660157581170076e-02
5.207657985803153949e-02
5.124686579737398190e-02
5.116973144726620626e-02
5.049200523644685468e-02
4.927426957421832815e-02
5.072641153302457490e-02
4.664646769977277840e-02
5.086041519211398354e-02
4.854920479572481795e-02
5.004113608350356512e-02
4.377591912117269335e-02
4.845291398879554567e-02
4.961419088972939678e-02
5.056366320285532456e-02
4.965709437512689367e-02
5.019529283874564485e-02
4.779153015050623121e-02
4.807927738875150681e-02
5.172140153331888923e-02
3.449036087840795517e-02
5.086199839909871095e-02
4.988958169188764669e-02
4.789408693710962839e-02
4.995736452854342147e-02
4.838646846926874384e-02
5.070729266024297938e-02
4.643545653671025952e-02
4.925946467038658239e-02
5.084935499148236088e-02
4.757822478810946193e-02
4.616280672036938981e-02
4.752017739746305924e-02
4.955938783370786305e-02
4.759813590596119470e-02
5.070804349250263715e-02
4.645899126513136634e-02
4.898658645235830222e-02
4.744091878334680962e-02
4.955625411950879966e-02
4.965864858693546519e-02
4.971497522460089497e-02
4.767604445417721742e-02
4.751960063974062370e-02
4.391960712770621306e-02
5.071495876957973076e-02
4.787401695632272081e-02
4.147347712682353249e-02
4.816037226054403764e-02
4.875435510443316273e-02
4.975090012368228731e-02
4.795919789208306222e-02
4.726753104478120804e-02
4.414765162186490288e-02
5.145650890966256552e-02
4.884255302862988701e-02
4.667174549152453694e-02
4.784773157702552210e-02
4.768411751008695687e-02
5.064637311216857452e-02
4.745221688515609965e-02
4.834772259410884815e-02
5.021280006815989627e-02
4.902106473843256818e-02
3.793206332872311320e-02
4.981038638701041493e-02
4.699936124185721126e-02
4.604228933652242117e-02
5.001969101528326578e-02
4.754576519545581498e-02
4.703807690077357884e-02
4.729144409712818242e-02
4.923948649730947036e-02
4.870185051113366803e-02
4.503690958436992742e-02
4.199905964649385676e-02
4.737022142443392259e-02
4.783926237788465458e-02
4.812323039190636448e-02
4.911586528437004995e-02
5.086679578655296102e-02
4.981174137857224959e-02
4.650048590782615565e-02
4.465657371199793085e-02
4.822115873297055239e-02
4.732597393708096872e-02
4.517182581540610947e-02
4.885726823574966515e-02
4.858744301729732429e-02
4.752934755136569572e-02
4.672819669875833554e-02
4.292728842960463753e-02
4.811422479235463734e-02
4.900021317104498453e-02
4.689129704816474148e-02
4.833524179541402732e-02
5.030394322756263914e-02
4.268514696094724559e-02
4.928551117579142021e-02
4.926172414173682346e-02
4.299554365376631604e-02
4.768229203505648661e-02
4.869959979421562696e-02
4.864425547420978685e-02
4.929555350293715610e-02
5.001607793900701704e-02
4.685984829233752480e-02
5.012604263093736745e-02
4.799815552930037504e-02
4.929630530791150045e-02
4.144262081633011408e-02
4.912775417582856269e-02
4.614256225112411958e-02
4.738982940713564601e-02
4.822114799171686034e-02
4.321072925296094713e-02
4.859947866449753490e-02
4.586233914726310645e-02
4.832875660310188837e-02
4.795632318904002184e-02
4.819394904706213179e-02
4.846723787486553053e-02
4.775835600578122453e-02
4.861366167250606718e-02
4.747452475130557736e-02
4.961929772463109789e-02
4.291650255521138602e-02
4.743453858213292351e-02
4.723613237341244692e-02
4.916607605086432270e-02
4.830002660552660393e-02
4.722339939326047897e-02
4.865374012539783882e-02
4.768252289957470441e-02
4.788914521535237584e-02
4.772568984578053064e-02
4.796025897893640977e-02
4.868686103986369362e-02
4.947023797366353892e-02
4.335693212019072623e-02
4.728031746215290154e-02
4.693678809950749264e-02
4.941866675184832663e-02
4.454295233719878649e-02
4.832201413810253282e-02
4.604183106372753548e-02
4.800916187879111785e-02
4.914358701142999830e-02
4.862647429108619967e-02
4.862027470436361409e-02
4.434666819870471816e-02
4.759622899194558554e-02
4.891534236570199007e-02
4.161365816576613474e-02
4.877433975537617816e-02
4.726593666192557830e-02
4.867405001487996874e-02
4.646456396828094887e-02
4.528511466665400415e-02
4.538351837545633038e-02
4.591898257947630430e-02
4.742560303873485927e-02
4.704194439368115238e-02
4.683523107733991719e-02
4.780282512721088090e-02
4.512116809686025215e-02
4.738833620730373286e-02
4.908876590844657439e-02
4.717786792251799088e-02
4.607057724561956086e-02
4.772242825064394040e-02
4.813744893504513789e-02
4.888829870356453666e-02
4.823349917100535483e-02
4.957742980784839854e-02
4.096641530179315205e-02
4.742432528485854282e-02
4.606228961298863139e-02
4.664002781112988605e-02
4.325947097192207880e-02
4.840062556581364861e-02
4.705042961157030607e-02
4.673846871074702897e-02
4.628872825867599849e-02
4.505812573350138212e-02
4.579319591737456008e-02
4.683665457285112604e-02
4.905883361481958027e-02
4.784242914368708882e-02
4.663081318140029768e-02
4.322863395015398569e-02
4.515159860667255359e-02
4.584213702215089031e-02
4.785166211012337190e-02
4.434038044677840462e-02
4.448521139307154426e-02
4.629495462609661827e-02
4.650142321156131020e-02
4.803078865839375405e-02
4.811534825712442121e-02
4.621280748397112170e-02
4.742627081771691455e-02
4.757157636599407963e-02
4.392009305043353268e-02
4.683123864233493944e-02
4.766567490167088195e-02
4.714581896033551850e-02
4.481553644355800586e-02
4.542516519625981741e-02
3.714977854655848732e-02
4.732797843300633883e-02
4.749883653389082999e-02
4.640423945254749938e-02
4.723047458877165788e-02
4.442707482311460815e-02
4.687501519090599145e-02
4.643422940538988880e-02
4.558475576341151914e-02
4.629694153037336446e-02
4.803260575152105971e-02
4.493824659536282268e-02
4.715515954626930961e-02
4.674578302850326134e-02
4.648241893284850434e-02
4.738119219740231924e-02
4.728768828014532494e-02
4.805151770512262888e-02
4.488628080321682701e-02
4.652150322993596487e-02
4.630720178700155343e-02
4.363526037583748823e-02
3.942294843080970668e-02
3.881822812060515410e-02
4.650557521316740078e-02
4.522172044962644716e-02
4.750645231041643324e-02
4.768935613748100100e-02
4.738973805473910283e-02
4.607677393489413575e-02
4.784016660932037535e-02
4.820434082713392215e-02
4.524671516070763455e-02
