7.080126156099141033e-02
5.071496251039207120e-02
4.877097311429679644e-02
4.726245860569178864e-02
4.621930645778775382e-02
4.546669340692460759e-02
4.487862573936581695e-02
4.461201318539678717e-02
4.386183844879269766e-02
4.381199912168085714e-02
4.353286459110677215e-02
4.314663033001124581e-02
4.291097197681665448e-02
4.246929598972201680e-02
4.239222292788327046e-02
4.213133002631366114e-02
4.188721015118062468e-02
4.163753632456064502e-02
4.138917254284023989e-02
4.131221460178494120e-02
4.124435405246913711e-02
4.085808336734771812e-02
4.081809952855110224e-02
4.053331036120653291e-02
4.058449145406484854e-02
4.016198786906897966e-02
4.021402394399047064e-02
4.014281067997216984e-02
4.008952832780778713e-02
3.993833860382437623e-02
3.983371674083173442e-02
3.965792346745729280e-02
3.951646876521408558e-02
3.929728154093026921e-02
3.921243894845247158e-02
3.930303358472883590e-02
3.935115899890661434e-02
3.913348322734236384e-02
3.905067130923271096e-02
3.878998938016593734e-02
3.886348328553140136e-02
3.897783130407333346e-02
3.866487511433661095e-02
3.864501678384840710e-02
3.853702915832400017e-02
3.845123119652271021e-02
3.869579403661191352e-02
3.815386858768761436e-02
3.839896218851208964e-02
3.832293059676885466e-02
3.832819610834121982e-02
3.830568881705403300e-02
3.822376391850412086e-02
3.813610350713134145e-02
3.787930051796137981e-02
3.810538654215633869e-02
3.803727670572697867e-02
3.790942965075373705e-02
3.762908130884170393e-02
3.780077894218265844e-02
3.771342210471630152e-02
3.777787919156253005e-02
3.745010896585881932e-02
3.750692060217261647e-02
3.759739711880683705e-02
3.741709082387387891e-02
3.751176862977444876e-02
3.730048780329525693e-02
3.733569104224443436e-02
3.724865434691310151e-02
3.726710907183587718e-02
3.698121787048876119e-02
3.718289823271334060e-02
3.723739699460566072e-02
3.711433043703436796e-02
3.700803558342159044e-02
3.715223616920411420e-02
3.695747987832873754e-02
3.686314467340708056e-02
3.698022687807678982e-02
3.697636167518794648e-02
3.678334483876824490e-02
3.689337067306041468e-02
3.702821232378483013e-02
3.672636019065975838e-02
3.684515266679227324e-02
3.666170808020979138e-02
3.663136241957545142e-02
3.667920677922666128e-02
3.672838465310632877e-02
3.652813461609184797e-02
3.655073895584792093e-02
3.664424321148544716e-02
3.651880551129579877e-02
3.658270130865275832e-02
3.649855467490852046e-02
3.641459542792290643e-02
3.646856809500605145e-02
3.637685662135482084e-02
3.647241378203034540e-02
3.633911097887903424e-02
3.641299815382808419e-02
3.633642799220979103e-02
3.622162574902176857e-02
3.618115299381315791e-02
3.621088473126292395e-02
3.632834235671907747e-02
3.621045307256281348e-02
3.636432585772127191e-02
3.620284608565271095e-02
3.616727795451879501e-02
3.601761999074369613e-02
3.610713332425802974e-02
3.606069411151111015e-02
3.579597188159823473e-02
3.605531637556851077e-02
3.602983405813574985e-02
3.592368343845010054e-02
3.605392679106444315e-02
3.600514940917491635e-02
3.607048447243869221e-02
3.583292320370674161e-02
3.603741126600652767e-02
3.585170421283691983e-02
3.585821831133216564e-02
3.582604887895286111e-02
3.572883614338934199e-02
3.570544001646339810e-02
3.561433867085725402e-02
3.579543387517333114e-02
3.579151101876050511e-02
3.562637044582515899e-02
3.566976408474147042e-02
3.568053370807319769e-02
3.562949575949460324e-02
3.539883647579699505e-02
3.558542042039334469e-02
3.565509774722158687e-02
3.549402230419218540e-02
3.559648016002028847e-02
3.547372876200825115e-02
3.551700902637094232e-02
3.548431000206619251e-02
3.539784058928489852e-02
3.562961021903902209e-02
3.547651937697082758e-02
3.539473583921790012e-02
3.553360869642346875e-02
3.513827285263687594e-02
3.525935604702681164e-02
3.541448904667049424e-02
3.537917341105639712e-02
3.549802007619291822e-02
3.531271205749362402e-02
3.543379708658903754e-02
3.533374759368598794e-02
3.525739949196576850e-02
3.526403091382235289e-02
3.524880951270461388e-02
3.522113942541182235e-02
3.501312687061727130e-02
3.518491696566343474e-02
3.508186810184270310e-02
3.506163811776787098e-02
3.522622383199632001e-02
3.503779169637710050e-02
3.522787807509303315e-02
3.517665412276983067e-02
3.512410229071974421e-02
3.511431766208261002e-02
3.513476589228958086e-02
3.504744680598378265e-02
3.489103237632661808e-02
3.510756184812634934e-02
3.505457736086100423e-02
3.513065990060568189e-02
3.501301036681980089e-02
3.507761452812701436e-02
3.514890458434820342e-02
3.496895930729806284e-02
3.487507894635200750e-02
3.497002298478037174e-02
3.489454416558146477e-02
3.489015719853341690e-02
3.502801615744829261e-02
3.473074389621615132e-02
3.498353982344269697e-02
3.491313335485756592e-02
3.486109842546283866e-02
3.488755506463348671e-02
3.491515423171222265e-02
3.487020850181579701e-02
3.496742411050945271e-02
3.501085843890905380e-02
3.483893002383411236e-02
3.494214884471148058e-02
3.474328721873462533e-02
3.460984726902097131e-02
3.488143716473132705e-02
3.482337994966656219e-02
3.476997809950262142e-02
3.485249143093824276e-02
3.455815466120839424e-02
3.464194425381719733e-02
3.480986363720148941e-02
3.478137702681124294e-02
3.473321424797177343e-02
3.479774864390492578e-02
3.466741468757390809e-02
3.467447632923722350e-02
3.451747732702642457e-02
3.461997366975992640e-02
3.482178457081317596e-02
3.467073263600468913e-02
3.463760326150804730e-02
3.465581403579563041e-02
3.457981366664171496e-02
3.465964388102293209e-02
3.459851801395416593e-02
3.471135646570473743e-02
3.463436420075595434e-02
3.456066461745649354e-02
3.458508234005421705e-02
3.428744921460747525e-02
3.458199187647550965e-02
3.446920044254511706e-02
3.463565568905323938e-02
3.454839829821139408e-02
3.462319131940603395e-02
3.468404463026672491e-02
3.441743286326527651e-02
3.437258616555482343e-02
3.452271468937397059e-02
3.450468493159860456e-02
3.443745968397706608e-02
3.454718996305018719e-02
3.432609199546277773e-02
3.443810951896011940e-02
3.444704920519143371e-02
3.441031081136316366e-02
3.454712694976478510e-02
3.432898332830518207e-02
3.422178023494779758e-02
3.444214282091707241e-02
3.431315892376005788e-02
3.439748752862215042e-02
3.425900406204163834e-02
3.432638368103653470e-02
3.433921113144606380e-02
3.445393688976764596e-02
3.425911406055092562e-02
3.436936692334711246e-02
3.433282771613448831e-02
3.423877065535634728e-02
3.431572016328573310e-02
3.433045587502420171e-02
3.422241007443517502e-02
3.428359365090728056e-02
3.418194097932428233e-02
3.427037639077752662e-02
3.424147067591547938e-02
3.428879822138696659e-02
3.423114382196217748e-02
3.420591942965984372e-02
3.428873755037784715e-02
3.424788106232881657e-02
3.407621186692267462e-02
3.418958735186606451e-02
3.427719826344400450e-02
3.423072063829749739e-02
3.429258570075035401e-02
3.426058206707239401e-02
3.415166706312447453e-02
3.414503071457147820e-02
3.418645011261105260e-02
3.416234354022890107e-02
3.419956949539482843e-02
3.414090061560273032e-02
3.408667985815554829e-02
3.423544692341238399e-02
3.406030265614390373e-02
3.399526868481188985e-02
3.417294309008866299e-02
3.424549581483006533e-02
3.410814544185995778e-02
3.419887520838529177e-02
3.413670266512781187e-02
3.389852162916213302e-02
3.412258326075971043e-02
3.409317009616643496e-02
3.408134321216493845e-02
3.408741829451173572e-02
3.404391256626695256e-02
3.406000311020761923e-02
3.411610882729292082e-02
3.402410497423261071e-02
3.401156120467931088e-02
3.405911693349480962e-02
3.401166748721152350e-02
3.386704918462783015e-02
3.404345316812396049e-02
3.404870490077883255e-02
3.383448962122202058e-02
3.408525981474667954e-02
3.387901431415230036e-02
3.405278380028903262e-02
3.401655121240764607e-02
3.391114875208586787e-02
3.400258570443839140e-02
3.390603053383529214e-02
3.393423718865960781e-02
3.385428871493786906e-02
3.390499297063797463e-02
3.404602036811411186e-02
3.397379092406481449e-02
3.375033547170460529e-02
3.393550509586930330e-02
3.405911836307495832e-02
3.382629410363733463e-02
3.390413610264658706e-02
3.408332191407680706e-02
3.391032486688345948e-02
3.397162283770740338e-02
3.394360493868589512e-02
3.394685586914419906e-02
3.387994236778468088e-02
3.388510737102478493e-02
3.374131156131625342e-02
3.377054731361568002e-02
3.379683024715632311e-02
3.386400830000638879e-02
3.373791309539228567e-02
3.385638064239174239e-02
3.379876368213444865e-02
3.391945426352321880e-02
3.377648606430739414e-02
3.375830609351396228e-02
3.387152009643614597e-02
3.378205474931746805e-02
3.374862792436033460e-02
3.366527673788368563e-02
3.377625667490065375e-02
3.386078415904194422e-02
3.384486047085374927e-02
3.379621381871402569e-02
3.376017707865685419e-02
3.385043494403362080e-02
3.360543978400528514e-02
3.376450344454497154e-02
3.363219845574349359e-02
3.384277244564146137e-02
3.388225502334535344e-02
3.368494590278715145e-02
3.379224841017276076e-02
3.378219793085009137e-02
3.368005598895251751e-02
3.361536846030503678e-02
