5.574911193922162111e-02
5.429085994139313393e-02
5.079423426184802998e-02
5.044432610273361095e-02
4.900642473250627768e-02
4.851503137964754964e-02
4.730494942981749995e-02
4.727024184539914409e-02
4.729758572299033736e-02
4.794636502396315558e-02
4.620838219532743402e-02
4.775104354368522874e-02
4.591185713186859974e-02
4.615964129799977195e-02
4.555892066331580087e-02
4.900363035034388526e-02
4.519285526126623487e-02
4.471198979532346046e-02
4.501468699891120195e-02
4.418550737202167622e-02
4.593814479187131178e-02
4.378251585876569152e-02
4.374798504868522564e-02
4.423633720027282668e-02
4.418284588493406884e-02
4.415251274127512948e-02
4.300798823591321651e-02
4.375234162202104593e-02
4.608056240947917132e-02
4.319687322946265395e-02
4.473022924968973052e-02
4.256781687261537023e-02
4.444778998382389879e-02
4.286202517338097429e-02
4.345113827381283378e-02
4.232984372880310014e-02
4.373833973659202456e-02
4.223595541203394726e-02
4.263184170238673576e-02
4.396947375498712340e-02
4.158638298511505016e-02
4.255761742591857716e-02
4.189234863966703748e-02
4.156358964042738274e-02
4.221482658991590475e-02
4.173210807843133474e-02
4.159237555228173511e-02
4.167935940902680464e-02
4.295305615523829779e-02
4.158725935500115489e-02
4.130624323152005950e-02
4.263726128963753886e-02
4.132555384421721101e-02
4.239983359118923434e-02
4.488365621306002196e-02
4.267176965950057049e-02
4.089865481946617504e-02
4.132722346112131795e-02
4.072327359812333986e-02
4.102179436013102254e-02
4.067331582307815580e-02
4.127425373764708610e-02
4.117498878622427583e-02
4.127226229058578860e-02
4.103853825014084494e-02
4.099854706088081058e-02
4.241276338463648848e-02
4.096370251150802111e-02
4.327517978148534561e-02
4.190492314985021921e-02
4.151415455155074707e-02
4.040914876386523386e-02
4.084582630312070389e-02
4.092928807018324927e-02
4.144916450371965988e-02
4.032221437664702812e-02
4.134155455511063365e-02
4.100633617723360713e-02
4.045510066905990548e-02
4.050878729438409098e-02
4.042515056440607046e-02
4.039874088019132503e-02
4.034537233877927287e-02
4.053014332661405289e-02
4.025888321455568103e-02
4.107538770651444904e-02
4.009743105620145603e-02
4.075869243824854771e-02
4.015830504242330623e-02
4.048941462300717498e-02
3.966995428316295175e-02
4.000880477018654152e-02
3.987657711375505037e-02
4.001747247995808554e-02
3.982246460160240864e-02
4.011216437211260338e-02
3.989260395988822316e-02
3.946018648566677889e-02
4.003642145078629283e-02
4.038554474478587425e-02
3.973405436612665459e-02
3.995602448005228929e-02
3.973849328467622677e-02
3.963796644704416228e-02
3.976852165302261627e-02
4.010115538956597614e-02
3.946715161669999555e-02
4.039772272808477005e-02
3.962677008472383078e-02
3.988321929704397723e-02
3.949403960024937960e-02
3.935123463394120391e-02
4.056598325259983678e-02
3.947298154700547290e-02
4.070541168097406570e-02
3.996699093841016293e-02
3.939470101380720957e-02
3.949635055148974228e-02
3.915254150517284704e-02
3.916988086188211843e-02
3.941113198641687382e-02
3.910034142434597182e-02
4.020162795903161473e-02
3.979265736183151825e-02
3.927624390926211934e-02
3.944559827214107195e-02
3.911003198940306985e-02
3.981982575729489660e-02
3.898705520201474484e-02
3.907343836734071540e-02
3.943981080083176771e-02
3.948766095098107942e-02
3.918453767197206672e-02
3.905884483130648427e-02
3.898598565021529905e-02
3.862535064341500457e-02
3.890102751785889240e-02
3.872377690160647146e-02
3.913514058338478374e-02
3.915401623118668767e-02
3.911275232443586075e-02
3.922432135092094457e-02
3.891939681023359049e-02
3.902300974354147578e-02
3.889404798159375870e-02
3.884393964661285448e-02
3.926763981580734530e-02
3.910412983736023113e-02
3.869870483409613288e-02
3.902998416451737562e-02
3.874912173487245898e-02
3.901391563937067763e-02
3.852375261951238028e-02
3.835310216993093740e-02
3.854588524904101893e-02
3.862078685313462961e-02
3.874430642696097271e-02
3.843542841961607170e-02
3.865082761039957682e-02
3.830666740657761443e-02
3.868448210647329466e-02
3.868335240287706228e-02
3.852399252587929146e-02
3.890867185778915799e-02
3.866360462736338072e-02
3.833679105388000663e-02
3.845855596009641747e-02
3.858050968265160779e-02
3.858644498744979306e-02
3.917752604465931515e-02
3.833653159439563696e-02
3.858795480569824493e-02
3.817256937734783001e-02
3.825592332752421332e-02
3.809095095843076373e-02
3.820972771616652774e-02
3.842443472705781710e-02
3.822394580347463627e-02
3.871336602605879307e-02
3.816575506469235129e-02
3.784018545411527157e-02
3.817963986424729311e-02
3.842414262937381836e-02
3.822912920732050857e-02
3.819970911368728017e-02
3.840995201608166099e-02
3.819815783761441874e-02
3.853716275189071616e-02
3.831712204497307594e-02
3.812811754876747894e-02
3.887251553591340725e-02
3.843681731261312795e-02
3.813289946876466385e-02
3.804448219714686580e-02
3.818003462627530403e-02
3.804775537457317364e-02
3.839366657892242379e-02
3.875535580096766547e-02
3.854675039881840654e-02
3.794068036135286176e-02
3.810066846432164089e-02
3.837139360839501162e-02
3.791665663011371812e-02
3.855702960165217213e-02
3.786168599966913129e-02
3.801270645111799046e-02
3.779786544386297409e-02
3.791952030733227591e-02
3.804551382083445898e-02
3.822858364554122118e-02
3.806376326829195161e-02
3.806019962066784640e-02
3.872741986298933875e-02
3.866934700403362735e-02
3.802321807947009469e-02
3.792793381493538701e-02
3.807830520439892813e-02
3.793958938680588866e-02
3.809144246624782820e-02
3.771602969616651840e-02
3.824474587803706332e-02
3.763918542768806413e-02
3.800570268649607758e-02
3.786225545220076732e-02
3.758481214288621891e-02
3.790463138138875504e-02
3.767793048871680844e-02
3.786461000563576956e-02
3.782962828176095887e-02
3.799050091300159443e-02
3.784840356325730459e-02
3.785027955193072391e-02
3.756559479050338574e-02
3.807644153712317486e-02
3.746575717581435844e-02
3.743735661963001199e-02
3.812971350504085200e-02
3.767344152322039258e-02
3.762455431977287240e-02
3.761169133707881196e-02
3.775657685007900027e-02
3.777099587256088631e-02
3.752591860014944936e-02
3.770506474655121315e-02
3.805556663777678872e-02
3.759569043293595203e-02
3.744236030383035763e-02
3.820815984625369061e-02
3.744828805793076754e-02
3.757409446174278522e-02
3.759871673071756709e-02
3.778917136369273205e-02
3.747676018625498151e-02
3.766018263297155749e-02
3.739073470467701304e-02
3.732142759487033085e-02
3.758991203503683071e-02
3.776783907553180747e-02
3.722105819964781348e-02
3.748783369781449187e-02
3.792232359992340346e-02
3.780783380847424491e-02
3.737859913147986018e-02
3.739240564405918454e-02
3.759872321039438303e-02
3.762630452401936193e-02
3.764853650936857143e-02
3.772368844598531640e-02
3.792100138496607570e-02
3.741985080996527990e-02
3.749286748003214514e-02
3.728472471004352223e-02
3.763094445923343551e-02
3.757033428177237316e-02
3.731004264438524815e-02
3.739277907181531163e-02
3.739743083715438982e-02
3.736432842677459010e-02
3.831991643877699638e-02
3.765302713494747544e-02
3.756005210569128561e-02
3.756185611011460257e-02
3.770514507312327374e-02
3.734461427899077313e-02
3.774441194254905124e-02
3.758501895470544446e-02
3.729550660820677571e-02
3.762977540725841868e-02
3.733937082812190111e-02
3.732966020470485091e-02
3.724376601632684719e-02
3.751372058410197552e-02
3.754295206395909246e-02
3.779279894428327902e-02
3.724890494486317316e-02
3.716918680351227744e-02
3.765408010454848742e-02
3.740149626741185590e-02
3.736403568414971288e-02
3.781255967682227437e-02
3.732669492950663193e-02
3.725598361110314671e-02
3.765496504027396329e-02
3.732067934004589665e-02
3.733538006898015627e-02
3.740757382009178567e-02
3.729621630394831105e-02
3.702175610465929106e-02
3.734015930444001957e-02
3.719911972759291224e-02
3.717317224247380925e-02
3.740203391527757021e-02
3.731941853184252839e-02
3.711321605835109921e-02
3.702687053708359627e-02
3.703483703313395492e-02
3.711364310001954298e-02
3.723416678840294619e-02
3.728400539141148162e-02
3.713810783810913424e-02
3.696497733006253589e-02
3.693597168195992403e-02
3.705189874861389288e-02
3.715778130339458807e-02
3.715486636152490890e-02
3.723550081253051980e-02
3.728541653137654177e-02
3.723879321943968784e-02
3.703608600189909478e-02
3.828586789779365313e-02
3.733790006488561797e-02
3.776748135685920743e-02
3.720952591858803921e-02
3.678315547527745422e-02
3.719369119033217458e-02
3.689147645607590564e-02
3.695825560716912289e-02
3.706772136269137485e-02
3.709861770272254722e-02
3.697750887367874661e-02
3.695821132045239155e-02
3.716749685117974600e-02
3.709548366488888554e-02
3.753301567165181346e-02
3.696907768491655699e-02
3.698147973045706749e-02
3.700472950935363575e-02
3.706731679383665212e-02
3.678593098418787150e-02
3.758644006913527957e-02
3.719465575646609123e-02
3.699087796965613850e-02
3.703370222821831398e-02
3.700385619653388802e-02
3.677978617837652370e-02
3.695290664676576659e-02
3.675438048550858788e-02
3.707723552361130714e-02
3.694716340396553278e-02
3.686231345403939708e-02
3.681516016600653446e-02
3.703043296700343767e-02
3.709710121620446444e-02
3.699804269941523588e-02
3.715133262798189784e-02
3.685480779502540993e-02
3.688703432213515099e-02
3.709132616640999774e-02
3.707281064009294164e-02
3.686605632770806329e-02
3.659025734988972239e-02
3.703288231277838266e-02
3.669028598116710893e-02
3.682993110269307951e-02
3.675054786726832112e-02
3.713442745618521917e-02
3.724542276235297267e-02
3.679944437462836365e-02
3.666505511384457461e-02
3.697600816376507560e-02
3.686284480616450199e-02
3.677508522057906099e-02
3.685556182404980258e-02
3.716311513213441109e-02
3.683121116366237097e-02
3.679239066550508280e-02
3.704494850244373361e-02
3.696797344833612636e-02
3.723132056184112748e-02
3.664021169533952793e-02
3.693307688692584745e-02
3.673277800902724488e-02
3.699981573736295382e-02
3.696134646888822595e-02
3.698150549549609339e-02
3.719232295406982303e-02
3.691013000905513791e-02
3.668206917820498320e-02
3.722197260707616612e-02
3.681337059242650867e-02
3.699886346701532908e-02
3.720228787744418036e-02
3.718097572680562762e-02
3.676295839948579697e-02
3.674305418040603455e-02
3.690896752057597208e-02
3.649836312280967804e-02
3.660993085242807837e-02
3.690215134061872876e-02
3.662378445500508173e-02
3.670955795329064464e-02
3.714499311987310565e-02
3.705563676077872765e-02
3.670645425794646227e-02
3.687473302707076211e-02
3.695830019656568682e-02
3.669192340690642651e-02
3.670999475521966732e-02
3.659586024703458118e-02
3.678591202478855710e-02
3.662219149060547130e-02
3.670461086556315450e-02
3.681455460609868446e-02
3.668252799659967728e-02
3.680045154877006897e-02
3.664719751570373607e-02
3.673372205346822628e-02
3.682978506432846300e-02
3.657909973291680050e-02
3.622895715059712418e-02
3.681397026870399797e-02
3.640109124593436662e-02
3.664965726435184812e-02
3.679353369865566437e-02
3.713569578016176487e-02
3.699113556882366316e-02
3.692494886694475814e-02
3.649582917569205165e-02
3.647908150218426987e-02
3.681532111717387978e-02
3.646340344799682553e-02
3.629486404359340973e-02
3.656184692168608363e-02
3.665109537774696724e-02
3.664955733576789193e-02
3.656053511891513980e-02
3.672268046066164832e-02
3.681003214558586228e-02
3.671119333012029529e-02
3.629257082473486690e-02
3.635705539723858154e-02
3.633633948629721999e-02
3.676799246575683522e-02
3.649616801645606812e-02
3.662853348534553938e-02
3.636534609831869325e-02
3.663720505312085401e-02
3.632224224042147204e-02
3.650808024685829600e-02
3.644628059584647389e-02
3.668746578739955772e-02
3.649446401046588934e-02
3.649439697619527578e-02
3.665890191448852725e-02
3.680388216394930856e-02
3.646337833721190885e-02
3.657452505547553051e-02
3.671272226842120512e-02
3.643488409696146735e-02
3.664121320005506166e-02
3.649878337513655369e-02
3.641515873139724441e-02
3.664435449754819413e-02
3.644459786592051109e-02
3.642764927353710214e-02
3.650923243956640668e-02
3.647816942539065799e-02
3.653306422987952912e-02
3.646189028164371904e-02
3.653531943913548852e-02
3.653990270337090229e-02
3.643718237988650965e-02
3.675286264391616070e-02
3.630322624463588194e-02
3.647564921528100718e-02
3.667948128422722498e-02
3.657603258732706336e-02
3.679690573830157740e-02
3.654484239639714527e-02
3.619251218624412736e-02
3.674118024297058638e-02
3.650919931242242733e-02
3.655219145817682064e-02
3.642665164778009085e-02
3.667074478697032042e-02
3.659875330980866953e-02
3.593844149028882495e-02
3.680794198065995976e-02
3.632487701717763973e-02
3.635890308767557311e-02
