4.069910345077514258e+00
3.123934957881768781e-01
9.775239348411560170e-02
8.211151270195841956e-02
7.720119714116056853e-02
7.259164987131953850e-02
7.471318636089563370e-02
8.059935590252280402e-02
6.852933437873920397e-02
7.439303411170840319e-02
6.966326388840873851e-02
7.088562546297907940e-02
6.826401573916275611e-02
6.641606766730547007e-02
7.129860078915953303e-02
6.836813829218348071e-02
6.749358711764216756e-02
6.597766919061541502e-02
6.710519767055908580e-02
6.568369085590045064e-02
6.701804627974827788e-02
7.275123321761688133e-02
6.662719844530026747e-02
6.555778684094548669e-02
6.711575994268059731e-02
6.185530272002021795e-02
6.560798471793533038e-02
6.322054509694377544e-02
7.235245886569222074e-02
7.242685840775568706e-02
6.560169965028762873e-02
6.843592766051491416e-02
6.878654360150297797e-02
7.477570820599793722e-02
7.443894150977332924e-02
6.976247845217585508e-02
7.268612877155343488e-02
6.250468804190556504e-02
6.462951450298229372e-02
6.473359538863102114e-02
7.392777906109888886e-02
6.806283398841818377e-02
6.359387148792544631e-02
6.186441984648505948e-02
6.093887843812505201e-02
7.492757375662525976e-02
6.550839915871620178e-02
7.857154366249839705e-02
7.168255121757587112e-02
6.492525381346543611e-02
7.085155835996070905e-02
6.551490726570288747e-02
6.231836814433336369e-02
6.226961620772878542e-02
6.578650158519545876e-02
6.590873315309485336e-02
6.181943276897072792e-02
6.473312609518568073e-02
6.166291430592536760e-02
7.084155865634481075e-02
6.416763133058944746e-02
6.496030265465378706e-02
6.526601024592916522e-02
6.413881981124480713e-02
7.590167567754785294e-02
6.442819808299342366e-02
6.241389882440368658e-02
7.489540887996554153e-02
6.450621515202024925e-02
6.376226490984360229e-02
6.315365233769019981e-02
7.897030854597687777e-02
6.835992350553472818e-02
6.445028221234679056e-02
6.855525869255264804e-02
6.303080786640445632e-02
6.451678700745105965e-02
6.358793382843334896e-02
6.851591914271315531e-02
6.262994572520255709e-02
6.448976224909226673e-02
7.435380777344108294e-02
5.990630194544792342e-02
6.339046494414408983e-02
6.412117478127281334e-02
6.396577683277428206e-02
6.324098438024521041e-02
5.937603444481889120e-02
6.937814514463146176e-02
7.645441863064963983e-02
6.517491363609830002e-02
5.880398983135819158e-02
6.522701293230057096e-02
6.362539421766996717e-02
6.523561601837475632e-02
6.371251686786612300e-02
6.168229301149646265e-02
7.516259429976343553e-02
6.134464188789327810e-02
6.134691434601942384e-02
5.876844812805454010e-02
6.008783933396140420e-02
6.788950545713305640e-02
6.040134071682889960e-02
5.982309383650620538e-02
6.206144259621699383e-02
6.150241172562043168e-02
6.810500573366880250e-02
7.087100005398193348e-02
6.124638941138983023e-02
6.590277968595424640e-02
6.405152723193169306e-02
6.984439690907796872e-02
6.259455752248564708e-02
6.087810688341657034e-02
6.073993357519309050e-02
5.985273651778697662e-02
6.037396020566423993e-02
6.778567329359551363e-02
6.029079555844267524e-02
6.724551935369769973e-02
6.158014972383777513e-02
6.222504197930295994e-02
6.787755398079753366e-02
6.304984832803407768e-02
5.937843375528852052e-02
6.570909647891919059e-02
6.088327072250346306e-02
6.345947981501619262e-02
6.267278288180629098e-02
6.001173735285798838e-02
5.674190491437911682e-02
6.764812587449947623e-02
6.894423442582289785e-02
5.940637367467085234e-02
5.756640506287415832e-02
6.274859572450319778e-02
6.982954116848608117e-02
6.272570529331764067e-02
6.243667218213280051e-02
6.504660999402403498e-02
5.824423749620715601e-02
7.742756348724166848e-02
5.908205302432179701e-02
5.850110497325658465e-02
5.974408180763324250e-02
6.049715462451180081e-02
6.447603643561403142e-02
6.284817834074298004e-02
6.470720027262966134e-02
6.545456405108174280e-02
6.087448983763654731e-02
6.000284043451150490e-02
6.108650524169206841e-02
6.362680861105521335e-02
6.094114861761529972e-02
5.993880011762182242e-02
5.682163829294344104e-02
6.212908443684379139e-02
6.036366018156210517e-02
6.608185275768239941e-02
5.980342587456106973e-02
6.480473830675084757e-02
8.010415758937597386e-02
5.769944189737240270e-02
6.489310027100145262e-02
5.803565426419178552e-02
7.270174996306498494e-02
5.693045425539215720e-02
6.020547473803162380e-02
5.830417700111865942e-02
6.205294898090263356e-02
6.344594900185862585e-02
5.965860207875569449e-02
6.487583241115013610e-02
6.068540827060739384e-02
5.958021686101953179e-02
5.851056033745408169e-02
6.397317292168736014e-02
6.415977002431949572e-02
5.672578352193037576e-02
6.412390691538651100e-02
6.706761864945293139e-02
5.725329066937168143e-02
5.837886786398788219e-02
5.814620723947882402e-02
5.885199072460333553e-02
6.574204852183659908e-02
5.958015413023531187e-02
5.804645106817285516e-02
5.747235075881083899e-02
5.941363538925846510e-02
5.968854346933464422e-02
5.822328868632515447e-02
6.083233846351504548e-02
6.453836021323998418e-02
6.728826559459169521e-02
6.447913522832095234e-02
6.493300364663202873e-02
5.870797295433779345e-02
6.333367032930255214e-02
6.599967703844110412e-02
5.897712246825297794e-02
6.388443639501929783e-02
6.805245895559589031e-02
6.178333578631281520e-02
6.391617485011617805e-02
6.184716026609142492e-02
5.957725035026669586e-02
6.823639882107575272e-02
6.945878690729538618e-02
6.206834331154822970e-02
5.674682876405616472e-02
5.759833745037516023e-02
6.101113727316260366e-02
6.430442171171307786e-02
6.288638599527378303e-02
6.723772977789242711e-02
7.272082382813095658e-02
7.195868317037820705e-02
5.755383565401037821e-02
5.762892944738268880e-02
5.781425725668668664e-02
6.230797981222470361e-02
5.928279891610145624e-02
5.654714574726919102e-02
5.737727697938680566e-02
5.709837873155872157e-02
6.053052016223470222e-02
5.893343749766548345e-02
5.867175338168938853e-02
5.833325681587060024e-02
5.872758716344833596e-02
7.857433990264932333e-02
5.764481301108995842e-02
5.954728805770476835e-02
6.257459548612435973e-02
5.806168148914973154e-02
6.068257319430510333e-02
5.759549553816516870e-02
5.868019636409978201e-02
6.124968517261247108e-02
6.159349275752901837e-02
5.945078329183161453e-02
6.985927776743967865e-02
6.053061920528610834e-02
6.703239414840936328e-02
6.262613501399755256e-02
5.912141462477545073e-02
5.911258991186817829e-02
6.279416539395848984e-02
6.354692319408059009e-02
6.084815612683693725e-02
5.616466893504063612e-02
5.660365235060453581e-02
5.529325936610499787e-02
5.616739090221623681e-02
6.057220598682760970e-02
5.894447567562262347e-02
5.965832499166329878e-02
6.035167879114548134e-02
5.962550823887189516e-02
6.777445053681731280e-02
6.199957385659218140e-02
6.282033241974810389e-02
6.023762792348861389e-02
5.902772825832168502e-02
6.134783104372520945e-02
6.966871549064913849e-02
8.610808594773212976e-02
8.493584421152869379e-02
5.833559344833096072e-02
6.328156462560097228e-02
7.130908029153942840e-02
5.731085846821466767e-02
6.389685276895760990e-02
5.966871327410141340e-02
6.190942188724875284e-02
5.854492388044794243e-02
6.586298370112975142e-02
6.030509076391657453e-02
6.063494530195991106e-02
6.076132474467157984e-02
5.754842523485421968e-02
6.421072357023756283e-02
6.152505471060673581e-02
5.946033995908995423e-02
5.942838897928595654e-02
5.767946126560370007e-02
5.698414191603660278e-02
5.846789673591653441e-02
5.907600099531312710e-02
6.491502069247265250e-02
5.530882281561692870e-02
6.348366798212130846e-02
6.332464174057046702e-02
5.882386774445573507e-02
5.897563007970651333e-02
5.572397629730403701e-02
6.099788644661505860e-02
5.929591878006855443e-02
5.886931915457049858e-02
5.923143357659379354e-02
5.771382544189691821e-02
5.654556581129630694e-02
5.675328267738222882e-02
6.070100084568063464e-02
5.953212402140100473e-02
5.521083315523962060e-02
6.620629506185650437e-02
6.211939344493051102e-02
5.861064317946632768e-02
5.657372126976648735e-02
5.993977596362431992e-02
5.894636788715918591e-02
6.474819902951518824e-02
5.686740111249188878e-02
6.041278321295976556e-02
7.411918737615148800e-02
5.817151762545108573e-02
5.571678831552465821e-02
5.904454852143923432e-02
5.813986249888936780e-02
5.761267493789394567e-02
5.700955744832754413e-02
5.944032710045576290e-02
5.811768880734841103e-02
5.732823340222239356e-02
5.526836697012185717e-02
6.176027233091493235e-02
5.990913784752289334e-02
5.876080956930915256e-02
5.638525476058324493e-02
6.692356021764377105e-02
5.913539915035168071e-02
6.295934786399205729e-02
5.777636470273136982e-02
5.623344420144955197e-02
6.201139283056060492e-02
6.278949452564119849e-02
5.567556802804271565e-02
5.566553154339393128e-02
5.678223208213845768e-02
5.857619463155667311e-02
6.461436252420146853e-02
6.483050828799605259e-02
5.612731247519453515e-02
5.616235424454013581e-02
6.342183925211429540e-02
5.706115046516060940e-02
5.824051550279060741e-02
5.828211281448602427e-02
5.689754230901598875e-02
5.791119105803469586e-02
5.775526952308913248e-02
6.836895477026701251e-02
6.142120224113265664e-02
6.466430271044373845e-02
6.107197009647886282e-02
5.833251850058635002e-02
5.941020398711165107e-02
6.107029953350623375e-02
5.583186587629218600e-02
7.755318968867262741e-02
5.553644399469097326e-02
5.881413168584306850e-02
5.650819151351849090e-02
6.509693345675865439e-02
6.042097004751364325e-02
5.924580637055138627e-02
6.094594885905584014e-02
5.961710910312831291e-02
6.811451234544317612e-02
5.647891407211621390e-02
6.143115593741337727e-02
5.695011379197240098e-02
5.777725450073679242e-02
5.487748766938845002e-02
5.877395673965414569e-02
6.759648988644281764e-02
6.030078486849864416e-02
6.295121197899182508e-02
6.184666870161890928e-02
5.750164547314246671e-02
6.072102719917893410e-02
5.657668083906173401e-02
5.792140660807490460e-02
5.191605066259701723e-02
6.335557710689802835e-02
6.392870310073096862e-02
5.574739223966995727e-02
5.770229708713790068e-02
6.339063477391998491e-02
5.738097819189230675e-02
5.749274697154760361e-02
5.848023545617858643e-02
5.658091308549046544e-02
6.135014315135776941e-02
6.524262073760231373e-02
5.933713347340623806e-02
5.811086989318330759e-02
6.252607846011717929e-02
5.703928761805097253e-02
5.730441229417920085e-02
6.844837360704938978e-02
7.267806522548198034e-02
6.452548847533762233e-02
6.963487585385640111e-02
6.112747234602769475e-02
6.915648563764989487e-02
5.537459505721926967e-02
6.748600543787082462e-02
6.073658540844917297e-02
5.930141273575524619e-02
6.096721444589396632e-02
5.385378378753860606e-02
6.411272328967849987e-02
5.785902525608738189e-02
6.085365995143850876e-02
5.598816752744217862e-02
5.921146761315564111e-02
6.249429026618599781e-02
5.605983118216196354e-02
6.007422801728049683e-02
5.714781944329539592e-02
5.993513551230231912e-02
6.122052778800328443e-02
5.673529226332903186e-02
5.643499519055088232e-02
5.291386819134155650e-02
5.943763554096222201e-02
5.675857882946729743e-02
6.022979900861780145e-02
5.915751434241731804e-02
6.340544480209549250e-02
5.593952878688772390e-02
5.702926758987208328e-02
6.897844633397956504e-02
5.848328893383344246e-02
5.854773762325445746e-02
9.359882365291317952e-02
6.417689002119005004e-02
5.561127128079533521e-02
5.870731211888293583e-02
5.831795759499072695e-02
5.711355135776102765e-02
5.817539882535735507e-02
5.574389408032099508e-02
5.614294848404824401e-02
5.522278901189565936e-02
5.642626887808243480e-02
5.986076112215717865e-02
5.994658510511120114e-02
5.691799019463360254e-02
7.139077789460619716e-02
5.626973301793138094e-02
5.467023404935995867e-02
5.758657137552897209e-02
6.300150519857804221e-02
5.677255049347877669e-02
6.066968239222963327e-02
5.684908838321765107e-02
5.771081041544676160e-02
6.165880623273551492e-02
5.494002735863129372e-02
5.543851198628544502e-02
6.347924323131640123e-02
5.631752038374543412e-02
5.418649857863783864e-02
6.271244153380393926e-02
6.071518865724404718e-02
6.348523328701655144e-02
5.450823098421096746e-02
6.597048260271548559e-02
5.893754679709672928e-02
5.529202512775858308e-02
5.896114114051063948e-02
5.787180413802464618e-02
5.619751805439591325e-02
5.979657281811038422e-02
6.178538415580987764e-02
6.055205491992334682e-02
5.933692321491738225e-02
5.946739240239063556e-02
6.249026107912262346e-02
5.701887536793947414e-02
5.939115054284532791e-02
5.818167132635911065e-02
5.650617982571323750e-02
6.558711421365538696e-02
6.224280241876840869e-02
6.063377648591995045e-02
5.494656542626519952e-02
5.876344697549939350e-02
6.002259841188788136e-02
5.668603729456662965e-02
6.063903974058727081e-02
5.942670871814092343e-02
5.496879138362904121e-02
6.084766672924160624e-02
