1.233541238121688421e-01
9.160660064468781338e-02
8.488515230516592569e-02
8.368402471144993637e-02
8.149407909562191021e-02
8.007627349967758046e-02
7.951450338587165434e-02
7.605475519473353652e-02
7.770591691757242070e-02
7.571537140756845474e-02
7.506322137390573912e-02
7.514497103790442056e-02
6.708098991463581906e-02
7.284718398004770556e-02
6.854971364761391905e-02
7.371705652525027685e-02
7.081877049058675488e-02
7.323796842247247418e-02
7.068254211917519847e-02
7.057901344572505009e-02
6.458340322909256193e-02
6.716081245491901941e-02
7.107088870058457519e-02
7.090486772358417511e-02
6.978113629544774321e-02
7.049689038346211578e-02
6.930488059297204573e-02
6.942247832193970680e-02
6.805206319938103543e-02
6.654057409614325125e-02
6.926938394705454971e-02
6.379010736321409636e-02
6.715726706509789201e-02
6.357675346856316023e-02
6.683489081139365462e-02
6.940172274286547649e-02
6.673726403775313842e-02
6.594169416154424535e-02
6.801737944285074500e-02
6.699515019233028001e-02
6.537049774390955859e-02
6.469308218608299521e-02
6.740864831954240799e-02
6.443184114371737492e-02
6.725025732691089497e-02
6.212947868431607790e-02
6.338528596485654143e-02
6.750304155672590123e-02
6.282004037251075201e-02
6.671235232303539264e-02
6.397984884679316919e-02
6.546891201287508011e-02
6.724432731668154861e-02
6.650585038587450426e-02
6.621532390515010025e-02
6.496952334418892860e-02
6.565368308996161195e-02
6.567264135616521226e-02
6.463209489981333600e-02
6.534619166826208247e-02
6.481362416719396724e-02
6.539008260394135741e-02
5.987039251873890744e-02
6.205767781163255142e-02
5.969709218479692797e-02
6.430396536986032752e-02
6.320645570134122981e-02
6.107099972044428143e-02
6.262529840071996701e-02
6.439010277390480597e-02
5.954216541722416600e-02
5.907087304318944798e-02
6.339335131148497726e-02
5.889129270799457749e-02
6.320893499068916399e-02
6.226457046965758191e-02
6.164136307003597465e-02
6.303270825495323193e-02
6.154878855062027865e-02
5.959115781200428896e-02
6.041400427930056910e-02
6.429728119013210230e-02
6.305309760694702281e-02
6.375010150174299783e-02
6.321511808782816211e-02
5.750674509132901874e-02
6.362648297411700737e-02
6.070533899279931950e-02
6.168472104084988389e-02
6.225041951984167099e-02
6.429539347688356665e-02
6.228515139470498091e-02
5.303153538455565585e-02
6.204677633941173276e-02
6.039016935974359651e-02
6.208746256306767186e-02
6.249501163450379981e-02
6.036835884054501944e-02
6.133100882483025207e-02
6.065298793837427954e-02
6.088970989609757828e-02
6.129277517708639489e-02
6.246852151428659849e-02
6.270088713305692341e-02
6.307260431349277774e-02
6.248092134483158866e-02
5.792411779984831671e-02
5.952397231012582918e-02
6.173208677209914008e-02
6.048020737556119436e-02
5.985274608246982098e-02
5.909189187611142702e-02
5.632339372920493192e-02
6.119638521534701003e-02
6.104472482887406820e-02
5.805728657481570854e-02
6.299959837148587372e-02
6.235276906130214625e-02
5.454516926159461154e-02
6.061847428791224818e-02
6.065672188997268954e-02
5.906109890590111738e-02
5.964219962867597924e-02
6.063581458292901377e-02
5.870189162281651968e-02
6.061082620484133793e-02
6.089516445063054839e-02
5.791057829434673176e-02
5.861337608657777448e-02
5.986592705982426987e-02
5.941891999294360294e-02
6.058224383741617203e-02
5.818459410220384875e-02
5.743057564832269868e-02
6.147246838857730461e-02
6.021322170272469521e-02
5.856425200278560228e-02
5.039229854010045251e-02
5.858259097052117420e-02
5.952207817075153007e-02
5.615328749020894600e-02
5.998263054837783131e-02
5.926115351418654448e-02
6.085825744085014005e-02
6.004928623636563573e-02
6.034511032824715210e-02
5.766315446235239367e-02
5.681847870970765935e-02
5.903605312729875293e-02
5.659923218190669736e-02
5.742836493688325411e-02
5.791061318789918894e-02
5.966429452722270960e-02
5.946433286493023329e-02
5.825638930934171067e-02
5.967522449791431288e-02
5.880934369439880238e-02
5.570152821019291878e-02
5.781612666323780736e-02
5.818586996756493906e-02
5.366851614477733540e-02
5.855585838047166342e-02
5.453915724841256613e-02
5.307248861839373999e-02
5.955055917923648967e-02
5.669890325516462048e-02
5.887023106527825012e-02
5.683340795027713027e-02
5.950437504798174182e-02
5.836956457545360022e-02
5.969046871177852154e-02
5.525823283630112992e-02
5.762878538419802937e-02
5.862040352076292038e-02
5.503127081319689889e-02
5.942361185637613091e-02
5.883942176587879380e-02
5.821134047582745413e-02
5.456870873458683630e-02
5.822527509493132664e-02
5.764478609586755342e-02
5.635830805016060763e-02
5.896246870979666987e-02
5.987611968691150532e-02
5.851783261944850517e-02
5.799904729550083710e-02
5.927970994574328217e-02
5.745180530163149224e-02
5.810816315934062143e-02
5.819596188763777322e-02
5.746901856424908167e-02
5.731098180015881810e-02
5.829764779967566007e-02
5.872202909862001691e-02
5.849214408857127123e-02
5.862177155601481365e-02
5.529489430288473534e-02
5.478137646180888248e-02
5.682535034914811684e-02
5.812025032937526842e-02
5.241079111583531180e-02
5.682685375213623186e-02
5.799237604563434872e-02
5.670697229603926387e-02
5.499029510344068117e-02
5.733640536976357394e-02
5.773389207509656978e-02
5.514550021228691035e-02
5.836806527028481212e-02
5.666198632679879388e-02
5.466085594768325256e-02
5.503003583289682588e-02
5.707155863444010602e-02
5.755961695685982843e-02
5.630725411077340536e-02
5.561036360450088978e-02
5.416384361063440733e-02
5.760724016775687489e-02
5.059727584011852741e-02
5.608797545234362608e-02
5.941697048644224710e-02
5.783720831386744698e-02
5.842285739878813611e-02
5.750349961842100149e-02
5.537239196710288386e-02
5.538258332138260021e-02
5.778264505788684169e-02
5.674753009031216489e-02
5.275463314416507787e-02
5.496775183516244140e-02
5.693125485753019327e-02
5.831458447501063069e-02
5.598718384280800681e-02
5.595388572352628237e-02
5.767591443533699042e-02
5.729239227560659065e-02
5.674040964804590026e-02
5.726381901962061816e-02
5.471352115273475647e-02
5.754321507799128876e-02
5.170704893146951808e-02
5.423274341349800659e-02
5.594440920588870936e-02
5.418157394354541911e-02
5.636755023151636401e-02
5.450803426404794011e-02
4.948148375066618171e-02
5.490454567285875387e-02
5.230794199742376527e-02
5.743515708794196678e-02
5.557813798077404499e-02
5.872454040994246754e-02
5.644557230795423097e-02
5.684883948415517946e-02
5.678504194753865308e-02
5.462988835449020253e-02
5.711048971861600737e-02
5.694917375221848765e-02
5.631672660820186138e-02
5.649197010012964315e-02
5.209679629964133335e-02
5.796681456267833987e-02
4.992964200985928330e-02
5.502833264569441385e-02
5.453562714780370302e-02
5.510868307513495240e-02
5.741686912563939704e-02
5.442138039506971836e-02
5.171664965649445944e-02
4.974995980349680019e-02
5.717953255710502697e-02
5.417704917490482469e-02
5.224703834392130375e-02
5.270531376202901297e-02
5.751791358925402442e-02
5.539928327004114972e-02
5.474594974269469255e-02
5.418657393505176001e-02
5.689406460151076594e-02
5.186221728411813392e-02
5.318945588854451928e-02
5.565038095228373727e-02
5.517519121058285514e-02
5.648100612064202442e-02
5.644179653997222906e-02
5.572354152488211837e-02
5.491640504139164852e-02
5.513267639713982649e-02
5.503113026109834188e-02
5.496713466321428293e-02
5.622048215009271821e-02
5.052932134519020485e-02
4.862605441982547488e-02
5.628047877301772112e-02
5.501247378997504989e-02
5.235345390004416538e-02
5.388929971183339940e-02
5.295803109183907370e-02
5.604297821410000185e-02
5.447893968472878462e-02
5.888479794375598569e-02
5.544784509887298179e-02
5.545582965326805586e-02
5.469286808123190874e-02
5.537229448867340975e-02
5.484308468488355293e-02
5.508196153678000112e-02
5.443026547630627765e-02
5.573315215297043601e-02
5.343908043578267375e-02
5.515442262403667112e-02
5.605642430794735565e-02
5.424716011621057848e-02
5.431574744482835226e-02
5.561364938815435005e-02
5.494967532965044227e-02
5.285463156178593636e-02
5.633922189784546647e-02
5.534627167508006373e-02
5.412760741698244976e-02
5.526472143828868588e-02
5.575817264616489410e-02
5.517029524780810157e-02
5.454200802681346411e-02
5.497876419685780724e-02
5.545185947169860297e-02
5.584420588177939349e-02
5.102501320652663708e-02
5.473189923601846224e-02
5.047274708437422819e-02
5.425575903306404518e-02
5.418269755318760872e-02
5.629179103610416207e-02
5.066545507870614390e-02
5.640576644800603112e-02
5.120398734385768480e-02
5.372599937642614371e-02
5.520972933930655413e-02
5.092738252133131166e-02
5.503521094409127845e-02
5.234535937197506289e-02
5.154204859087864465e-02
5.535989178655047888e-02
5.593804175344606333e-02
5.392941837199032029e-02
5.438558636233210841e-02
5.581283162658413205e-02
5.472578698148330284e-02
5.085205735328297144e-02
5.549559917611380372e-02
5.381988859735429426e-02
5.482034436427056512e-02
5.457900739274919311e-02
5.429644587760170532e-02
5.458906739950179776e-02
5.514525476222236627e-02
5.028513229141632485e-02
5.356905227527022223e-02
5.147821328913172040e-02
5.377327074917654520e-02
5.376614617804686275e-02
5.392091542792817188e-02
5.280453421485920701e-02
4.885463312578697953e-02
5.444687024379769869e-02
5.466508112537363934e-02
5.499257791476944851e-02
5.312092577417691641e-02
5.435247801554699693e-02
5.582983003308375491e-02
5.271172098194559091e-02
4.949128705387314392e-02
5.559577100599805838e-02
5.564047126099467416e-02
5.362669788300990920e-02
5.523984854420026236e-02
5.294609811777870045e-02
5.379116546052197662e-02
5.552807521695891924e-02
5.417259998309115893e-02
5.442232267620662756e-02
5.310192595546444488e-02
5.413353978656232357e-02
5.353297589657207006e-02
5.151658208730320460e-02
5.395029621819655286e-02
5.204288161670168195e-02
5.357167765808602128e-02
5.083171672498186522e-02
4.743637441036601538e-02
5.319991721771657328e-02
5.457233355070154057e-02
4.837712603621184548e-02
5.469915963088472360e-02
5.423052762635052065e-02
5.403033195373912329e-02
5.349971243801216608e-02
5.179056065777937895e-02
5.244805114343762537e-02
5.238535307968656546e-02
5.213818745687603951e-02
5.349575934621195183e-02
4.905553796949486262e-02
5.363081299389402257e-02
4.843800119124352932e-02
4.820797989765802927e-02
5.204098001122474393e-02
4.777126588548222946e-02
5.398024292662739754e-02
4.997540172189474106e-02
5.362395048141479353e-02
4.510650211013853689e-02
5.440143894714613571e-02
5.206936805819471770e-02
5.272238876981039796e-02
5.329150171019136906e-02
5.060058956344922615e-02
5.509233328824241632e-02
5.395075834045807289e-02
5.336881601251661916e-02
5.328664501818517613e-02
5.233000757483144416e-02
5.277434627835949493e-02
5.325655898389716758e-02
5.348018005800744129e-02
5.335628028648595200e-02
5.373614526664217267e-02
5.401898456426958151e-02
5.357914410221079754e-02
5.318798567168414593e-02
5.084843590545157915e-02
5.495481110798815932e-02
5.316468956880271435e-02
5.405111208868523115e-02
5.290194080832103657e-02
5.466285447279612547e-02
5.301402012507120537e-02
4.803919217859705521e-02
5.223172283731401105e-02
5.502018649131059508e-02
4.521990812694032941e-02
5.228101878116528378e-02
5.482129097605745183e-02
4.590553506277501861e-02
5.291222908223668780e-02
5.390781738484898972e-02
5.249882596544921259e-02
5.315669225528836528e-02
5.365931917913258076e-02
5.182037471483150887e-02
5.381573584551612582e-02
5.156235687124232497e-02
5.317194215022027354e-02
5.268289616021017141e-02
5.176765539993842535e-02
5.421274908197423054e-02
5.339668928645550927e-02
5.238117291592061381e-02
4.977159136906265935e-02
5.164642819824317999e-02
5.251720335024098740e-02
5.202976229290167537e-02
5.340275897954901291e-02
4.962831881518165594e-02
5.455969834389785833e-02
5.442580063827336112e-02
4.729068631616731300e-02
5.109424864252408438e-02
5.407406248462696963e-02
5.181017708964645585e-02
4.881607421363393789e-02
4.589190102803210325e-02
5.370608897258837694e-02
4.959969967603683472e-02
5.428005697516103539e-02
5.392472470800081796e-02
5.362110114656389037e-02
5.157643761485815326e-02
5.178472795523703098e-02
5.053298580460250516e-02
5.204563193644086427e-02
5.221207177576919073e-02
5.328800776042044024e-02
5.281022912822663784e-02
5.092417032768328800e-02
5.506867328658700267e-02
5.259950874994198666e-02
5.332602670726676458e-02
5.301104673805336065e-02
5.089690511425336295e-02
5.379413436166942397e-02
4.965937597056229585e-02
5.303032101752857413e-02
5.222364712196091857e-02
5.172771963601310863e-02
5.425054559794564857e-02
5.004288940690457960e-02
5.253607540701826090e-02
5.247956137172878066e-02
5.207215662424762720e-02
