1.311901094436645465e+01
7.851301379680633907e+00
3.757401992559433079e+00
1.897719022750854467e+00
1.221139566525816900e+00
5.721631648540497217e-01
5.150147959962487754e-01
3.313294613845646497e-01
2.509936082474887309e-01
1.858708252198994215e-01
1.680612610578537114e-01
1.560938324630260499e-01
1.335103458724916092e-01
1.280765911415219227e-01
1.271960223522037303e-01
1.213175039272755412e-01
1.128152377568185372e-01
1.028873966541141299e-01
9.829697557911276640e-02
9.091777423210442577e-02
8.306662010215222491e-02
9.048689435422420380e-02
8.728475107438862790e-02
9.039512971974909827e-02
8.010034372657537372e-02
7.900720911100506116e-02
7.508562266267836127e-02
7.401788986288010408e-02
7.375572796724737257e-02
7.083622364327311904e-02
7.998503202199935824e-02
7.751873346231877293e-02
7.122842008993029994e-02
7.402182666957378421e-02
7.886934112571179767e-02
7.639518810622393519e-02
7.389541609957814283e-02
7.060773301124573242e-02
7.318838923983275735e-02
7.273801834229379204e-02
7.011703622899949362e-02
7.507987225241959106e-02
7.039501283876598015e-02
7.272710853070020465e-02
7.652721751108765291e-02
7.936766943521797457e-02
6.992205926403403937e-02
7.286198373138905171e-02
6.925851055420935432e-02
6.938137449882925134e-02
6.880469782464206097e-02
6.873885209672153662e-02
7.346947161853313590e-02
7.082479323819279582e-02
7.160068654082715756e-02
6.909570248890668787e-02
7.292611227743327207e-02
7.071521666646003734e-02
6.826209683902562109e-02
6.767915263213217236e-02
6.832134860008955146e-02
6.764531226642429840e-02
7.261622217111289579e-02
7.565521952323615851e-02
6.875151847489177626e-02
7.364337095990776405e-02
7.562051218375563655e-02
7.112063950300216708e-02
7.092552357167004884e-02
6.770481531508266981e-02
6.804883680120110689e-02
6.739654229581355793e-02
6.528530827164649719e-02
6.700015377439558217e-02
6.790295254439115968e-02
6.897973249107598737e-02
7.227152546867728067e-02
7.069958420842885338e-02
6.765599478967487812e-02
6.751605962868779953e-02
6.915009440574794441e-02
6.828744554519652898e-02
6.739407681673764694e-02
6.882082470320165235e-02
7.037570829875766654e-02
7.070811886154115822e-02
8.319925290532409479e-02
7.666610339283942699e-02
7.964600218646228358e-02
7.274842871539294320e-02
7.031480405479668960e-02
8.555366476997733338e-02
6.767247439920902330e-02
6.701179522834718738e-02
6.793041914328933062e-02
7.067839120514690654e-02
6.814098800532519817e-02
7.137804034538566822e-02
6.713718396611512151e-02
6.720452662929891907e-02
