1.781538829207420238e-01
8.639331772923469766e-02
7.793443314731121618e-02
7.256214771419763898e-02
7.069867685437201954e-02
6.550833452492951792e-02
6.913940016180276926e-02
6.898661464452743308e-02
6.602385934442281390e-02
6.933563761413097382e-02
6.654574695974588283e-02
6.417609300464391375e-02
6.586039537563920243e-02
6.641597714275121467e-02
6.608668249100446701e-02
6.590962395071983670e-02
6.524909559637308287e-02
6.377885738387703563e-02
6.513326345011591356e-02
5.994904858991503827e-02
6.647276181727647393e-02
6.392441950738429746e-02
6.411860482767224589e-02
6.256189238280057685e-02
6.531776603311299778e-02
6.571385398507118003e-02
6.375368377193808833e-02
6.339148623868823273e-02
6.378126265481114110e-02
6.181932708248496361e-02
6.018406106159090996e-02
6.352879991754889488e-02
6.324416123330593720e-02
6.266891930252313503e-02
6.220345588400959941e-02
6.254000633955002220e-02
5.825681611895561218e-02
6.224303642287850463e-02
6.053920174017548422e-02
6.164583783596754019e-02
6.320911597460508735e-02
5.884780596941709824e-02
6.075536543503403525e-02
6.001218890771269771e-02
5.633463207632303377e-02
6.200453031808137588e-02
6.191287457942962896e-02
5.821547076106071278e-02
6.057740630581975178e-02
6.104287898167967685e-02
6.027151400223374617e-02
6.040459295734763173e-02
5.890248641371727267e-02
5.884412612766027478e-02
5.887392146512866048e-02
6.169306866824626756e-02
6.086824625730514332e-02
5.878204690292477413e-02
5.950246430933475716e-02
5.995567210018634685e-02
5.943559054285287718e-02
6.046678356826305084e-02
5.881460506469011335e-02
5.838295817375183105e-02
6.147518690675497083e-02
5.954364679753780532e-02
5.980819048359990037e-02
5.984808672219514569e-02
5.929565757513046570e-02
5.916946822777390674e-02
5.639078244566917558e-02
5.969495976343750648e-02
5.984937602654099437e-02
5.863005613908171820e-02
5.872306622564792827e-02
5.886808242648840228e-02
5.720759939402341593e-02
5.830455103889107399e-02
5.982638992369174874e-02
5.845395011827349968e-02
5.781522154808044212e-02
6.005356850102543803e-02
5.873046349734067917e-02
5.920803736895322716e-02
5.874750146642327558e-02
5.732392203062772890e-02
5.081237258389591921e-02
5.941308690235018453e-02
6.056459128856658825e-02
5.774528728798031946e-02
5.930390404537320276e-02
5.618460882455110494e-02
6.049054441973567009e-02
5.733052203431725224e-02
5.752233183011412621e-02
5.631933975964784761e-02
5.854006949812173843e-02
5.534711008891463058e-02
5.947743911296129310e-02
5.842239053919911357e-02
