8.559368906021118661e+00
1.616035281916459398e+00
4.771732267737388566e-01
2.058782193313042352e-01
1.285491643349329638e-01
9.784373655294378858e-02
8.542929069449503587e-02
7.525601448491216205e-02
7.940719217061996404e-02
7.920401132355134322e-02
7.101798949142297535e-02
7.050588795294364386e-02
7.016018645217021732e-02
7.130361805980403589e-02
6.927258493378758708e-02
7.004940823341408718e-02
7.504074212163686086e-02
7.107835880791148198e-02
7.448326655663549400e-02
6.942226945733030730e-02
7.219049949198960703e-02
6.717697779337565567e-02
6.593353319913149158e-02
6.958115334312120481e-02
6.629866707449158514e-02
6.563086126620570893e-02
7.773118034626046169e-02
6.550216201692819762e-02
8.422890373195211777e-02
6.657403459151585434e-02
6.531536509593327544e-02
7.936474477251370674e-02
7.140045162911216881e-02
7.764849545744557935e-02
7.268078935022155573e-02
6.731719360997279189e-02
8.069212743081152772e-02
7.920199313511451511e-02
7.091845082739989259e-02
6.443775384997328659e-02
6.753546640897790942e-02
6.768537430713573999e-02
7.365993124743303033e-02
7.112558683380484914e-02
7.860428682838876968e-02
6.792991559952497871e-02
6.892843062058090498e-02
6.245061675086617525e-02
6.532128770525257033e-02
6.929983438303073673e-02
6.656302902847528735e-02
6.905151799942056690e-02
6.144666748742262652e-02
6.489307098090649206e-02
6.752289398883780380e-02
6.377972236524025174e-02
6.542619689057270482e-02
7.619298269351323927e-02
6.241301651423176305e-02
6.387225766355793255e-02
6.704881455128391954e-02
6.186381834248701889e-02
6.375227399791280614e-02
6.479209460318088865e-02
6.424992281943558980e-02
6.510835756237308425e-02
6.251005829001465841e-02
6.494038810332615486e-02
6.338080272699396500e-02
6.378186935558914639e-02
6.901003887255986735e-02
7.584060246124862958e-02
6.367303775623441020e-02
6.757853772491216604e-02
6.271247694889704738e-02
6.902246945848067305e-02
6.768735199235380307e-02
7.130369301264484483e-02
6.864558336014549289e-02
6.446709893643856604e-02
6.620317874476314146e-02
6.609321904058257369e-02
6.507702821244795710e-02
7.033878535653154129e-02
6.584934540092944599e-02
6.278335427865386342e-02
6.339846188512941738e-02
6.441777043044566442e-02
7.229684567699830311e-02
6.537285986045995867e-02
6.449911858265598708e-02
7.381622005254030727e-02
6.227017627408107381e-02
6.149090880528092218e-02
6.278699981048703471e-02
6.881388717951873735e-02
6.703972555076082029e-02
6.243146948516369033e-02
6.454737691208720096e-02
8.851187850659092415e-02
7.543568869431813151e-02
6.605418796340624399e-02
6.247582712521155407e-02
6.397668367251753418e-02
6.247464599708715816e-02
7.026435404395063589e-02
6.238571260745326419e-02
6.238724447786807986e-02
6.277653389920791194e-02
6.043850624933838622e-02
6.502132736146450098e-02
6.356643758093317997e-02
6.096778713787595616e-02
6.370689313858747538e-02
6.662735124429067235e-02
6.151247190311551205e-02
6.756485192105174398e-02
6.049602435901760972e-02
6.864774823809663418e-02
6.987360372518500173e-02
6.658603614817062977e-02
6.333459200958410640e-02
5.986726004009445407e-02
6.055781923234462849e-02
6.967397368823488590e-02
6.420240985850493576e-02
6.153695956493417107e-02
6.221490283807118438e-02
6.320996771256129354e-02
6.410478376472990292e-02
6.718399995317062001e-02
6.762206774825850475e-02
6.282332908983032094e-02
6.607529023041328053e-02
6.856817808623115462e-02
5.955030515789985768e-02
7.195606087024013220e-02
6.371457048381368171e-02
6.723253012945254459e-02
5.882633650054534119e-02
5.956528474887212016e-02
5.954181587323546104e-02
6.766780114422242531e-02
6.171575417121251406e-02
6.217911877979834939e-02
5.996869874807695538e-02
6.345566842705011035e-02
6.004168493673205098e-02
6.398850109428166899e-02
6.182452142859498623e-02
6.201226271068056156e-02
6.759551062869528781e-02
6.267814862231413375e-02
6.209889657484988362e-02
6.779827994604904762e-02
6.496946835579971158e-02
6.341703716975946592e-02
6.668409255643685529e-02
5.918797691663106597e-02
6.008139878511428722e-02
7.092965273186564723e-02
6.022930338357885410e-02
6.088991288095712412e-02
6.855470961580674427e-02
7.153918803979952834e-02
7.335964575099448992e-02
6.536328072349230356e-02
5.807754495491584262e-02
6.482254266118009367e-02
5.883187342435121370e-02
5.982051461935043030e-02
6.154404812181989148e-02
6.053256580606102694e-02
7.327494214599331035e-02
6.211707444861531285e-02
6.272719907263914207e-02
6.396512503425280660e-02
6.426811485240856159e-02
6.385405532084405256e-02
7.767234542717536827e-02
6.376675724983214832e-02
6.415646379192670168e-02
6.678943224251270017e-02
6.186184905469417628e-02
6.156077602878212707e-02
5.964482614770531821e-02
6.137161436801155667e-02
5.918709451332688359e-02
6.266376713911692153e-02
6.182111436501145502e-02
5.885881969705224204e-02
5.985535686214765033e-02
6.505741409957409294e-02
6.097555482760071838e-02
6.538572273527581968e-02
5.932482980191707694e-02
6.664536782229940615e-02
6.132966121037801421e-02
6.466267575820286440e-02
6.079529756680131236e-02
6.518785105707744498e-02
5.944118545701106149e-02
6.287732846414050003e-02
6.145916932572920849e-02
6.000854878375927459e-02
5.943595022584001464e-02
5.891214774300655016e-02
6.045891146486004342e-02
6.787611936529477918e-02
6.306813682739932647e-02
5.929085129871964482e-02
6.153556475726267017e-02
6.499886753968894815e-02
6.648668436333536602e-02
5.846412631372610580e-02
6.030087882031997387e-02
6.121175536264975708e-02
6.000717723742127196e-02
6.694724169249335888e-02
6.125384468585252928e-02
5.834023842588067360e-02
6.055885978043079598e-02
5.998191895273824459e-02
6.423675191278259422e-02
5.992389457300305311e-02
6.850337372471888842e-02
5.834622565346459649e-02
5.949947518606980845e-02
6.171065123130877600e-02
5.972348032519221583e-02
6.251635655760764965e-02
6.643593339249491414e-02
6.097667405381798633e-02
6.296849403219918762e-02
6.134727229674657306e-02
6.918673176939288405e-02
6.815499290203054505e-02
6.234412437304854421e-02
5.957235374177495546e-02
6.253541573261221787e-02
6.536019133714338070e-02
5.787161204343040793e-02
5.895811852688590676e-02
5.881653890013694569e-02
6.128151211266716358e-02
5.811362107594807841e-02
6.704432781475286318e-02
6.178480952357252171e-02
6.034765201310316601e-02
5.935915478815634999e-02
6.712301013370354508e-02
6.034729784975449013e-02
5.874696759507060106e-02
6.278668145338693607e-02
5.788444167003035240e-02
6.248793623099724304e-02
5.900198648994167683e-02
6.414324037109811472e-02
6.840715997541944871e-02
6.276326912144819525e-02
6.030801759411891227e-02
6.343090955788890928e-02
6.309428949219485216e-02
6.052004798625906096e-02
5.957491259401043182e-02
6.055694778760273983e-02
5.885674893235166849e-02
6.251991579309106040e-02
6.187763247018059076e-02
5.949014649105568986e-02
7.338033751895030321e-02
6.069808917120098762e-02
6.828436086575190300e-02
6.088057099220653412e-02
5.748610233267148484e-02
6.164960580567518944e-02
5.739791230919460280e-02
6.244127629945675495e-02
5.839011131475368988e-02
6.067603193533917250e-02
6.142263538514574489e-02
5.769136646762490495e-02
6.039477479644119601e-02
6.184823145469029587e-02
5.829192717870076285e-02
5.697048891646166319e-02
5.900963955558836266e-02
5.622167657439907512e-02
6.139480958382288744e-02
6.675576591243347069e-02
6.173536089559396312e-02
6.251051771144072733e-02
6.006647414527833267e-02
5.605858103061715780e-02
6.170147034650047546e-02
5.866787119458118788e-02
6.035653112456202535e-02
6.696101995185017863e-02
6.515893424240251641e-02
6.121852766101559123e-02
6.253894641995430548e-02
5.780938621610402783e-02
5.952975281203786578e-02
6.768349021673202015e-02
5.990834981203078946e-02
6.023000727718075265e-02
6.369613016024232299e-02
5.892505244041482820e-02
5.771989166736602589e-02
6.141526093706488332e-02
5.926930203412970194e-02
6.016464690988262282e-02
5.854187818864981657e-02
6.377350535243749008e-02
6.532971492037177585e-02
6.391254418840010276e-02
6.116209183509151159e-02
7.361947834491729126e-02
5.775685504078865301e-02
5.519337896257638792e-02
5.972003647126257475e-02
6.671935537829995488e-02
6.499106178991496952e-02
6.528061715265115472e-02
5.906784083694219256e-02
6.009399581390122841e-02
6.660288798001905153e-02
5.787589703376094796e-02
5.990468097850680518e-02
6.508534508446851830e-02
6.076765026276310239e-02
6.153365557392437984e-02
5.722639823332428821e-02
6.378673813616235477e-02
6.431850266021986451e-02
6.215929624934991155e-02
6.029581195364396018e-02
5.670492112636565940e-02
6.979579803223411039e-02
5.791891536985834671e-02
5.626109632352987999e-02
6.063368441537022452e-02
6.041834715132912009e-02
6.332350362092256657e-02
6.638265392432610157e-02
6.292960527663429837e-02
5.864943822224934905e-02
5.898996235181887954e-02
6.222911866692205224e-02
5.977373613665501462e-02
6.307285318151116538e-02
6.080721005797386225e-02
7.998332007477680639e-02
5.798799052213628874e-02
6.835460769633451561e-02
5.827506139253576384e-02
5.579185189679265050e-02
5.856801722819606620e-02
6.072107824807365661e-02
6.271111128851770966e-02
5.973439003651340867e-02
6.378567830659448434e-02
6.701415179297327829e-02
6.321591035152475391e-02
6.249478531380494445e-02
6.223643518984317557e-02
5.915584338828921290e-02
5.861383333181341415e-02
6.266377771894136861e-02
6.418552694221336952e-02
5.830663137758771569e-02
5.741585187613964386e-02
5.590881679517527292e-02
5.889304361927012732e-02
5.666875574427346351e-02
6.085655470378696641e-02
5.918491177881757270e-02
5.961724963039159719e-02
6.119163407012820355e-02
5.995524584005276075e-02
5.805855146298805752e-02
6.039491519952813747e-02
6.145217341060439653e-02
5.888827472925186463e-02
5.791035639122128764e-02
5.689391237994034789e-02
5.631073545664548596e-02
6.845949026445548313e-02
5.968336024011174773e-02
6.202132804940144184e-02
5.824736687665184320e-02
5.811316246166825517e-02
6.140355412537852609e-02
6.712687974174817718e-02
7.218367117146651246e-02
5.781367849558591981e-02
5.971961418166756713e-02
5.711321177581946129e-02
5.706857683757941141e-02
5.823458959038058796e-02
6.134335610394676258e-02
5.985625159616271562e-02
6.171875788519779610e-02
5.785399952282508501e-02
5.837244851514697408e-02
5.605312262351314079e-02
6.849647959694266097e-02
5.838315372044841634e-02
5.930939620050291322e-02
5.795335251217086786e-02
6.454182920356590913e-02
6.085851394260922975e-02
6.235098208611210280e-02
6.011960823709765894e-02
5.860759930374721816e-02
5.805040302065511693e-02
5.996231419655183997e-02
5.869675622632106182e-02
5.803293528035283200e-02
6.086180296105642845e-02
5.970620804155866296e-02
6.098533171539505249e-02
5.873247055957715040e-02
6.054223238800962581e-02
6.977407294015089412e-02
6.245041054983933859e-02
5.763736827298998611e-02
6.082563392197092716e-02
5.680107418447732925e-02
5.858319550752640048e-02
6.265492894376317734e-02
5.986615781982739665e-02
5.838462303082148086e-02
5.776508447403708862e-02
5.929375457266966576e-02
6.132061499481399752e-02
6.314757815872629187e-02
6.533770943060517034e-02
6.279321821716923879e-02
5.710410719737410434e-02
6.280474009302755567e-02
5.773626768651107799e-02
7.104519114519158851e-02
5.710735154338181241e-02
5.734021329631407843e-02
5.844574159632126564e-02
6.115150976926088389e-02
5.674356457466880194e-02
5.735816907137632203e-02
5.927774684503674812e-02
5.752274584646026312e-02
5.932943253467480582e-02
5.534274741075932702e-02
6.889029869809747131e-02
6.103416374884546025e-02
6.051320301679273539e-02
5.635564443965752901e-02
5.809450410927335245e-02
6.253164823787907278e-02
6.258508083721002480e-02
5.524645313620567266e-02
5.811356586714585409e-02
6.837896893111368446e-02
6.428556806718309369e-02
5.586738565315802624e-02
5.868582225715120865e-02
6.106004558193187104e-02
5.905858429148793526e-02
6.014278226842482977e-02
5.866083631912866886e-02
5.765833665927250912e-02
6.121135902901490844e-02
5.650962371379136817e-02
5.715244662016630284e-02
6.113945217182238656e-02
5.886495968947808022e-02
5.867646566902597755e-02
6.988324168138206061e-02
5.794036918009320969e-02
6.281928466632961949e-02
5.640536346162358661e-02
6.364485849315922039e-02
5.738568266853689981e-02
5.975826559277871985e-02
6.007868139073252456e-02
5.812834123770396072e-02
6.228953428876896764e-02
5.712522218624750681e-02
5.604421230033040241e-02
5.789024091325700033e-02
5.881984603901704162e-02
6.267589122056961559e-02
5.712939652303854893e-02
5.741317033767700390e-02
5.541128467147549141e-02
5.998278301209211683e-02
7.424464001630742827e-02
5.888087563837567789e-02
5.848860280588269456e-02
5.865454298754533419e-02
