9.972549014621311103e-02
8.017445773714118595e-02
8.147261916763252898e-02
7.397199918826420639e-02
7.128444785873094824e-02
7.061172475417455685e-02
7.205802537500857752e-02
6.980880846579869126e-02
6.624683356947369539e-02
6.832843377358382986e-02
7.139739021658897400e-02
6.970396368867820547e-02
6.912087872624397833e-02
6.816872453524006059e-02
6.898544679085413800e-02
6.831275911794768008e-02
6.573317638701862975e-02
6.433639801624747856e-02
6.375725356241067343e-02
6.678194581634468163e-02
6.317620577497615186e-02
6.556971869948836906e-02
6.529470897383160555e-02
6.581946822504201877e-02
6.481757172279888068e-02
6.772192232310772497e-02
6.441950259937180567e-02
6.639601451655229025e-02
6.059566307812928876e-02
6.640029384030235460e-02
6.630213082664543345e-02
6.137220474580924040e-02
6.090156096551153225e-02
6.058462094515561919e-02
6.682891936765776586e-02
6.358319970054758519e-02
6.003917403933074770e-02
6.484857820388344185e-02
6.547836648921172287e-02
6.605606807602776298e-02
6.306733789129390089e-02
6.451211451656288509e-02
6.099519323971536178e-02
6.202658884641196885e-02
5.750218162106143088e-02
6.115192090057664648e-02
6.316135057972536992e-02
6.514765425688689993e-02
6.499718723611699889e-02
6.310074672930771067e-02
6.464473623782396317e-02
6.399749542276064740e-02
6.412659488204452973e-02
6.334248073399066647e-02
5.906256598730882240e-02
6.246761269867420058e-02
6.260565496567223331e-02
5.542246372335486726e-02
6.306782789114448451e-02
6.310939207259151640e-02
6.133249164041545964e-02
6.313585527241230566e-02
6.301763643407159998e-02
6.064445709602700463e-02
6.237060036510229388e-02
6.221324909064504527e-02
6.244180481880903105e-02
6.184992326630486120e-02
6.235129520710971929e-02
6.196835922698180205e-02
5.803525365061230207e-02
5.795775571217139793e-02
6.391231926778952188e-02
5.971974001990424524e-02
6.373117079751358660e-02
5.709149522913826991e-02
5.999962099724345799e-02
5.761459329062038059e-02
5.674961490763558158e-02
6.188464731805854574e-02
6.101786500463882851e-02
5.903652823633617763e-02
6.050740120311578346e-02
5.829569039245446199e-02
5.728826353119479547e-02
5.971165400826268510e-02
6.056582474460204396e-02
6.108966358006000241e-02
5.944234424581130299e-02
6.183491154677338286e-02
6.182298231869935712e-02
5.170207385801606909e-02
6.207324481672710920e-02
6.215904849684900785e-02
6.119981209437052455e-02
5.650790294425354909e-02
5.963134775973028684e-02
5.975553840398788175e-02
6.048150687581962948e-02
4.662018660455942431e-02
5.864051309310727711e-02
5.968719418678018751e-02
5.980882346630096713e-02
6.086574198885096737e-02
6.162894254343376926e-02
5.836117629789643740e-02
5.682190716680553255e-02
5.985072133027845298e-02
5.711651179525586985e-02
6.117059205555253759e-02
5.650378796789381347e-02
5.815189476642343425e-02
5.735506957603825340e-02
6.072922355184952325e-02
5.824893201804823284e-02
5.787848763995700335e-02
5.676239010774426774e-02
6.094927934722767920e-02
5.744426594012313342e-02
5.454401558058129262e-02
5.622495959202448296e-02
5.709883750726778978e-02
5.968470991485648469e-02
5.778342437826924916e-02
5.691282802985773992e-02
5.872117214732699986e-02
6.043211588015159202e-02
5.663347037302123022e-02
5.842664678477578477e-02
6.023976686928007168e-02
5.423173883722887806e-02
5.541336673001448498e-02
5.949013444284598218e-02
5.651035420596599301e-02
5.529240760952234407e-02
6.104874399801095419e-02
5.324159374253617516e-02
5.803470775071117860e-02
5.574131324473354659e-02
5.678441646612352595e-02
5.918403642459048319e-02
5.938006225559446655e-02
5.547716903189817833e-02
5.825034806297885170e-02
5.840240959078073224e-02
5.718214679509401460e-02
5.856524300244119602e-02
5.644312205000056454e-02
5.594908052848444890e-02
5.524455801480346318e-02
5.909290934602419443e-02
5.245312307443883437e-02
5.703557191623581657e-02
5.678504630923271457e-02
5.359770314147074832e-02
5.634023002866241775e-02
5.663034986290666623e-02
5.379605113218228346e-02
6.010868269950151582e-02
5.705764128102196880e-02
5.638354315112034665e-02
5.666963317328028993e-02
5.812049427380164279e-02
5.486475595583518300e-02
5.353066991600725216e-02
5.240168937792380466e-02
5.312561508682039219e-02
5.774672966864374118e-02
5.111480661564403449e-02
6.029551840490764841e-02
5.601931450267632479e-02
5.415437190483014113e-02
5.751542974677351094e-02
5.166907442940606165e-02
5.412496409068504738e-02
5.653868491450945305e-02
5.658266186300250911e-02
5.618287794705894428e-02
5.421288307342264634e-02
4.825031490375598225e-02
5.828985882302125526e-02
5.745818635655774304e-02
5.521464734855625195e-02
5.639566135489278154e-02
5.425588695539368400e-02
5.884231130282083916e-02
5.692897389332453317e-02
5.801190916034910244e-02
5.439553587800926432e-02
5.360553734418418981e-02
5.745982213152779627e-02
5.723483705272277428e-02
5.253800046112802602e-02
5.625968558920754065e-02
5.430553714848226909e-02
5.824556087868081045e-02
5.545675499985615320e-02
5.736395062671767464e-02
5.636800237827831184e-02
5.553703204625182882e-02
5.108799626015954332e-02
5.000848610781961218e-02
5.708089996543195405e-02
5.590055371738142376e-02
5.750972040825420156e-02
5.657326390759812723e-02
5.633534993976354460e-02
5.416477312230401353e-02
5.014218185096978864e-02
5.790595598518848142e-02
5.659387633204460144e-02
5.550784005059136023e-02
5.209504556324746904e-02
4.720663233763641720e-02
5.702311570445696420e-02
5.694300205343299365e-02
5.703535806387662749e-02
5.614340818590587978e-02
5.624788119975063228e-02
5.563329988055758929e-02
5.650678175605005488e-02
5.363777824160125690e-02
5.605814539723925904e-02
5.374930788659387088e-02
5.616208772278494243e-02
5.074461220453183041e-02
5.723765482091241336e-02
5.378757667624288474e-02
5.572536550462246080e-02
5.533847697079181949e-02
5.642244441227780433e-02
5.322085414081811905e-02
5.443800878193643528e-02
4.933550904194514142e-02
5.576852189583910574e-02
5.159536268975999790e-02
5.271258430762423147e-02
5.535604479826158886e-02
5.723347401039467763e-02
5.488355670952134446e-02
5.055373099943002296e-02
5.645659224440654350e-02
5.790532634903987341e-02
5.508559364825486859e-02
5.268663631545172921e-02
5.459436484509044146e-02
5.039747647113269891e-02
5.603993487440877413e-02
5.492210880749755220e-02
5.348710957914590974e-02
5.125316814002063570e-02
5.457414968146218071e-02
5.408429803533686825e-02
5.173037675105863348e-02
5.249747118602196561e-02
5.263727179004086543e-02
5.445405176530281749e-02
5.209678007910648750e-02
5.113650576935874215e-02
5.363920134388738131e-02
5.366005355285273504e-02
5.442953026956982160e-02
5.490218330588605977e-02
5.576746161613199693e-02
5.393802954090966273e-02
5.574589108841286611e-02
5.788240683161550298e-02
5.560991190787818728e-02
5.312768518924713274e-02
5.438984497967693649e-02
4.918308657490545049e-02
5.455684527340862178e-02
5.087164087841908322e-02
5.532727769265572554e-02
5.698328645279009813e-02
5.396100690381394616e-02
5.477675615499417311e-02
5.390001237392425676e-02
5.304606451342503554e-02
5.234036563585201668e-02
5.371916501058472682e-02
5.396139905270602721e-02
5.222811831368340263e-02
5.244311413003338584e-02
5.553690511733293256e-02
5.413586702197790285e-02
5.396114422215355505e-02
5.505045511656337515e-02
5.396009845038254871e-02
5.101345605734321914e-02
5.406569884055190817e-02
5.212347940024402576e-02
5.351416650745603742e-02
5.162485192219416069e-02
5.235529496437973246e-02
5.118842331899536857e-02
5.281388217376337818e-02
4.976778009699450722e-02
5.100378590739435697e-02
5.092521698938475699e-02
5.281890272680256349e-02
5.429019199477301549e-02
5.335950373361508098e-02
5.048500717514091407e-02
5.499997780554824467e-02
5.230423348645369536e-02
4.988654974020189509e-02
5.570436157286166867e-02
5.409216845615042596e-02
4.761742725968361178e-02
5.345818363130092760e-02
5.333705248518122444e-02
5.485826372686359448e-02
5.296038614792956262e-02
4.851495470437738877e-02
5.206055444561773216e-02
5.493436437100172182e-02
4.579022441887193456e-02
5.381764363911416965e-02
5.168072897940874377e-02
5.201799049973487854e-02
5.255805191894372119e-02
5.307656791475084262e-02
5.172948547535472646e-02
5.416818141109413370e-02
5.281161098844475155e-02
4.997528629998366362e-02
5.370814976178937827e-02
5.042448513623740830e-02
5.188925303518772403e-02
5.469365920871496062e-02
5.123873812456925664e-02
5.343196808050076213e-02
5.202959130207697458e-02
5.130880621986256412e-02
5.173403142640987940e-02
5.316356234252452712e-02
5.239543513291412130e-02
4.509160804251829968e-02
5.559347408513228006e-02
5.404974356707599459e-02
5.130686354306009112e-02
5.361014946053425240e-02
5.231884212957488289e-02
4.843571070167753539e-02
5.233910156206952186e-02
5.151972406440311070e-02
5.440556276589632312e-02
4.572836038553052679e-02
5.400847382843494693e-02
4.999990512927373482e-02
4.997050799429416518e-02
3.999198582023381909e-02
5.530207933237155093e-02
4.930486043708191823e-02
5.323985492189724916e-02
5.296522796981864567e-02
5.469470311784081773e-02
5.183288539863294825e-02
4.995232758422692848e-02
5.309827913426690832e-02
5.209825752923886305e-02
4.978492262048853784e-02
5.017667526586188503e-02
5.080774681021769934e-02
5.071892047093973926e-02
5.388886022071043974e-02
5.412047128710481547e-02
5.239179649700721059e-02
5.061509011106358341e-02
5.509324040677812673e-02
5.334717550625403537e-02
5.033056104762686361e-02
5.273096350332100862e-02
5.337763499054643673e-02
5.159673136141565419e-02
5.299995431883467584e-02
5.271132344173060785e-02
5.271841672559578890e-02
5.220395436303482822e-02
5.344942534963290082e-02
5.219933270580238982e-02
4.429435032523340587e-02
5.348626849138074513e-02
5.193589642230007214e-02
5.266171284019947191e-02
4.950389226691590677e-02
4.857101707408825741e-02
4.907021340396669484e-02
4.838829837325546446e-02
5.486318918151988216e-02
5.290421750396490097e-02
5.086040529939863525e-02
5.014390943364964437e-02
4.854876864701509337e-02
5.220763695736726356e-02
5.247076205495330992e-02
5.416197898901171232e-02
5.353056691173049830e-02
5.362187338372071538e-02
4.906122924553023290e-02
5.229748922089735852e-02
4.708769983715481444e-02
5.309797262565957299e-02
5.140752748896678520e-02
5.325127840042113980e-02
4.367485269904136658e-02
5.188865421546830226e-02
5.167094518740971559e-02
5.261041317135095596e-02
5.035330529014269557e-02
5.356122017320659456e-02
4.878560395704375358e-02
4.949024346553616838e-02
5.289996928638882046e-02
5.275769695225689115e-02
5.153470337390899519e-02
5.182966794818640033e-02
5.366139805151356329e-02
5.142653944591681070e-02
5.265681108252869697e-02
5.075145361738072486e-02
5.144275969101323037e-02
5.003195870667696138e-02
4.630260175714890486e-02
5.170187004324462710e-02
5.247786078188154679e-02
5.116678714338276229e-02
5.249699004408386188e-02
5.270077137069569678e-02
5.164752507375346136e-02
5.167542327609327135e-02
5.198594360715812907e-02
5.234005633327695750e-02
5.257054734975099425e-02
5.066298219478792414e-02
4.806678545557790255e-02
4.617642979655001145e-02
4.998083696183230895e-02
5.231434553861617764e-02
4.948164584736029076e-02
5.039698868576023005e-02
4.629805520590808687e-02
5.232008780456251507e-02
5.199387820644511132e-02
5.248864500059021582e-02
5.026373089187675253e-02
5.255590081214904508e-02
5.290923406266503926e-02
4.949938073340389572e-02
5.139733217656612674e-02
4.912143175800641470e-02
5.169654689315292262e-02
4.771924213402801290e-02
5.084064681496885257e-02
5.108208985378345085e-02
5.129673433386617437e-02
5.156817305833101550e-02
5.120677912814749350e-02
5.040389620181587316e-02
5.311424868802229471e-02
5.313307553943660833e-02
4.785439705269204508e-02
4.668273122774230233e-02
5.264525769485367546e-02
5.179227429131667143e-02
4.891315375765164369e-02
5.082180715269512400e-02
5.253962224556340405e-02
4.878946406145890508e-02
5.090957973152399063e-02
5.099049819012482776e-02
5.307121599713961191e-02
5.153002442999018301e-02
5.141509278780884151e-02
4.820677362796332854e-02
5.339510844399531636e-02
4.547491961469252858e-02
5.327044485343827157e-02
5.035297562264733767e-02
5.342061111910475363e-02
4.884004046519597325e-02
5.285941885991229244e-02
4.657169557693931899e-02
4.913882400012678509e-02
4.887838504380649651e-02
4.995668033758799559e-02
5.067075524065229458e-02
5.152328455199797763e-02
5.234064298371474133e-02
5.136105894214577222e-02
4.844127249800496415e-02
5.109496855487426215e-02
5.159763025326861291e-02
5.140296471201711431e-02
5.148542842103375622e-02
4.590162850088543023e-02
5.115086359696256052e-02
5.043477022813425831e-02
5.218446958396169566e-02
