3.475784461895624844e+00
7.919683945675690673e-01
1.468361457809805870e-01
9.107090501114725734e-02
8.853904422993461032e-02
7.622012534489233659e-02
7.405812997370958550e-02
7.240828671803077599e-02
7.556139246250191677e-02
7.020606150850654259e-02
6.786346035699049317e-02
6.883331378300984460e-02
6.797462507461507486e-02
6.705343088756005043e-02
6.988573633755246206e-02
6.710951218691964260e-02
6.608682533726095709e-02
6.636144238834579268e-02
7.317234592512250613e-02
6.611183953781922529e-02
6.757857245082656006e-02
6.749870916828512590e-02
6.828673561414082271e-02
7.036966609458128463e-02
6.820021405195196562e-02
6.407768719519178757e-02
6.765595157941182991e-02
6.970650654286146553e-02
6.494617374613881333e-02
8.288040708129604250e-02
7.163437668854991114e-02
6.537181367476781191e-02
6.890182930355270852e-02
6.655546174074213062e-02
7.500551140556732665e-02
6.683286915222803881e-02
6.884743337209026093e-02
6.365230162938435854e-02
6.567411875973144797e-02
7.019833299641807522e-02
6.299913594499230440e-02
6.753758605569601392e-02
6.461335607493917665e-02
6.177243770410616869e-02
6.208755031848946920e-02
6.187023303161064830e-02
6.164929201205571196e-02
6.432652501389383992e-02
6.324856617177526674e-02
7.057888913899659777e-02
6.753689874894916456e-02
6.814351893961428930e-02
6.567139524345597112e-02
6.499968422576785088e-02
6.916079073523481724e-02
6.945692950238784025e-02
6.228771296640236987e-02
6.697147753710548657e-02
6.555336507037282101e-02
6.431481648236513082e-02
6.364462783560156933e-02
7.434751031920314168e-02
6.473898784567912179e-02
6.838482828810811542e-02
6.365011912460127874e-02
6.548798716937502540e-02
5.955852383126815364e-02
6.390805174907047970e-02
6.411455601453780462e-02
6.123359788209199739e-02
6.408298510126769765e-02
5.876100815211732914e-02
6.357198918859163772e-02
6.521292075514793785e-02
7.042078680669268398e-02
6.651958268135786667e-02
6.652151933560768171e-02
6.546731323003768255e-02
7.236412434217830147e-02
7.068076262871424154e-02
6.276895819542308019e-02
5.874208634098370546e-02
6.242012121404210551e-02
6.979402263338367607e-02
6.191753397695719946e-02
6.420286161825060345e-02
6.082467316960295245e-02
6.265981610243519240e-02
6.404716987783709570e-02
7.103817541773120581e-02
5.934970145424207227e-02
6.432239653853079331e-02
6.418091051901379795e-02
6.091492137561241998e-02
5.953419445082545197e-02
6.151533367112278772e-02
7.527160724624991361e-02
6.073438707739114983e-02
6.848590419938166418e-02
6.028925107171138192e-02
6.253503668742875499e-02
6.238177062943577739e-02
6.040897652506828364e-02
6.377216874000926627e-02
6.748234068974852395e-02
6.434694892416398249e-02
6.188205460086464854e-02
6.527651770040393542e-02
6.047023452197512056e-02
5.934561459347605789e-02
6.789495768025517741e-02
6.281094293420513841e-02
6.169525305430094420e-02
5.975048291186491750e-02
5.856622383929788872e-02
6.481494763866066378e-02
6.010781518494089787e-02
6.353702209269007639e-02
6.545273874575893713e-02
6.577672568460304903e-02
6.009172833214203313e-02
5.974427008380492343e-02
5.914195286110043859e-02
6.016863196467359814e-02
6.158415527082979762e-02
6.144742279623945785e-02
6.793952229122321440e-02
6.391926295744876363e-02
6.227301664029558786e-02
6.039170985420545118e-02
6.256224377080797650e-02
6.158371572693188689e-02
6.474732697010039673e-02
6.009979713708162030e-02
5.975079701592524856e-02
6.226060215383768387e-02
6.269352104514837321e-02
5.912942999042570397e-02
6.236576640357573836e-02
6.553343480452894498e-02
6.833327501391371628e-02
6.060775231880446284e-02
6.341056051974494623e-02
6.145922201996048551e-02
5.783270778134465273e-02
5.945392319932579772e-02
5.993383899331092973e-02
6.411730685892204351e-02
5.972364878281950784e-02
6.163990319396058654e-02
5.945112748692433363e-02
6.299373498807350757e-02
6.201782781630754693e-02
5.832024425889054814e-02
6.300954230129718336e-02
5.940845551590124424e-02
5.797570145068069170e-02
5.880603235835830250e-02
6.139870156223575098e-02
6.138930634905894607e-02
5.822235070168971932e-02
5.995964201788107212e-02
5.970429547131061304e-02
5.809416557351747973e-02
6.106477684030930247e-02
5.964039849117398068e-02
6.119219855715830880e-02
6.115846619941293916e-02
6.088412816636264158e-02
5.979803372795382960e-02
6.052955305824676835e-02
6.406915713722506622e-02
5.870063450808326450e-02
6.110566268364588105e-02
5.739975011597076709e-02
6.705608176998793801e-02
6.280016126111150065e-02
5.887376677865783364e-02
6.059287169327338268e-02
7.211459727336963499e-02
6.057497839753826774e-02
6.252577683267493414e-02
5.994178213799992994e-02
5.787066818525393730e-02
6.265413617715238914e-02
6.354134093970059682e-02
6.010472442333896631e-02
6.487523804729183885e-02
5.792165762434402926e-02
6.297625657791892928e-02
5.922696398571133947e-02
6.117984944954514559e-02
6.018397133797406817e-02
5.907448093096415165e-02
5.730920920769373705e-02
5.870678778737783293e-02
5.861582623794674846e-02
6.304661367088555679e-02
5.804940979306896787e-02
6.107764641443888531e-02
5.805079336588581107e-02
6.049351160104075864e-02
5.900883711874484877e-02
5.821261327092846355e-02
6.127550115808844816e-02
5.820312599341074394e-02
6.222294978797435899e-02
5.792333761850992913e-02
5.996935437433421889e-02
6.326642868419488086e-02
6.616316301437716318e-02
6.181731359101831635e-02
6.558975225935380349e-02
5.902191389352082901e-02
6.657623869677384287e-02
6.175012583223481871e-02
6.049553754429022601e-02
5.633350150970121289e-02
6.099577555432915410e-02
6.504423964768647759e-02
6.833104231394827865e-02
5.826109045185148827e-02
5.682857940283914111e-02
6.213471120223403033e-02
6.331863655398289881e-02
6.475876476615667621e-02
5.609073443959156774e-02
5.835589111472169743e-02
6.175956960146625901e-02
5.629690651471416091e-02
6.431664301703374220e-02
5.756768733883897704e-02
6.879869574991365200e-02
5.868401100859046288e-02
5.798661009718974330e-02
7.241998142873247446e-02
6.044477564593156438e-02
5.938432644431789614e-02
6.255254268956680908e-02
6.054708969468871466e-02
5.745106263086199871e-02
7.391086212048927906e-02
5.836117169198890703e-02
5.908616901064912136e-02
6.225241203481952229e-02
5.701475665283699951e-02
5.801623149464527757e-02
5.779151790775358816e-02
5.801315928498904095e-02
5.990446514139572548e-02
5.683825829376776967e-02
6.098148236672083777e-02
5.938962511718273024e-02
5.897582535321514025e-02
6.340851570790012603e-02
5.682080730795860402e-02
6.349987633215883887e-02
5.893943523367246168e-02
6.028395517418781713e-02
5.982839416712522340e-02
5.844624690711498066e-02
5.816217814882596038e-02
6.043683408449093686e-02
5.841083782104154742e-02
6.124510691501200421e-02
5.513933205977081947e-02
5.819626583407322418e-02
5.902623144288857843e-02
6.102574171498417743e-02
5.591471899300813619e-02
5.792471055562297549e-02
5.640187244551877338e-02
6.383835111434260634e-02
6.081925904688735562e-02
6.004490321502089362e-02
5.758917515476544985e-02
5.882620285575588387e-02
5.832053522889812935e-02
6.101097200065851156e-02
5.858623339173694294e-02
5.590155427033702273e-02
5.956457105775674055e-02
5.891297483195861301e-02
6.287946323553721129e-02
5.865036337946852307e-02
6.089501714023450724e-02
5.924018133431672994e-02
5.651725040127833499e-02
5.607424517472585357e-02
5.790636070072650854e-02
5.814222900196910210e-02
5.851404052227735658e-02
5.704352800423900111e-02
6.222115829586982727e-02
5.785219516915579563e-02
5.980632660910487064e-02
6.155730408305923329e-02
5.667096778750419644e-02
5.759904110183318438e-02
6.049039262346923157e-02
5.755776979650060327e-02
6.274953922256827632e-02
5.899341533581415470e-02
6.321699767063061748e-02
6.102983338758349169e-02
5.864943504023055476e-02
5.810135100657741469e-02
5.536661256725589758e-02
5.875658302257458221e-02
5.779590445260206905e-02
6.117980064824223713e-02
5.796195226100583908e-02
5.622723885811865135e-02
5.632483040913939532e-02
5.485398876480758468e-02
5.862047585969169805e-02
5.648327390973766765e-02
5.673095369711518565e-02
5.527827167262633346e-02
5.997352885392805144e-02
6.121327682087818883e-02
5.700186228379607034e-02
6.538103569609422794e-02
6.120437892774741040e-02
5.730470382298032128e-02
6.468427610273162764e-02
6.075789269680777899e-02
5.846743507310748350e-02
5.863021915157635988e-02
5.576037793730696107e-02
5.800804234420259969e-02
5.817415935918688469e-02
5.867900776987274719e-02
5.944778881035744922e-02
6.014871745059887503e-02
5.981098987782994952e-02
6.837161838077009113e-02
5.733531526600321032e-02
5.980671434042354739e-02
5.660311042641599788e-02
5.748814881779253788e-02
5.920911155330638165e-02
6.461488302176197907e-02
5.825120999788244852e-02
5.855317388971646719e-02
5.746145283182461927e-02
5.598146401966611757e-02
6.125136709151168812e-02
5.996723264455795094e-02
5.582473092091580491e-02
5.839082829033335337e-02
5.457056135560075377e-02
5.748888136819005346e-02
6.268631006901462244e-02
6.293943101540207252e-02
5.865763883106410448e-02
6.472846370811263794e-02
5.684712038064996392e-02
5.876939077240725395e-02
5.494009286786118856e-02
5.568402711922923465e-02
5.684870286534229877e-02
5.756977758059898809e-02
5.899625552818179436e-02
6.478054290637373647e-02
6.106758926063775988e-02
5.697209711497028956e-02
6.111378703576823140e-02
5.894309640551606555e-02
6.064161464882393549e-02
5.454903971403837065e-02
5.883369941264390834e-02
5.821784869457284628e-02
5.864292751066386977e-02
6.162651213506857573e-02
6.122247031889856139e-02
5.931668788815538246e-02
5.926236433597902725e-02
5.953830497339367839e-02
6.287301530130207095e-02
6.674124896526337225e-02
6.091180745201806024e-02
6.139108613754312022e-02
5.836928252130747091e-02
6.190768740139901416e-02
5.877839476180573425e-02
6.139361388360460581e-02
5.750067855231463798e-02
6.039518954232334785e-02
5.745553993309537866e-02
5.739789185424645779e-02
5.626057814496258913e-02
5.632631770335137789e-02
6.357816794266303584e-02
6.050879701972007585e-02
5.882836985712250333e-02
5.681440718472004214e-02
5.423517090268432927e-02
6.682983550863962063e-02
5.587549803778529139e-02
5.917978291710217914e-02
5.534570988578101092e-02
5.807619977121551702e-02
5.616514286647240201e-02
5.549622013544042859e-02
5.636124193668365367e-02
5.529922313988208660e-02
5.831367643239597498e-02
6.011356860399245938e-02
5.679127541991571548e-02
6.010298206781347630e-02
5.603253464835385167e-02
6.459792224069436928e-02
5.988885533064603611e-02
5.886610355538626771e-02
5.703216260919968111e-02
5.888621850870549845e-02
5.776848978362977838e-02
6.178527947204808662e-02
5.768621588436265851e-02
5.713236908117930168e-02
6.184524094065030342e-02
5.607381871591011341e-02
5.601066131765643913e-02
5.820342164486646402e-02
5.870034958856801266e-02
6.308071403764188567e-02
5.671586720272898952e-02
6.250334967859089152e-02
5.827798126265406470e-02
5.731087823087970684e-02
6.027077554414669858e-02
5.961935165648658830e-02
5.745024880394339339e-02
5.633317819486061834e-02
5.723414817824959422e-02
6.325774461030959916e-02
5.777475790431101793e-02
5.655130090812841848e-02
5.679246292139093072e-02
5.337242697055141066e-02
6.109163934364914700e-02
5.788434952187041654e-02
6.885021427025397878e-02
6.115305901815493855e-02
6.301431493212779344e-02
7.011549079790711791e-02
5.564272297546267454e-02
6.134060053775707705e-02
5.577524806683262226e-02
5.735013987558583437e-02
5.907636020643015906e-02
5.884449255963166564e-02
5.876739747201403102e-02
6.686986531751851204e-02
5.641124793328344822e-02
5.710222521486381375e-02
5.695704046015938327e-02
5.395483092715342571e-02
5.460203186298410311e-02
5.593279302741090142e-02
5.814280314370989799e-02
5.670168941840529608e-02
5.933726723616322002e-02
6.292262657235066226e-02
5.797117543717225652e-02
5.706291823647915984e-02
5.805974088298777869e-02
5.871085846796631619e-02
5.784737817632655543e-02
6.106279468474289096e-02
6.121387749910354309e-02
6.269310325694581187e-02
6.437657068793972703e-02
5.996479613085587551e-02
5.703470754126707676e-02
5.715222158779700856e-02
5.602038229194779978e-02
6.055337044720848078e-02
5.688837436648706836e-02
5.808410650119185531e-02
6.063833098237713520e-02
5.686570526411136028e-02
5.719751095399260715e-02
5.656286205475528905e-02
5.537761116400360950e-02
5.449507623290022335e-02
5.778597230402131996e-02
5.637464646250009426e-02
5.961551102499167143e-02
6.286366452152530870e-02
6.010179930056135100e-02
5.622107010955611911e-02
6.060062288617094201e-02
5.659279978523652083e-02
6.159765802323818179e-02
5.754261314248045045e-02
5.542415102322896525e-02
5.964326184863845415e-02
6.361301054557164103e-02
