1.219762650008002908e-01
8.120380338902274953e-02
7.189517533406615535e-02
7.212536508838335303e-02
6.536162265886863443e-02
6.869556795184811326e-02
6.885724111149708893e-02
6.744247299308578358e-02
6.622844575904310305e-02
6.662798536320527210e-02
6.669862009584903717e-02
6.646572190026442395e-02
6.602718294598161619e-02
6.556567388276259012e-02
6.632199163238207407e-02
6.380430821639795913e-02
6.396745660652716770e-02
6.285450984723865708e-02
6.514374522181848315e-02
6.052811696814994202e-02
6.419010822040339959e-02
6.330919922329485139e-02
6.274801315739750307e-02
6.197480545379221301e-02
6.195005839690566340e-02
6.433786548053224696e-02
5.928421906816462583e-02
6.289441202146311971e-02
6.311647434098024978e-02
5.936682214960455756e-02
6.068096632758776532e-02
6.336522417453428757e-02
6.089754786031941619e-02
6.007509355743725910e-02
5.721296307941278053e-02
6.141718227105836397e-02
6.168583606680234227e-02
6.111546871252358099e-02
6.148311958337823735e-02
6.162295349252720766e-02
5.926097448294361664e-02
6.049331227938334332e-02
5.771422550703088350e-02
6.174774096968273229e-02
6.006904638682802194e-02
5.986877665854990760e-02
5.835284208878874918e-02
5.938119267423947606e-02
5.967621592183907503e-02
5.791908364432553358e-02
5.782967498525977412e-02
5.576939748910566402e-02
5.890660110550622469e-02
5.877125031935671873e-02
5.882877884432673177e-02
5.340591198764741560e-02
5.847971003192166395e-02
5.548648522235453268e-02
6.045202657890816345e-02
5.839111266347269541e-02
5.784638437132040567e-02
4.886424758781989647e-02
5.646823047039409293e-02
5.665450890858968191e-02
5.854190412598351406e-02
5.850436923404534612e-02
5.935527059870461530e-02
5.718529213530321870e-02
5.854712220219274177e-02
5.779750839186211658e-02
5.550611869742472920e-02
5.766932268937428885e-02
5.841140615132947578e-02
5.806164590952297283e-02
5.331319030374288837e-02
5.603193980641663074e-02
5.840050241289039545e-02
5.813144405061999864e-02
5.081316903233527860e-02
4.830320187223454548e-02
5.581871553634603494e-02
5.671706199645996233e-02
5.717312417303522382e-02
5.948497274269660268e-02
5.828178540493051535e-02
5.151386153884231905e-02
5.834100359740356651e-02
5.286055409039060182e-02
5.624042868924637728e-02
5.441783520703514371e-02
5.876666912809014320e-02
5.458419717227418894e-02
5.607284385090072903e-02
5.766868268450101032e-02
5.758220516145229340e-02
5.676980842836201052e-02
5.772672163633008752e-02
5.337854755731920309e-02
5.574053799112637514e-02
5.698513900861144205e-02
5.582217331975698749e-02
5.620101957271496362e-02
5.665265185137589865e-02
5.495868637226521830e-02
5.391924538028736863e-02
5.569700395377973762e-02
5.574273642462988787e-02
5.511489437582592354e-02
5.658128604603310241e-02
5.388929018129905157e-02
5.333285760134458264e-02
5.662145083770155768e-02
5.435983408242463927e-02
5.447848717061181539e-02
5.264004878699779510e-02
5.490221835983296467e-02
5.584916832546393123e-02
5.629124872696896625e-02
4.992926199920475622e-02
5.391023758177956177e-02
5.421586291243632449e-02
5.606199658165375577e-02
5.540363299660384933e-02
5.506840907037258148e-02
5.571788249847789420e-02
5.393617375132938457e-02
5.464196129081149572e-02
4.928965891400972910e-02
5.629097959026694437e-02
5.506374586063126492e-02
5.279910163953900615e-02
5.517262003074089455e-02
5.394983955969413075e-02
5.538044649486740384e-02
5.557539719156921049e-02
5.533916012694438391e-02
5.414697954741617275e-02
5.350391608662903586e-02
5.384021863962213522e-02
5.214086986767749177e-02
4.936629453053077016e-02
5.394043248767654147e-02
5.298240937603016648e-02
5.352768343873322288e-02
5.530391543482740535e-02
5.563980370449523455e-02
5.418148566968739033e-02
5.225015883333981176e-02
5.466966453629235750e-02
5.078230878959099498e-02
5.169258353610833162e-02
5.419120023337502950e-02
5.176232793989280628e-02
5.404200985406835966e-02
5.068050728489955498e-02
5.500851992207268781e-02
5.400555408559739451e-02
5.521756758292516165e-02
5.366761333619554653e-02
5.380393210798502246e-02
5.417562729368607249e-02
5.469424494852622581e-02
5.167406617353360182e-02
5.598394501333435469e-02
5.031827987792591300e-02
5.212384125528236184e-02
5.299633084796369353e-02
5.047378969999651022e-02
5.557015788120527738e-02
5.303070830802122937e-02
5.304558852997919016e-02
5.091410164410869327e-02
5.410238546319305619e-02
5.554418467606107163e-02
5.333368537637094703e-02
4.867661666745940613e-02
5.117275677621364871e-02
5.110306267937024527e-02
5.266605797223746638e-02
4.779464183375239233e-02
5.002725433247785097e-02
5.103845248619715697e-02
5.302413298437992639e-02
5.364522463642060895e-02
4.924793589549759931e-02
5.487320933801432404e-02
5.440075566681722846e-02
5.256005623377859454e-02
5.530054095822076188e-02
5.205928802800675187e-02
5.385957777810593261e-02
5.435682032257318358e-02
5.339078779021898952e-02
5.359317621526618614e-02
5.315274801105260988e-02
5.436596519624193463e-02
5.257390836874643869e-02
5.176160467478136545e-02
5.529356645420193533e-02
5.234844844477871961e-02
5.198382679373025894e-02
5.107085707907875471e-02
5.331613297263781276e-02
5.298437777285774225e-02
4.857804843535026146e-02
5.349387669314940863e-02
5.209174381258586950e-02
5.281572706686953750e-02
5.226625250652432164e-02
5.285660944258173399e-02
5.069652581587433954e-02
4.814038295298814912e-02
5.273030254368980818e-02
4.767704193169872151e-02
4.917420161267121309e-02
5.254921941086650172e-02
5.129732599792381081e-02
5.357939805835485597e-02
5.259495641415317529e-02
5.037923996957639761e-02
4.990511038340628147e-02
4.944182969629764418e-02
5.191466237107912607e-02
4.833023982743422237e-02
5.223236256279051304e-02
5.070623778738081455e-02
5.071449784251550602e-02
5.106528390509387089e-02
5.132510753658910824e-02
5.188493278498450961e-02
5.122324746722976135e-02
5.120142075854042935e-02
4.782577625786264830e-02
5.157522864950200153e-02
5.007957074170311246e-02
4.972481986818214073e-02
5.295059919978181706e-02
5.167376225193341666e-02
5.045133178743223257e-02
5.024588766197363859e-02
4.937616661190986911e-02
4.647173197008669376e-02
5.048792810800174780e-02
5.200760459216932641e-02
5.261882959554593092e-02
5.045525895742078437e-02
5.080571854487061362e-02
5.205312248629827970e-02
5.130891419636706557e-02
5.168281989172100743e-02
5.360408464136223045e-02
5.113402446731925288e-02
5.096356885818143639e-02
5.150945014320314208e-02
4.986880516322950846e-02
5.182025826846559796e-02
5.040467645352085524e-02
5.300048358427981304e-02
4.917664737440645417e-02
5.085936278725664006e-02
5.129968919791281362e-02
5.151074272580444952e-02
5.257359025999903956e-02
5.110938386060297212e-02
5.115170340674619204e-02
5.158816470454136854e-02
5.063506380344430513e-02
4.861641102470457693e-02
4.999354775063693385e-02
5.240935622714459896e-02
5.071858445492883477e-02
5.104363034479320049e-02
4.934414041539033485e-02
4.996841570052008158e-02
5.225288424020012312e-02
5.084508270956576009e-02
4.960749745368957242e-02
5.265908930450678010e-02
5.253130521935721331e-02
5.080227235642572475e-02
5.161717877102394575e-02
5.115296056804557318e-02
4.883774450669686046e-02
4.959797873161733012e-02
4.712863502403100147e-02
4.222302897833287577e-02
4.909124386807282858e-02
5.055861195238928185e-02
4.997662873938679695e-02
4.877051291987299919e-02
5.051048135695358071e-02
4.945200318470597406e-02
5.257799255972107205e-02
4.801988263304034915e-02
5.077137895859777650e-02
5.095278335114319934e-02
4.816594980657100400e-02
5.126869260954360075e-02
5.244788272927204675e-02
4.870584493813415183e-02
5.153933935798704624e-02
4.997731981178124561e-02
5.127207000429431782e-02
4.990153638646006862e-02
4.986173276168604646e-02
5.061907659595211301e-02
4.804666011283795224e-02
5.030364001480241293e-02
4.976225364953279495e-02
4.971868152109285011e-02
5.027607038306693144e-02
5.008848759656150951e-02
5.160672888159752170e-02
4.843025853236516270e-02
5.067500661437709941e-02
5.165462360406915254e-02
5.142203813108305044e-02
5.057137437785665102e-02
4.959820752652983195e-02
4.670485712898274355e-02
4.991839619663854255e-02
4.885098532152672840e-02
4.563989274514217848e-02
4.963081434058646407e-02
5.054695160749057836e-02
4.952336759306490144e-02
4.916771218801538335e-02
4.786501638591289520e-02
4.929300888131062097e-02
5.169033836573362628e-02
5.123009754655261788e-02
4.864000485589106693e-02
5.034182661523421698e-02
4.984453745807210928e-02
5.030735265463590761e-02
5.006620098526279317e-02
4.647021164807180887e-02
5.021334046808381690e-02
4.842649066510299610e-02
5.053205837806065692e-02
4.976277660268048353e-02
5.114956679753959040e-02
4.636266382100681649e-02
5.029650175323088779e-02
5.015781593198577470e-02
5.078465690215428624e-02
5.107898654726644033e-02
4.413414777566989494e-02
5.055096720655759268e-02
5.108318153458336897e-02
4.967573277341822552e-02
4.923023950929442810e-02
5.038965406517188078e-02
4.782695490866899213e-02
4.669368818091849255e-02
4.856045162305235724e-02
4.703214449497560706e-02
5.045863560711343759e-02
4.877334129996598044e-02
4.927413497741024023e-02
5.002588365847866064e-02
5.100124703409771032e-02
5.042651228917141570e-02
4.956808574497699460e-02
4.604459603627522601e-02
4.903106877269844399e-02
4.934769365936517854e-02
4.864940905633072243e-02
4.792139547256132198e-02
4.839049661532044549e-02
5.014630869651834355e-02
4.980762680061161241e-02
4.986695290232698308e-02
4.950526350488265032e-02
4.629954571525255608e-02
4.963785532551507479e-02
5.044524126375714984e-02
4.785126441468794817e-02
4.852350726723671237e-02
4.659136015300949230e-02
4.285146805147330151e-02
4.867916363291442672e-02
4.832237057077388293e-02
5.000577606260776797e-02
4.635565690696239610e-02
5.003868990267316269e-02
4.748243226980169290e-02
4.969243944312135702e-02
4.700935451934735304e-02
5.022180319453279501e-02
4.987098691053688804e-02
4.962034166480103897e-02
4.815520206466317177e-02
4.517430568424363885e-02
4.930911192980905189e-02
4.789802747157712731e-02
4.954255674965679646e-02
4.889781392800311016e-02
4.459807062521577159e-02
4.887167455938955241e-02
4.862984977662563463e-02
4.698241596731046743e-02
4.915716314377883978e-02
4.975105413856605735e-02
4.977983701974153519e-02
4.978708409083386355e-02
4.880408944251636572e-02
4.621063407200078077e-02
4.752659516719480448e-02
5.083571360446512838e-02
4.335442034838100228e-02
5.000866595655679980e-02
4.640010402848323418e-02
4.846078963018953661e-02
4.900273592211305818e-02
4.989356994628905972e-02
4.907476538792252679e-02
4.981762948445975919e-02
4.753071434485415386e-02
4.967740434221923351e-02
4.947505070207019323e-02
4.495305685947338648e-02
5.008578991206983494e-02
4.914626331689456867e-02
4.775850167497992793e-02
4.752327293778459139e-02
4.699438869332273755e-02
4.808687944896519045e-02
4.885352298927803788e-02
5.030337052109341150e-02
4.886281968404849324e-02
4.642700341840585304e-02
4.876136324989299026e-02
4.836997262512644086e-02
4.938054117374122282e-02
5.026910582867761407e-02
4.440009539636472630e-02
5.078840940259397169e-02
4.908197540789842328e-02
4.949712095161278719e-02
4.760734645339349813e-02
4.832460600882768770e-02
4.699480695029099875e-02
4.118506552961965356e-02
4.591244470017651763e-02
4.340158457246919704e-02
4.630893128924071928e-02
4.981155702844262262e-02
4.868109421804547171e-02
4.920770336563388275e-02
4.982970765170951361e-02
4.612924498505890231e-02
4.945965752316017899e-02
4.822073114725450999e-02
4.302799155314763341e-02
4.944378735187152790e-02
4.994074475641051974e-02
4.979777998911837783e-02
4.992992741366227699e-02
4.870221611733237949e-02
4.935345725777248727e-02
4.978382531553506712e-02
4.864595361674825535e-02
4.611890492960810800e-02
4.331458269928892268e-02
4.779846233626206670e-02
4.865077255914608545e-02
4.925900301896035671e-02
4.891541637480258803e-02
4.788399259559809884e-02
4.734738687984645089e-02
4.852599066992600851e-02
4.603122927558919025e-02
4.642252493649721284e-02
4.925897029849390235e-02
4.851630032062530240e-02
4.896171229581038065e-02
4.579401005369921479e-02
4.842639487857620245e-02
4.795713626469175206e-02
4.857651785326500687e-02
4.570790656531850682e-02
4.870247577006617951e-02
4.963312838226556500e-02
4.796596861754854474e-02
4.874755996279418746e-02
4.776956102189918590e-02
4.769234259923298830e-02
4.844022494119902544e-02
4.728353029737870222e-02
4.636807682303090844e-02
4.770974111743271628e-02
4.716860034192602025e-02
4.667418822646141052e-02
4.710238426923751831e-02
4.610264711081981520e-02
4.835117656427125044e-02
4.958213271262745109e-02
4.642237317748367648e-02
4.521418575507898940e-02
