7.765865974624951429e-01
1.123130169262488709e-01
9.111535410086313291e-02
7.771756899232665217e-02
7.636344531551003678e-02
7.338610846549271927e-02
7.160550604884823034e-02
6.979867295051614406e-02
6.873802625884611883e-02
6.518215417241056409e-02
6.595774614562591176e-02
6.502178037539124711e-02
6.672282474115491524e-02
6.494812638188401932e-02
6.642544476315379032e-02
6.307473209997017938e-02
6.737654131526747692e-02
7.142819365486502425e-02
6.433496982480088611e-02
6.645535476505756711e-02
6.564083613455296007e-02
6.280916896338263611e-02
6.326379795248310289e-02
6.698284157241383985e-02
6.515568288664022600e-02
6.382348249355951353e-02
6.423236527169744192e-02
6.395870925237735760e-02
6.179486906776825855e-02
6.189987812191247857e-02
6.482415132845441297e-02
6.609082371927797739e-02
6.322896879787245905e-02
6.357101601858933249e-02
6.280690558875599849e-02
6.225364863251646452e-02
6.075153896585106655e-02
6.295259914671381962e-02
6.176983866840601162e-02
6.211198033764958604e-02
5.917842114965120998e-02
6.713047899305819854e-02
6.908399467046062725e-02
6.114546372244755723e-02
6.519433148826161983e-02
6.559582624584436861e-02
6.234569721544782478e-02
6.754545545205474510e-02
6.508137830222646136e-02
6.089850734298427742e-02
5.937265823284784694e-02
6.046003665154178752e-02
6.613880650450786047e-02
6.401527176921566198e-02
6.273756684735416755e-02
6.073687383284171598e-02
6.134040160725513779e-02
5.962896076341470120e-02
6.063922689606746075e-02
6.864343801202874018e-02
7.294229640314976726e-02
6.228513309732079672e-02
6.098663761590918109e-02
5.958929397165775577e-02
5.987594020863373778e-02
6.328310094773768879e-02
6.026110921055078534e-02
5.950920376305778720e-02
6.340380612760782020e-02
6.706500560045242088e-02
5.921722994496424891e-02
6.474346647659937060e-02
6.169215102990468352e-02
6.361801576490203058e-02
6.590996739765007939e-02
6.240122142558296447e-02
6.121039553855855964e-02
6.185168707743286809e-02
6.035525968298315752e-02
5.851613392432530869e-02
5.843028376499811993e-02
5.971447552243868556e-02
5.913941149289409643e-02
5.960397320489088657e-02
7.115388635856409461e-02
6.031218122070034632e-02
5.858389980470140451e-02
6.386705257619421094e-02
6.158441296468178394e-02
7.574820576235652414e-02
6.507794091477990539e-02
5.796933009599646025e-02
6.801897191132108556e-02
5.990921828895807294e-02
6.576198213423291306e-02
6.334031479433178957e-02
6.347177965566515312e-02
6.267617275938391908e-02
5.915515258908271568e-02
5.727378246063987571e-02
6.060062276199459919e-02
5.659388403718670219e-02
6.760483924920360210e-02
6.015757345904906850e-02
5.771833512311180109e-02
6.117683464661240883e-02
7.622700240463017862e-02
5.882886176928878164e-02
6.149692891786495696e-02
5.815882607363164619e-02
5.872990891337395020e-02
5.896692496413986212e-02
5.791923449685176112e-02
6.444290407622853267e-02
6.374581959098576944e-02
6.364138689513007541e-02
5.971170314898093662e-02
5.881324558208386039e-02
5.689333792775869147e-02
6.137238868822653820e-02
5.963580980276068227e-02
5.655502262835701566e-02
5.865823534627755825e-02
6.335073596487442171e-02
6.336307515079776798e-02
6.009468556381761944e-02
5.889485914881030515e-02
6.252230740462740022e-02
5.986520909393826945e-02
5.999614373470345957e-02
5.859007888163129257e-02
6.863590616111954479e-02
6.156543349226315659e-02
5.762332330147425241e-02
5.669207153841852864e-02
5.565257184207439423e-02
6.390014249520997724e-02
6.065505654240647970e-02
6.013561244433125036e-02
6.684755615269144524e-02
6.009017368778586665e-02
6.165364655976494218e-02
5.731049844374259267e-02
6.247333603600661173e-02
5.993453864008188581e-02
5.992697433878978186e-02
6.049191173786918480e-02
6.641779849926630896e-02
5.996038662269711356e-02
5.743341067185004506e-02
6.251040889260670030e-02
5.956955767547091052e-02
6.629287951625884023e-02
5.825035796811183636e-02
6.183382735277215964e-02
5.627657191827892952e-02
5.599774687861402978e-02
7.290104355042179018e-02
6.192183393985033202e-02
5.929673884063959427e-02
5.809323597699403430e-02
5.672683260093132340e-02
5.967217916622757912e-02
5.439260269204775761e-02
5.718310232584675190e-02
6.341713730866710419e-02
5.731132540851831270e-02
5.705880467779934212e-02
5.943565395971139170e-02
5.833375320769846467e-02
5.616614559044440930e-02
5.993803101281325318e-02
5.800411064798633581e-02
5.569921395120521618e-02
6.081821079055468177e-02
5.793816698715090890e-02
5.713246168568730105e-02
5.867889723430077392e-02
5.636332685127854597e-02
6.011690416683753563e-02
5.800901984795928112e-02
5.721541365608572710e-02
6.518596801285941877e-02
5.802902586758136583e-02
5.750614118141432474e-02
5.662759205326437645e-02
5.799954139937957276e-02
5.682251291659971143e-02
5.800578738873203577e-02
6.303550416603684314e-02
5.586841186508536422e-02
5.806623240311940826e-02
5.542287218694885720e-02
5.967876167347033883e-02
5.675365765579044874e-02
5.603815625111262244e-02
6.274151715139547614e-02
5.767917246868212860e-02
5.584107222345967986e-02
5.712410636246204043e-02
5.925319509580731503e-02
5.796755900606512940e-02
5.654168277358015415e-02
6.108269513274232343e-02
5.751218283548951288e-02
5.594123840952913013e-02
5.649823546409606795e-02
6.123664554208516769e-02
6.031970700249075779e-02
5.894306843789915568e-02
5.785088298221429531e-02
5.670273717492818610e-02
5.795410733049114610e-02
5.738977808505296707e-02
5.777719048162301141e-02
5.974872811386982424e-02
5.637117141236861612e-02
5.592801934108138084e-02
5.795881140356262673e-02
5.886272839580972832e-02
5.495829600219925143e-02
5.647937912804384952e-02
5.859860470208028832e-02
5.997209663813312525e-02
6.050806122521559111e-02
5.719831472262740246e-02
5.950187766303619008e-02
7.092364278311530379e-02
5.893754998221993613e-02
5.608938672890265847e-02
5.791330602020025586e-02
5.629836359992623079e-02
5.795042100672920249e-02
5.931352517257133805e-02
5.915788060675064575e-02
5.851463175689180368e-02
5.676403073593973975e-02
5.452364817882577458e-02
6.070684932172298182e-02
5.749501508971055497e-02
5.673324943830569678e-02
5.367565263062715197e-02
5.896576172982653102e-02
5.551039865861336076e-02
5.813711823274692048e-02
5.765212625886002862e-02
7.067514544352888894e-02
6.312352859104673752e-02
6.209984224289655935e-02
5.478764283160368620e-02
5.662063885480165398e-02
5.994592110936840246e-02
5.848111735035976116e-02
5.708341769253214015e-02
5.473626279272138934e-02
5.788905548552671781e-02
5.965599859133362964e-02
5.446318442622820333e-02
5.809319337829947638e-02
6.042244769011934774e-02
6.355050219843784431e-02
5.983846838896473425e-02
6.001502308373649758e-02
5.616878245646755169e-02
5.675887594309945994e-02
5.681546321138739725e-02
6.414912648809452389e-02
5.751027699249486314e-02
5.903372307308018402e-02
6.010397679793338249e-02
5.650536153465509498e-02
5.566649137064814262e-02
6.097535528242588321e-02
5.844512463857730322e-02
5.804096498837073986e-02
5.812106178452570993e-02
5.895736192663510872e-02
5.749579004322489389e-02
5.840408330472807164e-02
5.634285475437839780e-02
6.156075847956041236e-02
5.730338482807079831e-02
5.703059210752447344e-02
7.071356534337004673e-02
5.845339006433884071e-02
5.784815037002166010e-02
5.659866855169336242e-02
5.652728949052591989e-02
5.688824556457499487e-02
6.406199234227338835e-02
5.845190684000651365e-02
5.520984434833129534e-02
5.712651802847782539e-02
6.207236165180802373e-02
5.643542727145055976e-02
6.127201338609059716e-02
5.585900546982884574e-02
5.736488548417886107e-02
5.758051788434385976e-02
5.564120096464952175e-02
5.786058580502867477e-02
5.620248449966311344e-02
5.783642939602335470e-02
5.733542564014593862e-02
5.786052407696842814e-02
5.467978986601034624e-02
6.457470836117863711e-02
6.035163563676178289e-02
5.714927329060932176e-02
5.522856474233170387e-02
5.989209107123315279e-02
5.877133017405867382e-02
5.784587985215088046e-02
5.723004612450798695e-02
5.577942057202259912e-02
5.674819317335883656e-02
5.639074576397736654e-02
5.821989305938283371e-02
5.745451240489880124e-02
6.931357784196734428e-02
5.530405977120002314e-02
5.553210463374853162e-02
6.048754569143056925e-02
5.892782842119535097e-02
5.833051459863781985e-02
5.629548643094797744e-02
5.776652614896496396e-02
7.336692263682682846e-02
5.421217489987611993e-02
5.564659532780448503e-02
6.010663227488597521e-02
5.661476443832118982e-02
5.493033157040675546e-02
5.755568938329815726e-02
5.705514386296272472e-02
5.974529311060905457e-02
5.447839179076254673e-02
5.570066962391138216e-02
5.770421060423056026e-02
6.436161669592062318e-02
5.984610180060068868e-02
5.750294942408799848e-02
5.623383695259689952e-02
5.389199089258909364e-02
5.261539253406226357e-02
5.634868620584408683e-02
5.601353829105695098e-02
5.560023156926036103e-02
5.499815187727411653e-02
6.077865088358521545e-02
5.336274271210034864e-02
5.598119333386421259e-02
6.007387476041912977e-02
6.306652034322421385e-02
6.148148664583762829e-02
5.461893246198693680e-02
5.973005287659664819e-02
6.196631483733654189e-02
5.539706603313485772e-02
6.205908644944429370e-02
5.478087052702904081e-02
5.649878636312981317e-02
6.206243949631849721e-02
5.799590990878641938e-02
5.875715440139174517e-02
5.700100954622030341e-02
5.580218614389498982e-02
5.697485561793048936e-02
5.642405621707439339e-02
5.554403721354901624e-02
5.700593499466776598e-02
6.294452167426546618e-02
5.569690342682103584e-02
5.410490449517965650e-02
6.051662332688768908e-02
5.961647498110930060e-02
6.568912522246440899e-02
6.013144139821331030e-02
5.553908908118804222e-02
5.831004510323206658e-02
5.673862094680467982e-02
7.318736254548033338e-02
5.697467997670173367e-02
5.613677450145284492e-02
5.994286316136519105e-02
5.580077888444066186e-02
5.698135773340860799e-02
5.421073336464663633e-02
5.355156984180212132e-02
5.728434081499775288e-02
5.537239180877804451e-02
5.636257928485671753e-02
5.545151730688909625e-02
5.699922973910967472e-02
5.559604864567518206e-02
5.675413436566789649e-02
5.491042649373412132e-02
5.952361760661006168e-02
5.281282587287326746e-02
5.421028588588039376e-02
5.894920138642192192e-02
5.922425144662459701e-02
5.529945814982056840e-02
6.020067024976014786e-02
5.930394070843855725e-02
5.625440717364350862e-02
5.902252101028959003e-02
6.580274789904554111e-02
5.503327554402252103e-02
5.968935598929723391e-02
5.545672954370577806e-02
6.185804570093750981e-02
5.958862934261560662e-02
5.776686456675330511e-02
5.497519136716921828e-02
5.382974968602260296e-02
5.466421688596407452e-02
5.576110935149093673e-02
6.872857120508948925e-02
5.759911881759762625e-02
5.873562209308147430e-02
5.447567068350811503e-02
5.318859325721859987e-02
5.420220045993725394e-02
5.683173373962441960e-02
5.492163547004262625e-02
6.090239795545736995e-02
5.741094666843613026e-02
5.565049966176351115e-02
5.855546213686466106e-02
5.696230743701258953e-02
6.128819252364337694e-02
6.071925876662134791e-02
5.560473172614972120e-02
6.366877474511663249e-02
6.123963078483939115e-02
5.961215736965338324e-02
5.516033407611151823e-02
6.177278559034069666e-02
5.433609636500477680e-02
6.039261160418391006e-02
5.442220557481050602e-02
5.976435570667187197e-02
5.378258089845379397e-02
5.979904115200043030e-02
5.427718454971909579e-02
5.615854059035579188e-02
5.827908849343657605e-02
5.470930230493346869e-02
5.667503826941053258e-02
5.968108812967936466e-02
5.532085424909988919e-02
6.702076725661754164e-02
5.479469765598575515e-02
5.916600044816732601e-02
5.527690605570872301e-02
5.441540695105989700e-02
5.979025907814503049e-02
5.468997875228524125e-02
5.951031036054094808e-02
5.894872510805725802e-02
5.271920904517173739e-02
6.023081343310574681e-02
6.695841669104993232e-02
6.317378838236133165e-02
6.404065305367112604e-02
5.562272096363207047e-02
5.463403721029559679e-02
5.521798282861709734e-02
5.472612189749876538e-02
5.547911877433459038e-02
5.177331170688072998e-02
5.622310088947415213e-02
5.420415778333942391e-02
5.661098811775445994e-02
5.924370416750510820e-02
5.736636865884065656e-02
5.367069492737452235e-02
5.982377862247328232e-02
5.421768318240841045e-02
5.745315408955017911e-02
5.692031575366854335e-02
5.770147314295172997e-02
5.756575599312782621e-02
5.735560433318217383e-02
5.712600917865832961e-02
5.578493732338150185e-02
5.472603500510255653e-02
5.440910820538798903e-02
5.518724321698149221e-02
5.659047535931070738e-02
5.830230943858623338e-02
5.549899443984031983e-02
5.424444789066910910e-02
5.654077623660365426e-02
5.756268986811240856e-02
6.246193983592093074e-02
5.391920493294795336e-02
5.388684326782822859e-02
5.743003786851962750e-02
