9.977585288385550089e-02
8.517407551407814303e-02
8.152806036174296833e-02
8.161986956993738662e-02
7.907331126431624280e-02
7.887548419336477823e-02
7.524146710832914364e-02
7.716886798540750769e-02
7.598762695988019178e-02
7.662653667231400512e-02
7.620711917678514580e-02
7.607000167171160121e-02
7.563165667156378225e-02
7.472850027183691735e-02
7.469140196839968437e-02
7.376170439024766490e-02
7.109814321001370341e-02
6.587346233427524012e-02
7.247259179751078251e-02
7.145513616502284504e-02
7.268946930766105596e-02
7.262874238193034460e-02
7.229838592310745826e-02
7.270573923985163001e-02
7.049840691188971609e-02
7.034364936252435196e-02
7.217115931212901569e-02
6.915372349321842471e-02
7.108794512848058689e-02
6.682116389274597723e-02
7.117258563637733626e-02
6.639263267318407102e-02
6.991556776066620849e-02
6.982089432577291699e-02
6.824906845887501738e-02
6.966395333409308721e-02
6.995995260775089708e-02
6.683714042107263831e-02
6.844420996805032631e-02
6.967080901066462217e-02
6.637802027165889962e-02
6.766337737441062428e-02
6.715772981444995127e-02
6.866766778131326576e-02
6.606949808696906123e-02
6.553455426047245791e-02
6.853935254116852449e-02
6.788104000190893494e-02
6.518329915901024951e-02
6.761206140120824826e-02
6.702409456173578917e-02
6.616328135132790167e-02
6.510653920471667910e-02
6.590586920579274977e-02
6.586464804907639359e-02
6.743255021671454297e-02
6.766295569638411389e-02
6.671837026874224974e-02
6.620775947968164654e-02
6.393732015043497585e-02
5.837691980103651423e-02
6.241150646160046472e-02
6.801768047114213622e-02
6.677606880664825606e-02
6.539043292403221019e-02
6.502620266129573168e-02
6.214166271189848489e-02
6.436317098637421574e-02
6.274511151015758903e-02
5.892939874281485912e-02
6.468429335703453076e-02
6.191797112425168059e-02
6.430124929795662247e-02
6.584252315262953403e-02
6.381411337604125933e-02
6.512354488174119937e-02
6.400123904148737053e-02
6.495695840567350388e-02
6.331975314766168095e-02
6.362048777441184355e-02
6.384583627184231558e-02
6.431848896046479802e-02
6.464648662755886899e-02
6.459047757089138309e-02
5.929979170362154745e-02
6.439121385415394472e-02
5.953465444346268953e-02
6.172436753908792928e-02
6.517563549180825644e-02
5.756110049784183419e-02
6.442214109003543965e-02
6.259187114735444146e-02
6.147526619335015596e-02
5.698390472680329999e-02
6.033954204370577806e-02
5.799446995059649029e-02
5.996943944444259322e-02
6.253208443522453863e-02
6.104752669731775688e-02
6.301904729257026827e-02
6.137854921321073826e-02
6.214025678733984398e-02
6.415021492789188540e-02
6.249979856113592469e-02
6.265211074302594330e-02
6.190591684232155806e-02
5.893092192709446092e-02
6.377808981885513262e-02
6.043816688160101591e-02
6.246811222285032078e-02
6.163223672658205143e-02
6.016148133824268662e-02
6.261725291609764044e-02
6.204972817252079470e-02
5.997440326958894397e-02
6.030669609705607143e-02
6.141224975387255675e-02
6.296426520993311793e-02
6.231547395388285088e-02
6.001446003715197458e-02
5.963811320563157381e-02
6.162507702906926815e-02
6.269780345261097287e-02
6.021241944283246827e-02
6.002210038403670012e-02
5.478969433655341698e-02
6.107853982597589299e-02
5.775045496722062272e-02
6.115689286341269987e-02
5.886632161835829435e-02
5.609773819645245962e-02
5.870232503861189111e-02
6.212591813256343465e-02
6.184491574764251764e-02
5.814549704392751178e-02
6.003042417267958480e-02
5.806016575545072667e-02
6.080833108474811149e-02
6.100896960745254977e-02
6.118189007043838695e-02
5.935006093233823748e-02
5.730344285567601226e-02
6.085439693182706500e-02
5.772080341974894502e-02
6.134252482404311396e-02
6.003634776920080407e-02
5.988941716651121489e-02
5.843744855374097963e-02
6.096967826286951719e-02
6.084312280019124608e-02
5.513376974811156489e-02
5.920398066441218132e-02
5.565674525996049116e-02
5.903535742312669699e-02
5.900646903862555998e-02
5.901863052199284032e-02
5.799025138219197906e-02
5.949666326244672232e-02
5.799240078777075091e-02
6.000762451440096179e-02
5.929802689701318963e-02
6.141353383660316800e-02
5.944100504120190809e-02
5.928039465099572969e-02
6.138379125545422033e-02
6.043023773779471891e-02
6.019232204804817604e-02
5.880903773009776847e-02
6.034137871116399682e-02
5.805547398825486316e-02
5.917961722860733825e-02
5.947111498564481430e-02
5.965331488599379811e-02
5.703507979710897152e-02
5.301230004678170182e-02
5.925787791609764266e-02
5.850731638570626919e-02
5.884411532431840786e-02
5.927068140357732995e-02
5.534599432100852090e-02
5.870214643577734842e-02
5.865026450405518010e-02
5.592695658405621995e-02
5.818188802649577190e-02
5.904703382402658185e-02
5.873236796508232715e-02
5.860193631301323369e-02
5.703220388541618835e-02
5.847046655913194085e-02
5.334964392085870394e-02
5.845304880291223720e-02
5.834859435757001195e-02
5.973782702038685222e-02
5.828184783458709856e-02
5.950816792746384948e-02
5.936655066907405714e-02
5.867139283567666952e-02
5.854492704073588349e-02
5.852415551741917826e-02
5.750417686998843952e-02
5.751230005174875343e-02
5.653747878968715807e-02
5.636180383463700733e-02
5.511989224702119883e-02
5.878946755081414927e-02
5.634501216312249455e-02
5.649211168289184487e-02
5.841168211152156231e-02
5.836589255680640215e-02
5.562599343558152776e-02
5.813642820964257107e-02
5.760569475591182514e-02
5.600450514505306981e-02
5.659496078888575504e-02
5.830839112401008800e-02
5.929816925277312661e-02
5.719738177955150521e-02
5.759449296941359514e-02
5.813645555327336123e-02
5.694664460917314014e-02
5.767382269104321529e-02
5.693838032583395381e-02
5.768219063679377173e-02
5.931884450217088378e-02
5.548840474337339568e-02
5.867307603359222384e-02
5.729283322890599273e-02
5.310220506042242355e-02
5.690260667353868457e-02
5.688180277744928764e-02
5.759268465141455240e-02
5.726734127849340134e-02
5.740635921557744187e-02
5.526784818619489420e-02
5.728061096121867674e-02
5.721963069091240417e-02
5.554187885175148470e-02
5.677197359502315216e-02
5.716725586603085135e-02
5.754828161249558177e-02
5.887682911008596670e-02
5.840483264376719608e-02
5.492407331864038872e-02
5.483615275472402545e-02
5.735009795675675287e-02
5.395654900620380778e-02
5.324912557999293000e-02
5.729659927388032481e-02
5.697372196863095123e-02
5.804169254998366168e-02
5.680065531283617214e-02
5.790559106816848406e-02
5.717467542737722508e-02
5.701869465410709659e-02
5.826583073784907807e-02
5.642058650652567731e-02
5.345614251991113314e-02
5.620061382651329179e-02
5.643937723090251130e-02
5.594267766922712132e-02
5.835383878399928725e-02
5.613964365174373139e-02
5.296200462927420916e-02
5.743960125992695481e-02
5.572755794972181209e-02
5.789975521465142577e-02
5.183024350553751269e-02
5.616396265725294434e-02
5.556044070671001950e-02
5.259217749039332007e-02
5.734826444337765700e-02
5.675627917051315197e-02
5.553679214169581629e-02
5.626825215915838563e-02
5.635199810067812592e-02
5.471529231717189162e-02
5.740203394244114410e-02
5.685217369347810717e-02
5.577441718429326789e-02
5.773151905586321880e-02
5.270444752027591412e-02
5.474412517001231437e-02
5.300494765241940687e-02
5.768094886094331936e-02
5.716781562815109741e-02
5.366836987435817663e-02
5.496690363933642853e-02
5.334378936638434904e-02
5.636211975167194910e-02
5.757921804984410946e-02
5.577266511817773054e-02
5.521358922123908997e-02
5.421190295368433221e-02
5.294470741103092515e-02
5.552021327118079191e-02
5.555631713320811904e-02
5.763670446972052330e-02
5.781007427722215791e-02
5.328812699764966937e-02
5.613986271123091315e-02
5.550224219759305327e-02
5.573008170972267722e-02
5.592532025029262055e-02
5.576190377275148935e-02
5.565260099867979510e-02
5.640401915957530404e-02
5.346055347472429553e-02
5.579332278420527647e-02
5.463863903035719866e-02
5.719310642530520822e-02
5.133175174395243623e-02
5.783111675331990137e-02
5.679321317623058779e-02
5.549096263945102470e-02
5.486810315400361682e-02
5.427596110850572281e-02
5.776434650023778289e-02
5.466391127556562146e-02
5.596813085178534153e-02
5.312397486219803261e-02
5.567340895533561679e-02
5.421437177807092445e-02
5.361534297466277743e-02
5.616976684580246570e-02
5.379514620949824716e-02
5.655335880815982874e-02
5.527023358891407917e-02
5.232672799378633444e-02
5.685515460868676568e-02
5.615460014591614618e-02
5.608479786664247180e-02
5.489571090787648960e-02
5.521235737949609784e-02
5.621247017135222457e-02
5.508053503930568362e-02
5.479122053831815553e-02
5.526778840770323747e-02
5.450850628316402519e-02
5.464162904769181983e-02
5.436439383774995665e-02
5.454109760622183334e-02
5.529328197240829246e-02
5.490066753079493600e-02
5.811397812018791881e-02
5.345850482583045654e-02
5.482285777727762682e-02
5.614174854010343246e-02
5.708103777219852154e-02
5.534782928725083540e-02
5.517930330087741225e-02
5.602473191916942930e-02
5.472546875476837214e-02
5.477823209017515516e-02
5.148046745608250013e-02
5.438617054373025977e-02
5.657887472460667450e-02
5.251996595412492669e-02
5.274252193669477784e-02
5.474263592312733628e-02
5.120351031422615273e-02
5.584136729439099361e-02
5.358759763340155413e-02
5.417357792456944932e-02
5.542391969511906158e-02
5.252374683817227774e-02
5.346855445454518074e-02
5.625589805344740485e-02
5.627916521082321905e-02
5.356842166433731928e-02
5.477010445048411530e-02
5.486686700334151429e-02
5.194529478748639156e-02
5.600587642441193226e-02
5.607399803896744722e-02
5.193285127480824770e-02
5.406150332341591591e-02
5.510563685248295179e-02
5.392758920788764954e-02
5.544336418310800985e-02
5.358801916241645591e-02
5.524469241499900540e-02
5.151870824396610066e-02
5.475831523537635914e-02
5.423447303473949432e-02
5.452456871668497768e-02
5.505005470166603881e-02
5.259479854255914855e-02
5.543238385270039120e-02
5.519571560124555964e-02
5.219063193847735954e-02
5.462142571806907765e-02
5.419580827156702391e-02
5.333884708583355033e-02
5.528218255688746585e-02
5.053769905120134021e-02
5.423409041017293597e-02
5.634439336756864869e-02
5.408137821902831571e-02
5.396932108948628015e-02
5.528523212919632390e-02
5.375026536484559664e-02
5.297081446895996609e-02
5.421052026251951816e-02
5.358292898784081104e-02
5.425516411662101995e-02
5.522630756100018606e-02
5.457180261611938726e-02
4.424720036486784469e-02
5.479747941096623637e-02
5.616163332015276094e-02
5.500593284765879082e-02
5.384729894498983815e-02
5.562856727590163863e-02
5.343186926096677586e-02
5.514308949311574198e-02
5.407520292947689405e-02
5.276427678763866147e-02
5.432956439753373196e-02
4.951386015862226792e-02
5.228571242342392594e-02
5.295482974499463730e-02
5.456084956725438390e-02
5.419563863426447164e-02
5.538138491412003539e-02
5.474558458973963898e-02
5.499473784118890513e-02
5.308751434087752991e-02
5.312788859009742737e-02
5.410943357894817951e-02
5.366820254673560636e-02
5.445914978782336047e-02
5.372675151874621580e-02
5.376265786588192014e-02
5.469496222833792470e-02
4.839088583985964170e-02
5.289989635348320285e-02
5.411818633476893348e-02
5.119235150516033422e-02
5.167679802825053681e-02
5.657891379048426983e-02
5.341960585365692488e-02
5.518427508572737450e-02
5.408686214437087580e-02
5.178378388285637124e-02
5.509670618921518048e-02
5.494920998811721885e-02
5.350253348549206811e-02
5.156690568973620881e-02
5.396446365863084849e-02
5.323948287715514482e-02
5.177174334724744115e-02
5.525774886210759601e-02
5.329375399897495758e-02
5.441302187740802709e-02
5.301879861702521457e-02
5.408923762540022301e-02
5.080150872468948420e-02
5.268515178312858233e-02
5.258606585363546915e-02
5.475745690365632634e-02
5.318620845675468140e-02
5.416600927710533281e-02
4.964437947918971111e-02
4.913921799510717614e-02
5.479370901981989866e-02
4.882254786789417406e-02
5.447317474832137629e-02
5.528475925326347545e-02
5.376788113266229435e-02
5.476249251514673372e-02
5.399642700950304380e-02
5.359952889382839369e-02
5.399852483222881971e-02
5.297497127205133549e-02
5.411865708728631069e-02
5.201412620643774964e-02
5.339652631431818230e-02
5.293803244829178162e-02
5.373656822989384546e-02
5.586737843851248553e-02
5.387813782940308049e-02
5.367762135962645537e-02
5.276160427679617987e-02
5.375728542606035554e-02
5.452486604452132929e-02
5.225239214797814530e-02
5.588171755274137092e-02
5.429658420383930151e-02
5.445432608326276208e-02
5.486642430226008199e-02
5.340850045283635633e-02
5.159035009642442410e-02
5.374430852631727901e-02
5.389453756312529570e-02
5.361762894938389146e-02
5.300750865290562025e-02
5.354877952486276904e-02
5.383899506181478306e-02
5.407745409756899158e-02
5.421711269766091995e-02
