3.457026892155408704e-01
1.612852309010922858e-01
8.289261462725698582e-02
8.163502635806799135e-02
7.547358564473688469e-02
7.617311514355241953e-02
7.138639050163328448e-02
7.141491119563579681e-02
7.041582532227039226e-02
6.894134616479277722e-02
7.104578767344355006e-02
7.746156725287436928e-02
6.849610923230647908e-02
6.729266320355237196e-02
6.958656592108308780e-02
6.778843929059803763e-02
6.733600396662950405e-02
7.249732768535613325e-02
6.897712405584752182e-02
6.578308676369487573e-02
6.478121396526693998e-02
7.057521106675267164e-02
6.699595365114510703e-02
6.587355206534266372e-02
6.915340662933885940e-02
6.609387974068522964e-02
6.421291962265968101e-02
6.507984328269958429e-02
6.529403127543628726e-02
8.530075457692146146e-02
6.376660574786364999e-02
6.422250188328325338e-02
6.556151110120117531e-02
6.864330666698514882e-02
6.671268212236464157e-02
6.972592318616807616e-02
7.757784305326641261e-02
6.355551393330097221e-02
6.442955214343965009e-02
6.492459682188927994e-02
6.944202497974037713e-02
6.500747611559927475e-02
6.270694238971918910e-02
6.802310524322092988e-02
6.726735411118715813e-02
6.488011166080832892e-02
6.328408446349204075e-02
6.254482188448309832e-02
6.234922308288514542e-02
6.599053723551333295e-02
6.661421076860278567e-02
6.505647485330701141e-02
6.190858978405594515e-02
6.288597364537418244e-02
8.631905924342572756e-02
6.315768674574792629e-02
6.477244427613913780e-02
6.092264916747808234e-02
6.441805350966751942e-02
6.286588465236127299e-02
6.254583471454680521e-02
6.886603055149316532e-02
6.295372500270604577e-02
6.232624891586601573e-02
6.358145864773541434e-02
6.134116253629327137e-02
6.053068930469453213e-02
6.278674257732927422e-02
6.118383664451539777e-02
6.055500418134033419e-02
6.247300674114376201e-02
6.867285348940641021e-02
6.035183942131697871e-02
6.140821217093616474e-02
6.197388550080359243e-02
7.551280091889202295e-02
6.275544161908327978e-02
6.634167059510946707e-02
6.550115830264985339e-02
6.335222331434488263e-02
6.157269016280770418e-02
6.336761733330786850e-02
6.134848963469266558e-02
8.003933783806860269e-02
5.986518060509115474e-02
6.042859592102468175e-02
6.503168130666017732e-02
6.032273158431053495e-02
6.037710300087929111e-02
6.206355818733572810e-02
5.974064533039927238e-02
6.727004494704305615e-02
6.130006429925560774e-02
6.170493667013943195e-02
6.271194765064865007e-02
6.118131055403500801e-02
6.122521425411105167e-02
6.804176429286598604e-02
6.112540644221008124e-02
5.914245833642781114e-02
