1.549451162852346908e-01
7.775560718029737861e-02
7.260001249611378049e-02
7.115850412286818527e-02
6.967909425497055553e-02
6.653127747122197788e-02
6.799294916912913822e-02
6.667578394524753538e-02
6.692831997759640661e-02
6.616595631930977106e-02
6.568531110882759594e-02
6.594533330295235252e-02
6.579482607543468697e-02
6.505646503064781150e-02
6.418824265245348659e-02
6.490550926420837752e-02
6.437544567976147269e-02
6.386478696484118589e-02
6.379701918456703869e-02
6.405762281734496411e-02
6.363900671713054735e-02
6.221352859865873774e-02
6.335895273368805092e-02
6.291779089253396462e-02
6.357006044592708460e-02
6.122371017932892040e-02
6.211608591955155440e-02
6.300913329701871013e-02
6.266951680649071599e-02
6.252727458719163633e-02
6.249891487881541197e-02
6.121164748910814385e-02
6.201460574287920996e-02
6.155016675591468839e-02
6.196892861742526321e-02
6.085608372930437215e-02
6.094104025512933620e-02
6.108939071651547925e-02
6.129670725204050541e-02
6.114966379944235253e-02
6.105009397957474049e-02
6.090059283189475786e-02
6.042952853720635203e-02
5.964834458660334127e-02
6.094132060185075001e-02
6.065400822553783378e-02
6.063391662202775173e-02
6.009422734379768483e-02
6.014903823379427056e-02
6.056150513701141075e-02
5.965379120316356698e-02
5.970464345067739292e-02
5.986419116146862729e-02
5.958074473775923363e-02
5.859421078115701481e-02
6.018352328334003465e-02
5.894145804923027476e-02
5.990061492659151665e-02
5.850414691958576163e-02
5.980276798363774737e-02
5.846736160572617996e-02
5.860716676339507158e-02
5.910931330174207937e-02
5.857768577057868159e-02
5.798485798761248561e-02
5.874929206911474328e-02
5.956341344397515086e-02
5.855709739029407723e-02
5.862877266015857625e-02
5.856567076873034350e-02
5.554598988499492157e-02
5.774631428532302213e-02
5.864057884085923517e-02
5.787198561709374495e-02
5.846285291016101865e-02
5.599516503512859400e-02
5.822691186331212243e-02
5.789138203486800249e-02
5.882710739038884973e-02
5.724786202888935971e-02
5.742555503267794681e-02
5.685723334085196479e-02
5.799452223349362695e-02
5.777932380791753197e-02
5.637148350011557396e-02
5.791180810891091713e-02
5.679247816093266343e-02
5.817215837072581275e-02
5.599670563358813413e-02
5.782299015205353415e-02
5.785681613255291844e-02
5.599496950861066608e-02
5.638376199640333930e-02
5.688571989536285456e-02
5.617702456191182164e-02
5.726269907783716751e-02
5.762214398942887977e-02
5.617946417070925069e-02
5.717375935986637736e-02
5.712829790078103459e-02
