8.182217630743980896e-01
7.127713291347026470e-01
1.022757453123728455e+00
1.084206717958053012e+00
8.272928427656491834e-01
8.821651723980903359e-01
7.908734277884165165e-01
6.287484239041805090e-01
4.673446482916672751e-01
5.736680724223455208e-01
3.872695085903009038e-01
3.100997591018676558e-01
2.103201870371897986e-01
1.892625086506207754e-01
1.361211004666983970e-01
2.068904888629913286e-01
1.921012028803427973e-01
2.109394444897770837e-01
1.439650919909278570e-01
1.900248716647426339e-01
1.535713362197081155e-01
1.482265615339080356e-01
1.310476628070076366e-01
1.347010173400243205e-01
1.186041480985780550e-01
1.094039905567963933e-01
1.071297982831796031e-01
1.074423406831920141e-01
9.801635155454277437e-02
1.037387747938434274e-01
1.250326271417240287e-01
9.495819562425215909e-02
8.988663678367932175e-02
9.521012644593913887e-02
8.667085470010836568e-02
1.050717666683097656e-01
1.218557018910845086e-01
9.079608467097083357e-02
9.789768221477666843e-02
9.750878532106677099e-02
9.812193640818198115e-02
1.132362679640452063e-01
8.154458863660693502e-02
1.699245732650160878e-01
1.143210249145825697e-01
1.076390496827662052e-01
2.062151889503002211e-01
8.839744825537006190e-02
1.024652769292394294e-01
7.685286124547321962e-02
8.061446543162067990e-02
9.346539764975507480e-02
9.773990545421838705e-02
7.354691116139293328e-02
1.227536406368017197e-01
9.011230252062281398e-02
7.889398114134868467e-02
7.588787797217567965e-02
8.422191865121324283e-02
9.064282848810156779e-02
7.377962900325656104e-02
8.107709262520074178e-02
9.202422094841798683e-02
8.025417693580190470e-02
6.748294525469343552e-02
8.223883096749583232e-02
7.163888021682698892e-02
9.826239310825864159e-02
7.821572760120033829e-02
9.161218792200089001e-02
8.100879459331432331e-02
8.484817182024319282e-02
7.935775178795059781e-02
8.683367662752668192e-02
7.105210328474641235e-02
9.755142080287138029e-02
7.685036754235624601e-02
1.155116207649310445e-01
1.235293612256646162e-01
7.709839224815367986e-02
7.095891396204630219e-02
7.854024463643630161e-02
7.469149593884746863e-02
7.821551782389481178e-02
8.117884951333205479e-02
7.431947099044919347e-02
8.036565010746320181e-02
8.071631676206986183e-02
1.016778353167076959e-01
6.928797186662753738e-02
1.006995604994396359e-01
8.521362626304229693e-02
8.003575038785736007e-02
7.849159265557924259e-02
7.373880321159959061e-02
8.323477987820902813e-02
8.511129624520738512e-02
8.107267641772826494e-02
8.141500939304630036e-02
7.183761386200786248e-02
8.699078104148308399e-02
9.150898251682519635e-02
7.105082495758931194e-02
7.865528219069044258e-02
9.512873475750287244e-02
8.865835796420773463e-02
9.800543383384743845e-02
8.658294667179386450e-02
9.585962749396760574e-02
1.044680629670620003e-01
9.720896278818448588e-02
8.700147805114587241e-02
7.575724193826317843e-02
7.077303600807983985e-02
8.441306309153635834e-02
8.056591418261328796e-02
7.624358020722865614e-02
1.071865822685261621e-01
7.312558015808462430e-02
9.019220601767301282e-02
7.733118671923876197e-02
1.316183321240047555e-01
1.089722931012511303e-01
7.345638347789645861e-02
8.000852918252349122e-02
7.298510992899537309e-02
7.666966581096251732e-02
8.259225847199559711e-02
7.122927242890000898e-02
7.511245040843883558e-02
7.520967709521451938e-02
8.675854392039279717e-02
8.170155027881265131e-02
9.226752083748579469e-02
8.697057389343777756e-02
7.573542879894375190e-02
8.085736682638526573e-02
9.328419459362824462e-02
7.753339394927025174e-02
7.258535257230201709e-02
8.162406772375106756e-02
8.005791166797279756e-02
7.421004374201099762e-02
8.181021024162569988e-02
1.093763985857367504e-01
7.679094530021150777e-02
1.008955607376992719e-01
8.395531570538877775e-02
8.996787916868925761e-02
8.665833516046404783e-02
8.969954967498779130e-02
7.174441575383146141e-02
7.700654513513048582e-02
1.155479365463058100e-01
7.286614224314690025e-02
8.500608475257953600e-02
8.622063033282756361e-02
7.821380848685900722e-02
7.511418056984742186e-02
1.113315585379799216e-01
9.319918765376011827e-02
7.218106477831801038e-02
7.751501159742474334e-02
7.570348820959528491e-02
8.190812105312943181e-02
8.445165062944094692e-02
7.734359007328749092e-02
7.757634341716766746e-02
8.078812759990493253e-02
9.243810633818308475e-02
8.500026429692904284e-02
8.467819472774863743e-02
7.476476627091566129e-02
8.626624774187803546e-02
8.062497220933437236e-02
7.232932623475790690e-02
7.452641614402333303e-02
7.611341514314214074e-02
8.530343476682901438e-02
7.505202910552422058e-02
6.995660477007428768e-02
7.254070471351345417e-02
7.466064849247534829e-02
9.514131965115665834e-02
7.994903874893982687e-02
9.025361639137069458e-02
8.050694580500324105e-02
8.809764062364895676e-02
8.102661812677978970e-02
8.467715161542098412e-02
8.009002902234593768e-02
8.095663257564107707e-02
8.143898159886399368e-02
8.342567712068557628e-02
7.198114373410741118e-02
7.546007342015703667e-02
9.155682531495888676e-02
8.015140010664860426e-02
7.132341285546620058e-02
6.911464597408970012e-02
7.056201372295617391e-02
7.439600865046183675e-02
7.475123188768824367e-02
8.169696976741154526e-02
7.298535897706945330e-02
1.007161153666675107e-01
7.756507375588019004e-02
8.509632927055160723e-02
1.145225234329700498e-01
9.809172036126255489e-02
9.458579989150166234e-02
7.043359301363429081e-02
7.252158931766947148e-02
7.504450075949231636e-02
9.050039818820854176e-02
7.242047630250453283e-02
6.919417037318149888e-02
7.055557969336707924e-02
7.511690286919474324e-02
7.276097480828563890e-02
7.334246323133508660e-02
6.785206664353608808e-02
7.904567500576377415e-02
6.910152306159336733e-02
8.693810671567916981e-02
6.964989153047403125e-02
7.524963378285368099e-02
8.235227089375257714e-02
7.534582087149223339e-02
7.362398588409026223e-02
7.313868001724282975e-02
7.222638609508673369e-02
6.976048734659949513e-02
7.177106991410255044e-02
8.068956298753619805e-02
7.157409493500987985e-02
8.068249885613719419e-02
7.070683340231577463e-02
6.911428796748320114e-02
9.455530025685826567e-02
8.260631410405039343e-02
7.015268727516134339e-02
7.153836744527021507e-02
7.849145177751779001e-02
7.073826886713505124e-02
8.203646539400021032e-02
7.324370400359232758e-02
6.926452834159135818e-02
7.802205139771103970e-02
7.676590679834285891e-02
7.071100993081927411e-02
7.151879694933692411e-02
8.034209422767162045e-02
7.051519926016529272e-02
8.242336004351576151e-02
6.748420180131992074e-02
7.562904110799233137e-02
7.532628366723656543e-02
8.664498378833135339e-02
7.938146570076544395e-02
7.432637114698688319e-02
7.001288305968046688e-02
6.876628099009395034e-02
7.140182829772433182e-02
7.528382000823816145e-02
6.893418748552600228e-02
6.919968758399287767e-02
8.761383558313051712e-02
7.575487428034345661e-02
6.593399536485473889e-02
7.194153919816016762e-02
7.479740211740136535e-02
6.800112366055448276e-02
6.936515665923555229e-02
7.271447282284498881e-02
7.241082588210702442e-02
6.964792971809705135e-02
8.546571090196569687e-02
8.034000219777226448e-02
7.301270560051004166e-02
8.070000693822899918e-02
7.844197832668821369e-02
7.994289164120951807e-02
7.007556046048800391e-02
7.425829905395706088e-02
7.051063605273763524e-02
8.032546844333410263e-02
7.072777630140383853e-02
8.873259707664450657e-02
8.605327134951949730e-02
9.126690883810321953e-02
8.949253187825281786e-02
7.195939190064867819e-02
7.622332709530989237e-02
8.760638657957314779e-02
7.240002933889627679e-02
6.819521614660818687e-02
7.201968736946583183e-02
7.842171934743721873e-02
7.990137772634625657e-02
7.217599265898266836e-02
7.209915904949108778e-02
7.791911112144589424e-02
8.660176597535609866e-02
7.480755409225821329e-02
8.338312498604258383e-02
7.512559722488125480e-02
7.890621369704603483e-02
8.516652096683779982e-02
7.376604724054534878e-02
7.479930785174171426e-02
6.967292263483007564e-02
7.178410907586416090e-02
7.179845880096157040e-02
7.619656962653001409e-02
7.484055083865920333e-02
8.130748139694332632e-02
7.468421402697761335e-02
6.605231787388522735e-02
6.792188038428624564e-02
7.110198733086386946e-02
6.949137218917410264e-02
7.338555816560983491e-02
7.570681678752104460e-02
7.195021841054161094e-02
7.002466447651385650e-02
7.070729238291581509e-02
7.775121924777825266e-02
7.134327233458558071e-02
6.981456507618229168e-02
7.174864644184708595e-02
7.811071338132023756e-02
8.389510897919535970e-02
7.194765571504831148e-02
7.012360608205199519e-02
7.171265949184696398e-02
8.957567586873968479e-02
8.236806600044170590e-02
7.187354785700639237e-02
6.981042280793189891e-02
6.768785163760185353e-02
8.305387980615099031e-02
6.744318368534246710e-02
7.256085829188425873e-02
8.118006987497210225e-02
7.328805201376477341e-02
6.721796372905373962e-02
7.568861419335007334e-02
7.089456029857198194e-02
6.972826843460401547e-02
7.183040309076507701e-02
7.236686383684476365e-02
7.606333746885260427e-02
7.326650391643245441e-02
7.306622303401430485e-02
7.125713675593337015e-02
7.009436450277765907e-02
8.291173841804265476e-02
7.512648201237122347e-02
8.226268675799171259e-02
8.283487639389931767e-02
8.141773043821255718e-02
8.117242851605017961e-02
8.346948998669782849e-02
7.622358129670223081e-02
7.198477936908602437e-02
7.894697135935227483e-02
7.797799465556939924e-02
8.472245342408617208e-02
7.002672089884678930e-02
7.027325438335538244e-02
7.210307110100984407e-02
6.885557216281691650e-02
7.203700490295887604e-02
7.620096360643704991e-02
6.900185082728664543e-02
8.269659613569577128e-02
7.513834370300173648e-02
7.238878561183810512e-02
7.317665542786319643e-02
6.997951909899711997e-02
6.852529537553588013e-02
7.261406244710087721e-02
7.283338390290737541e-02
7.475698053215941441e-02
8.518248637517293609e-02
7.228576406215628247e-02
7.070752810065944471e-02
8.083377451325456098e-02
7.897116244460145040e-02
7.385832572355865988e-02
7.206662287935614031e-02
7.620609577745199315e-02
7.416219110290209193e-02
7.491233977799614807e-02
7.831029311443368779e-02
7.644321505601207878e-02
8.406217711667220149e-02
6.798794016862909351e-02
8.205812338118752269e-02
7.110081292688846810e-02
7.420032041147350821e-02
7.728941786413391635e-02
7.191565842057268121e-02
7.642552400628725706e-02
8.302929444238543732e-02
7.379601959759990448e-02
9.502830608437458360e-02
7.269635229681928323e-02
7.113735787570477087e-02
7.778088163584470638e-02
7.407609851409992230e-02
6.812736171608170521e-02
8.202488447849949627e-02
8.764228126034140365e-02
8.139960442359249482e-02
7.467639338846007724e-02
6.922895434622963751e-02
7.361528343831499899e-02
6.500251422946651259e-02
6.735684623941778915e-02
7.933192074298858754e-02
7.203464545930425567e-02
7.118777306750416478e-02
7.080890048916141377e-02
7.417389043296376827e-02
7.113252647841970810e-02
7.140775613486766149e-02
8.107346611097454581e-02
7.214452264209587906e-02
6.986546528836092007e-02
8.334893715257446489e-02
8.763049865141510353e-02
7.294076711560289195e-02
8.099595341831446194e-02
8.226788389806946600e-02
7.865823271994788757e-02
7.772694099073608476e-02
8.366830020522077194e-02
8.717711373542745557e-02
8.170720800757408364e-02
7.243081780150532889e-02
8.106218010187149492e-02
7.043815723930796358e-02
7.292436502253016317e-02
7.277552774176002104e-02
7.610699948544304150e-02
8.262273219724496076e-02
9.302202285577854113e-02
8.041352894778053262e-02
8.721312056606014829e-02
7.193129616479078392e-02
6.945851678028702736e-02
7.728429362177849371e-02
7.577973090112209709e-02
7.627613271276155460e-02
7.520702553912997357e-02
7.516650085027019867e-02
7.395525195946296704e-02
7.755681682378053055e-02
7.715170102193952273e-02
8.023939279218514353e-02
8.580897154596944798e-02
8.768278620516260780e-02
8.147801036636034833e-02
8.355703254540761127e-02
7.775015591954191618e-02
7.130763083696364801e-02
7.649814651037255275e-02
7.759111406902471919e-02
7.590069736043612847e-02
7.972617065533996183e-02
6.954974529022971141e-02
7.169303505991896086e-02
7.084055244922637939e-02
7.396200345208248095e-02
8.253841955835621025e-02
7.858068476741512931e-02
7.506858843068281439e-02
7.654281311978895774e-02
6.959275794525941750e-02
7.010872579490144696e-02
7.309127279867728977e-02
6.993442542230089709e-02
7.560385970398783573e-02
7.261650050058961192e-02
7.367496679226558098e-02
7.529801922539869352e-02
7.975824713706970714e-02
8.569450652847687699e-02
7.578471317887305880e-02
9.814972388868530018e-02
8.072828225170572414e-02
7.438726954162121208e-02
8.410720055301984521e-02
7.693738929306467855e-02
7.542890399694442138e-02
7.516542371983329918e-02
8.338660980264345213e-02
7.221190837522348249e-02
