1.178611293435096741e-01
8.173269468049208786e-02
7.397520629068216058e-02
6.065655375520388054e-02
6.566408847769102108e-02
6.290557458996773321e-02
6.102425381541252275e-02
5.946103843549887386e-02
5.381313984592755312e-02
5.749520615984995975e-02
5.965960926065842079e-02
6.031696920593579425e-02
5.803625291834275252e-02
5.908729595442612642e-02
4.789228830486536026e-02
5.949246219048897472e-02
5.847184974700212617e-02
5.437846680482228551e-02
5.745859766999880658e-02
5.985347150514522957e-02
4.976974694679180827e-02
5.020539785424868451e-02
4.984468736996253146e-02
5.187905946125586504e-02
5.820922652880351073e-02
5.320553903778393878e-02
5.532970478137334142e-02
4.812561087310314456e-02
5.503479962547620091e-02
4.687872665623823987e-02
5.729803573340177397e-02
6.020678008596102443e-02
5.938556355734666420e-02
5.324535717566807741e-02
5.879205881307522641e-02
4.546228069812059680e-02
5.503023775915304866e-02
5.804232340306043902e-02
5.415097897251446718e-02
4.968654507150252475e-02
5.696662875513235774e-02
5.664456306646267758e-02
4.679835364222526689e-02
5.748593838264545036e-02
5.900605407853921208e-02
4.841460070262352394e-02
5.469464715570211688e-02
6.258753662308057242e-02
5.214269241938988136e-02
5.787999251236518317e-02
5.130420519659916606e-02
5.823701700816551891e-02
5.408004348476727619e-02
5.662264302372932434e-02
4.516801238059997559e-02
5.052257571369409700e-02
5.568112172186374942e-02
5.293110484878222471e-02
5.380797069519758363e-02
5.490650869905948361e-02
5.759526342153549472e-02
5.195386558771133284e-02
5.889458898454904417e-02
5.442299054314692769e-02
5.555730064709981514e-02
4.586359473566214290e-02
5.605200038601954732e-02
4.674714561551809172e-02
4.896016493439674100e-02
4.256193780650695258e-02
5.052584869166214937e-02
5.391782435278098112e-02
5.761835121860106601e-02
5.267793859044710841e-02
5.483168996870517453e-02
4.890437219291925153e-02
5.337983630597591123e-02
5.909740962088107924e-02
4.228250750650962286e-02
5.869027531395355768e-02
5.841030919303496355e-02
5.016342283536990437e-02
5.529082479576270109e-02
5.173027062167723927e-02
5.336196478456258635e-02
5.182071259866158353e-02
5.585778417686621672e-02
5.183738308648268289e-02
4.121051635593175888e-02
5.211850361277659688e-02
4.113349051525195393e-02
5.903607209523518973e-02
5.247161475320657326e-02
5.585572551935911317e-02
5.124205083896716389e-02
5.177588009585936540e-02
5.606726780533790450e-02
4.943381610016028133e-02
5.295867628107468056e-02
5.628259082635243826e-02
4.811454626421133446e-02
5.285860374569893022e-02
5.900882910937070569e-02
5.176036438594262129e-02
5.116195119917392453e-02
5.299355629831552228e-02
4.836682391663392477e-02
5.462188813835382184e-02
5.165277694662411684e-02
5.443560822556416101e-02
4.939402689536412372e-02
5.465491631378729953e-02
5.104535724967718124e-02
5.210774298757314682e-02
5.696553941816091815e-02
4.884712050358454294e-02
5.462347958236932893e-02
4.601949267089366913e-02
5.796611985812584467e-02
4.752610555539528436e-02
5.253839939832687100e-02
3.929601429651181227e-02
4.290671243021885323e-02
5.279726168761651045e-02
5.307217948138713559e-02
5.466026123613119264e-02
5.713631603866815845e-02
4.749945638080437654e-02
5.672619156539440016e-02
4.985954320679108348e-02
5.787185169756412645e-02
4.402629354347785406e-02
5.392124727368354659e-02
5.835836095114548677e-02
5.237930944810310907e-02
5.624414769311746054e-02
5.040192765494187765e-02
5.316313517590363913e-02
4.944740248223145757e-02
5.109086117396752225e-02
5.409168110539516044e-02
5.423718883345524794e-02
5.570130310952663144e-02
5.007096435874700685e-02
4.012992916007836891e-02
5.892745740711689134e-02
5.414657741785049161e-02
4.893123017003139091e-02
3.906411596884330067e-02
6.007821001112460813e-02
5.373591793080170764e-02
6.052070986479520659e-02
5.588237419724464278e-02
5.050124712288379947e-02
6.038705601046482491e-02
4.642670465012391223e-02
5.127752864112456593e-02
5.185009011377891136e-02
5.748545552293459621e-02
4.219287484884261946e-02
4.598162509500980377e-02
5.695957417289416319e-02
5.208366823693116182e-02
5.140859968960285326e-02
5.151535353312889504e-02
4.901377111673355103e-02
4.989379749943812642e-02
4.843407875547806746e-02
5.825835137317578183e-02
5.383017870287100382e-02
5.029249365131060329e-02
4.715938679873943329e-02
5.556108100960652219e-02
5.550555102527141710e-02
5.204041066269080029e-02
5.262453791995843483e-02
5.255281931410233504e-02
4.737566287318865227e-02
4.936130680143833299e-02
5.490067526698112765e-02
5.185649134218692918e-02
4.913079024602969719e-02
4.664020289977391376e-02
4.699701859305302487e-02
5.892604204515616145e-02
5.118585278590519899e-02
4.610033215334018164e-02
4.928871759523947849e-02
4.920016868660847392e-02
4.582581613212823729e-02
4.737695834288994240e-02
3.737205136567354341e-02
5.953925140202045302e-02
5.323647384842236652e-02
4.743013717234134674e-02
5.846557343999544964e-02
4.981499277055263797e-02
5.606732275336980681e-02
4.586354022224744392e-02
4.597851460178693089e-02
5.386887074758608951e-02
4.659471660852432251e-02
4.871659061561028209e-02
4.083241969346999845e-02
5.687307945142189985e-02
4.540690624465545250e-02
5.572260922441880232e-02
4.469690887878338681e-02
4.339832005401452614e-02
4.303480995198091102e-02
3.335177072634299550e-02
5.985853839665651599e-02
5.000132657587528368e-02
5.182573969165484018e-02
4.170241386940081590e-02
5.460576042532920560e-02
4.652051702141761502e-02
4.990630125006039614e-02
4.549386538565158844e-02
4.859176880369583951e-02
5.482391764720281196e-02
5.459923421343167854e-02
5.045794745286305560e-02
5.310747418552637378e-02
4.432140085846185407e-02
5.435238033533096313e-02
4.875614587217569351e-02
5.035780941446622166e-02
4.805596290777126856e-02
5.136158770571152415e-02
5.070613032827774730e-02
4.156008505572875156e-02
5.226294596989949220e-02
4.910451999555031505e-02
4.766177255660295625e-02
4.887577885140974993e-02
4.316378869116306582e-02
4.811362791806459566e-02
5.716372560709714890e-02
3.911990579217672348e-02
4.987215107927719937e-02
4.707292715708414482e-02
4.595848036309083118e-02
5.329560258736212863e-02
5.124842021614313403e-02
5.054889693856239041e-02
5.243019678940375600e-02
5.327532328665256223e-02
4.436297671248515262e-02
4.747970402240753174e-02
4.574849071602026668e-02
4.648045903692642894e-02
4.465185900529225482e-02
5.335647941877444400e-02
4.468364852170149393e-02
5.435765037933985161e-02
4.618384273101885928e-02
4.624331121643384529e-02
4.742595603068669452e-02
4.870217703282832961e-02
5.509804779042800499e-02
5.066912782688935690e-02
4.080925031254688945e-02
5.760508421808481494e-02
4.778147706141074730e-02
4.925288005421558923e-02
5.476454322536786212e-02
4.671791692574819160e-02
4.642428103834390918e-02
5.197168427209059721e-02
4.942399971187114854e-02
4.835893648366133141e-02
5.184342221667369299e-02
4.831931001196305281e-02
5.120339579880237718e-02
4.941747182359298302e-02
4.749566273142893924e-02
4.215595449010531293e-02
5.081879217177629610e-02
5.630096035699049678e-02
4.274697502454121584e-02
5.297925621271133700e-02
4.021684682617585049e-02
5.180949090669552393e-02
4.961226433515548984e-02
5.064714811742306033e-02
4.376461965342362537e-02
4.731084679563839906e-02
4.051215176781018668e-02
4.956519504388173097e-02
4.620732838908831602e-02
5.001171237478653497e-02
5.831541692217191014e-02
4.772597700357437273e-02
5.228182164331277026e-02
5.081818693627913885e-02
4.728096829106410298e-02
4.911541727681954794e-02
4.754947479814290723e-02
4.894652379055818014e-02
5.361374877393245558e-02
4.535149311025937074e-02
5.234027771900097437e-02
3.795091131081183844e-02
5.853804908692836900e-02
4.899808516105016304e-02
4.607940564552943236e-02
4.427131700019041466e-02
4.220506952454646660e-02
5.110593754798174043e-02
4.313845702757437839e-02
5.204529787103335386e-02
4.766806364059448381e-02
4.582679371039072996e-02
4.747828450053930005e-02
5.173963941633701047e-02
4.864560309797525545e-02
5.071102498720089780e-02
5.120353897412618233e-02
4.791829753667116443e-02
4.519803511599699425e-02
5.051327962428331375e-02
4.730968109021584100e-02
4.579610253373781609e-02
4.792784955352544923e-02
5.461925752460956851e-02
4.783935416489839415e-02
3.930190528432528363e-02
5.663996556152899736e-02
4.621319932242234224e-02
4.330693421264489307e-02
5.212428824355205131e-02
4.539943542331457277e-02
5.512528028339147568e-02
4.744799652447303367e-02
5.258757155388593674e-02
4.517868794500827512e-02
4.643028446783622337e-02
3.817845651259024753e-02
5.470617574950058931e-02
4.718448525915543146e-02
4.917882836113373485e-02
5.389017177124818397e-02
4.631936916460593218e-02
5.089111818621556288e-02
5.065271152804295268e-02
4.879362887392441755e-02
4.315959749122460359e-02
5.559331811964511594e-02
4.737013857811689377e-02
4.855021337668100762e-02
5.309676428635914935e-02
3.722732669363418984e-02
5.716724476466576027e-02
4.772099219262600223e-02
4.890776251753171239e-02
4.815165996551513949e-02
4.285328549643357271e-02
4.734078633288542337e-02
3.577802578608194756e-02
3.689849022775888721e-02
4.157225936651229997e-02
4.793162674953540398e-02
3.525097363938888007e-02
4.856135491281747540e-02
5.139398574829101562e-02
4.803939480334520201e-02
4.817065106083949499e-02
4.658302813768386980e-02
5.051543203492959294e-02
4.939517931391795152e-02
4.747214938203493662e-02
4.932854318370421404e-02
4.652344783147176199e-02
4.525602826227744652e-02
5.126690386484066692e-02
4.342341149846713072e-02
4.168480560183525363e-02
5.097338718672593527e-02
4.602213073521852632e-02
4.898922064652045522e-02
4.844541649023691859e-02
4.184142202138900479e-02
4.910033966104189462e-02
4.828474024931590086e-02
3.858980455746253285e-02
5.943664355824391371e-02
4.915723198403914446e-02
3.688405609379211830e-02
4.355697911232710162e-02
4.996783013145129210e-02
4.732059141000111852e-02
4.971220244963963503e-02
4.783988775064548088e-02
4.790870410700639320e-02
3.672054279595613618e-02
4.315297373880942755e-02
4.996670509378115660e-02
4.671942895899216380e-02
4.514076386888821873e-02
5.281435474753379961e-02
4.720108223458131108e-02
4.725095046063264304e-02
4.538529490431150032e-02
4.306103295336167341e-02
5.219961491723855429e-02
4.749488725016514507e-02
3.596026357263326645e-02
5.335078549881776266e-02
4.703079468260208673e-02
4.737421584626038545e-02
3.924038459857304845e-02
5.730496868491172929e-02
4.489284077038367682e-02
4.376564373572667394e-02
5.006493981927633008e-02
5.703686401247978072e-02
4.306532703340053281e-02
4.808303161213795668e-02
4.663498929391304837e-02
4.931272814671198296e-02
4.526131240030129704e-02
4.635784452160199298e-02
4.466353897005319318e-02
4.786084014922380170e-02
4.165228543182213777e-02
4.769664611667394361e-02
5.297011602669954300e-02
4.852202938248714043e-02
4.968474016835291995e-02
4.292383802433808598e-02
3.716393603632847653e-02
4.896749525020519661e-02
4.699573237448930602e-02
4.667007680982351164e-02
4.136678737898667746e-02
4.313010443001985550e-02
4.526392687112092833e-02
3.662159126251936236e-02
3.159462756787737026e-02
4.803949681421120638e-02
4.966732772688071257e-02
3.806790392845869203e-02
6.034084844092527794e-02
3.761395836869875497e-02
3.872950114309788028e-02
5.209524724632501325e-02
4.862511927882830209e-02
3.426743764430284500e-02
4.883998228857914375e-02
4.058939261982838498e-02
4.697088263928890506e-02
5.676806357999642644e-02
5.060911867767572264e-02
4.434419634441534586e-02
4.541600483159224239e-02
4.341033399105072299e-02
4.441491408894459453e-02
4.003771853943665499e-02
5.226425696164369722e-02
3.947929653028647151e-02
4.058847675720850950e-02
3.969777946670850072e-02
3.023488406712810175e-02
3.711704512437184744e-02
3.370322231203317503e-02
5.266640155265728956e-02
4.401318424691756659e-02
4.447293250511089729e-02
4.730343446135520935e-02
3.461660655836264200e-02
4.538170124093691277e-02
5.214269310235977034e-02
4.366914064933856421e-02
4.991538325945536064e-02
4.673989390333493227e-02
3.635519718130429678e-02
4.961137852321068770e-02
4.329569910963376039e-02
5.066803538550933295e-02
4.626413087050119943e-02
4.599118009209633012e-02
4.397195503115654269e-02
4.683728919674953056e-02
4.253457418332497186e-02
4.910498987883329253e-02
4.295766633003950119e-02
4.629898437609274858e-02
3.773150853812694272e-02
4.228860332320134169e-02
4.604177915801604265e-02
3.488463821510474211e-02
5.558437605698903633e-02
5.213612516721089635e-02
4.101313725113868436e-02
5.718335273365179883e-02
4.409602141628662930e-02
4.194360002875328203e-02
3.353898202379544669e-02
5.444439960022767061e-02
