1.846810742095112701e-01
1.001084658131003446e-01
8.759314529597758692e-02
8.246270190924405441e-02
7.872909300029277968e-02
7.720589168369769439e-02
7.643514674156903776e-02
7.327993474900722226e-02
7.733621604740620326e-02
7.835156861692667285e-02
7.186127733439207077e-02
7.558991223573684193e-02
6.705440621823072211e-02
7.529492765665053711e-02
7.286038916558026934e-02
7.182554006576538641e-02
7.210922844707966239e-02
7.028993062674998571e-02
6.943667452782392724e-02
7.064143221825361363e-02
7.002157334238290343e-02
7.104001738131046628e-02
6.981462746858596580e-02
6.803084112703799979e-02
6.940500617027282881e-02
6.988292153924703654e-02
6.911556616425514055e-02
7.139455527067184448e-02
6.995459590107203085e-02
7.086686991155147219e-02
7.011967066675424409e-02
6.855190344154835080e-02
7.037296127527951917e-02
6.898971050977706354e-02
7.103288818150758910e-02
6.755010399967431578e-02
6.281282113865017946e-02
6.958464294672012107e-02
7.072949033230542526e-02
6.827846527099609708e-02
6.720713783055544399e-02
6.906488511711358913e-02
6.688164152204990887e-02
6.987952187657356373e-02
6.768883161246776192e-02
6.575370086356997767e-02
6.875329267233609709e-02
6.812224291265010778e-02
6.544319685548544152e-02
6.930211633443832120e-02
6.435253260657190777e-02
6.854262225329875446e-02
6.944833032786845717e-02
6.539036184549332220e-02
6.860248517245054467e-02
6.843970902264118195e-02
6.662983074784278870e-02
6.526047173887490616e-02
6.900620926171541214e-02
6.141328286379575674e-02
6.751369465142488535e-02
6.650863422080874332e-02
6.666766397655010667e-02
6.659057714045048260e-02
6.662072416394948515e-02
6.279745731502771322e-02
6.918544340878725329e-02
6.572318235412240306e-02
6.819195132702589313e-02
6.260035561397671311e-02
6.797433860599993993e-02
6.611749146133660826e-02
6.604387920349835683e-02
6.623165715485811178e-02
6.667410731315612238e-02
6.695063453167676704e-02
6.783495392650365496e-02
6.227822836488485642e-02
6.803720775991678460e-02
6.690406836569309790e-02
6.406055474653840620e-02
5.911930926144123161e-02
6.787420928478241078e-02
6.593052439391612618e-02
6.591397900134325638e-02
6.607423510402440914e-02
5.881095811724662559e-02
6.908889781683683062e-02
6.784921754151582163e-02
6.252769861370324755e-02
6.627554515376686550e-02
6.583370890468359660e-02
6.192793615162372339e-02
6.699282210320234299e-02
6.435772912576794014e-02
6.627140149474143593e-02
6.387405747547746093e-02
6.116817001253366248e-02
6.749852009117603135e-02
6.434229763224720566e-02
