8.139800442934035374e+00
4.192960824668407582e+00
2.141983730256557639e+00
1.014963518351316374e+00
4.539812684580683544e-01
1.803210962302982945e-01
1.332466208301484600e-01
1.151571790650487009e-01
1.107392110601067570e-01
9.352591864019632606e-02
8.064100208692252802e-02
7.806452163867652616e-02
8.646446725167333813e-02
8.662175594829023273e-02
8.362540114112197720e-02
7.913163401558995225e-02
8.374273024685681410e-02
8.386090569570660291e-02
7.847715430893004163e-02
7.376976892352103687e-02
7.593547599017620719e-02
7.177289817109704095e-02
7.255432410538197041e-02
7.400451158918440464e-02
7.167362492345273617e-02
7.478581916913390470e-02
7.038657207973302021e-02
7.014608678221702365e-02
7.331170474179088403e-02
6.958006859384477383e-02
7.071937325224279813e-02
7.492601823993026711e-02
7.156222897768020619e-02
6.905279985070228443e-02
6.819202924054115766e-02
6.914998452365397896e-02
7.904865948110818830e-02
7.009176505170762461e-02
6.900582139007746529e-02
6.889369568787515052e-02
7.088770680129527491e-02
6.981831211782991986e-02
6.986087504774332602e-02
6.956091401353478587e-02
6.819260148331522664e-02
7.585487812012434161e-02
6.856330084986984874e-02
6.835927916690706652e-02
7.165456627123058253e-02
6.806173563562332995e-02
7.363574429973959723e-02
6.979044725559652163e-02
6.900616000592708910e-02
7.921209181006998168e-02
6.925913261994719183e-02
7.441469825990497389e-02
6.935788336768745899e-02
7.249592313915491359e-02
7.045855216681956579e-02
7.891178120020776732e-02
6.817855922877788521e-02
6.774036225862800631e-02
7.065365967527031943e-02
6.988654565438627564e-02
6.880808506533503399e-02
7.995916975941509686e-02
6.793747635930776074e-02
6.808024795353412317e-02
7.078132347948849767e-02
8.454262548126280363e-02
7.262354336306452163e-02
7.076291236840188958e-02
6.670457359962164712e-02
6.780758972093463288e-02
6.805931448191404609e-02
6.721383671835065576e-02
6.651006093248724993e-02
7.568087896518409241e-02
6.678727093152701799e-02
7.321408866159617723e-02
6.726618013530970275e-02
7.352262670919298970e-02
6.715251911804079321e-02
6.882712173089385044e-02
6.939360870420932526e-02
6.843006706610321732e-02
8.642945747263729162e-02
7.040097477100790146e-02
6.892424926348030001e-02
7.528266068827360602e-02
6.706626955978572946e-02
6.975327049195766127e-02
7.952138753142207195e-02
6.978059237450361108e-02
7.165531156212091857e-02
7.509880322590470336e-02
7.437176578864455878e-02
8.765703977458179363e-02
7.185948060080409039e-02
7.055999965220689785e-02
