9.191957170143723321e-02
6.170561939477920560e-02
5.837982870638370320e-02
5.656675517559051763e-02
5.499430419877171516e-02
5.423469357192516049e-02
5.331142398528754961e-02
5.275141262449323937e-02
5.223887326195836289e-02
5.180462822318077087e-02
5.125442501157521924e-02
5.124443678185344048e-02
5.091405977495014334e-02
5.042161548510194075e-02
5.006738997064531099e-02
5.007973819971084373e-02
4.982951031066477215e-02
4.960528583265841340e-02
4.964971983805299000e-02
4.940933353267609740e-02
4.929480430670082902e-02
4.901833239942789133e-02
4.875032703392207650e-02
4.869160674512386378e-02
4.855499288998544466e-02
4.849222583696246452e-02
4.849190396256744529e-02
4.852673352696001280e-02
4.802813811227679003e-02
4.815334690734743989e-02
4.776923441328108366e-02
4.806519254110753342e-02
4.781955211423337404e-02
4.787196666933596356e-02
4.767333317548036464e-02
4.762441771104931887e-02
4.752162536606192866e-02
4.741635156795382527e-02
4.754851671867072610e-02
4.746731824241578329e-02
4.725276270881294954e-02
4.735812197439372845e-02
4.701516652479767466e-02
4.702564380131661614e-02
4.705746329389512428e-02
4.713921901769935890e-02
4.703942419961094912e-02
4.689379939809441844e-02
4.690209507942199457e-02
4.654335684143006552e-02
4.669794244691729407e-02
4.664925259537994889e-02
4.654832113534212307e-02
4.655887000262737274e-02
4.665917309932410967e-02
4.632481912150979153e-02
4.641335108317434788e-02
4.647252216003835285e-02
4.645663483999669385e-02
4.636879291385412327e-02
4.635064157657325240e-02
4.636434633284806928e-02
4.632272611372172805e-02
4.635414361022412860e-02
4.602671922184527198e-02
4.625590432435273958e-02
4.609773160889744925e-02
4.621026119217276629e-02
4.601346617564559122e-02
4.613942928612232292e-02
4.585155961103737354e-02
4.590766662731766978e-02
4.597293488681316459e-02
4.564174956642091247e-02
4.580579438246786678e-02
4.572608019225299358e-02
4.577072121202945681e-02
4.570757119916379202e-02
4.574548317119479096e-02
4.564725408330559675e-02
4.568623037077486349e-02
4.550892666913568946e-02
4.565467318519950135e-02
4.568616501986980105e-02
4.543682025745510861e-02
4.559975047595798969e-02
4.575640965253114506e-02
4.532188889570534091e-02
4.544670991599560061e-02
4.543368182145059164e-02
4.522964170202612572e-02
4.537672465667128702e-02
4.540511216968298042e-02
4.535897281020880023e-02
4.536374753341079064e-02
4.531917142681777394e-02
4.508590125478804250e-02
4.512693170458078468e-02
4.529692749492823800e-02
4.532678625546395640e-02
4.525453059002756961e-02
4.509177139028906767e-02
4.514517846517265148e-02
4.521510156802833330e-02
4.527151906862855041e-02
4.498944362625479504e-02
4.503039818257093679e-02
4.521959356963634741e-02
4.498086412437260484e-02
4.485736617818474742e-02
4.503620348870754353e-02
4.501551542431116160e-02
4.498850945383310596e-02
4.500097095035016787e-02
4.476993191055953641e-02
4.504668724723160517e-02
4.500843509100377338e-02
4.487431072629988194e-02
4.466299235820770513e-02
4.511622072197497141e-02
4.463675417937338491e-02
4.504249885678291571e-02
4.482303354889154157e-02
4.471817444078624026e-02
4.485721666365861948e-02
4.463893133215605935e-02
4.484320401214063334e-02
4.457174725830555240e-02
4.464026143774390415e-02
4.488450806587934716e-02
4.483420512638985889e-02
4.466570938937366314e-02
4.459528869949281465e-02
4.468745429068803759e-02
4.447993827983737214e-02
4.477081549353897905e-02
4.466799088753759667e-02
4.450228173285722399e-02
4.460342744365334428e-02
4.453530617058277380e-02
4.446973958052694714e-02
4.454150860197841899e-02
4.428138185292482265e-02
4.438603939488530020e-02
4.448872959241270686e-02
4.434363012202083981e-02
4.451520908623933515e-02
4.450835104100406281e-02
4.437058948911726253e-02
4.431518108583986509e-02
4.453904451802372794e-02
4.445244019851088413e-02
4.434602646157145833e-02
4.407403926365077718e-02
4.429819814860820604e-02
4.424573260359466326e-02
4.420973979867994647e-02
4.406304619275033807e-02
4.419138715602457385e-02
4.414529704488814182e-02
4.417087987065314997e-02
4.420004215091467153e-02
4.416169595904648193e-02
4.423663500696420336e-02
4.416719096712767856e-02
4.424851215444505076e-02
4.418486252427101385e-02
4.410484017804264939e-02
4.421857496723533010e-02
4.422452911734581216e-02
4.415454522706568213e-02
4.413456469774246216e-02
4.399518707767129111e-02
4.404817749746144095e-02
4.404485679231583822e-02
4.427152572199702374e-02
4.421951590105890895e-02
4.409905169159174243e-02
4.399155969731509408e-02
4.404146239161491061e-02
4.411163702607154985e-02
4.405766734853387018e-02
4.394131280481815283e-02
4.386352865956723995e-02
4.410188564099371683e-02
4.399427635595202363e-02
4.405122228898108311e-02
4.377184557728469594e-02
4.384986147284507946e-02
4.397037559188902295e-02
4.398939291946590141e-02
4.383276582695543738e-02
4.375774071551859212e-02
4.377842641435563537e-02
4.373809249140322292e-02
4.388201509602367850e-02
4.381190516985952743e-02
4.382394895888865050e-02
4.391212970018387035e-02
4.394717658869921884e-02
4.375597035512328314e-02
4.373969678767025693e-02
4.384731908328830946e-02
4.368277056142687992e-02
4.394044241867959416e-02
4.386369643732905554e-02
4.402921684086322923e-02
4.379818046465516063e-02
4.376512972638010868e-02
4.370508201420306854e-02
4.372112720273434866e-02
4.373329686000942962e-02
4.382179797627031720e-02
4.372836228460073166e-02
4.368104255758226140e-02
4.364945169538259756e-02
4.372456802986562224e-02
4.363525655120611274e-02
4.369454099796712260e-02
4.366683926433324869e-02
4.357544950209558260e-02
4.356731791049241881e-02
4.377985853701829577e-02
4.367142268456518372e-02
4.371070268563926470e-02
4.367929851636290217e-02
4.351817738264798785e-02
4.347482055425643671e-02
4.364389360882341834e-02
4.370200529694557440e-02
4.377176456153392820e-02
4.371884600259363929e-02
4.364557700231671417e-02
4.359167641960084300e-02
4.345122694969177218e-02
4.343748265877366010e-02
4.351304532960056926e-02
4.350831203162670163e-02
4.334987220354378362e-02
4.357223484665155577e-02
4.361478526145219636e-02
4.359178723767399843e-02
4.358281790278852041e-02
4.317385182715952063e-02
4.354992311447859060e-02
4.364416184835136214e-02
4.328330907039344005e-02
4.331248347647487923e-02
4.347512871026992798e-02
4.325139882043003980e-02
4.324477389454841475e-02
4.324574623256921546e-02
4.350535172969102748e-02
4.353805372491478809e-02
4.340454987250268182e-02
4.345959822647273846e-02
4.334315558895468490e-02
4.329058998264372071e-02
4.336869063787162498e-02
4.328372743912041465e-02
4.323972778394818278e-02
4.332246994599699835e-02
4.337872997857630114e-02
4.337360736913978970e-02
4.319726810790598670e-02
4.339654603041708664e-02
4.326284819282591454e-02
4.315648516640067239e-02
4.327367858029902009e-02
4.349356903694569926e-02
4.328892380930483147e-02
4.328223489224911069e-02
4.306439769454300376e-02
4.329380949959158592e-02
4.335858424194156957e-02
4.334539129398762985e-02
4.328171137720346340e-02
4.317184879444539714e-02
4.312841235660016398e-02
4.342965364456177063e-02
4.309288019314408413e-02
4.328548425808548955e-02
4.328918681479990149e-02
4.325876165181398447e-02
4.319477824494242363e-02
4.323262319900095241e-02
4.339227533899247397e-02
4.312456458806991633e-02
4.305804424919187912e-02
4.317939120344817944e-02
4.327060803771019121e-02
4.332771875895560093e-02
4.336659644730388868e-02
4.316218149848282531e-02
4.286803068593144500e-02
4.315746905282139695e-02
4.323222000151872441e-02
4.319443377666175310e-02
4.307720929384231678e-02
4.314521951600909511e-02
4.308111337944865032e-02
4.321634197607636396e-02
4.289972557686269616e-02
4.314208216033876137e-02
4.301878803409635993e-02
4.303509850986302065e-02
4.313238109461962899e-02
4.305327904410660017e-02
4.299679926596582102e-02
4.309802634641528296e-02
4.309617916122079201e-02
4.327225920744240395e-02
4.287752774544060369e-02
4.309108601883053502e-02
4.297911714762449320e-02
4.294828206300735363e-02
4.309573138132691272e-02
4.302186327055096404e-02
4.298558931797742677e-02
4.299436819739639593e-02
4.265857571735977988e-02
4.276740187779069086e-02
4.302688481286168209e-02
4.311798991635441836e-02
4.301482972688972645e-02
4.304643345065414795e-02
4.310983953066169910e-02
4.319319061934948079e-02
4.293855655938386834e-02
4.289297921583056644e-02
4.310663653537630952e-02
4.284517046995461181e-02
4.299121758900582846e-02
4.283528700470924655e-02
4.293097930960357300e-02
4.287317185662686825e-02
4.287967858836054524e-02
4.300929815508425236e-02
4.288945592939853724e-02
4.297492203302681613e-02
4.299026515334844478e-02
4.293678511865436920e-02
4.275447316467761993e-02
4.291421132162213242e-02
4.283030406571924908e-02
4.296719091944396773e-02
4.258466351777315251e-02
4.274200243875383998e-02
4.293019337579608019e-02
4.285762893967330622e-02
4.272499064914882239e-02
4.296498084440827231e-02
4.296914909966290108e-02
4.300836523994803345e-02
4.287460711784660955e-02
4.277324009686708783e-02
4.287880640476941785e-02
4.286798684857785757e-02
4.291975720785558279e-02
4.275312120094895696e-02
4.282301927916705442e-02
4.282232621684670115e-02
4.262597270309925052e-02
4.286513779312372402e-02
4.286181137897074334e-02
4.292792987078428157e-02
4.290993370115756683e-02
4.281950931996107018e-02
4.267194594256579904e-02
4.268691548146307663e-02
4.271979177370667513e-02
4.297681594267487720e-02
4.267684618942439723e-02
4.289301971904933147e-02
4.286224586889147981e-02
4.274615604430437310e-02
4.268947126343846515e-02
4.266790152527391577e-02
4.273026849143207045e-02
4.267167216166854044e-02
4.273621866479516279e-02
4.269354294054210353e-02
4.274085326120257572e-02
4.260261289775371663e-02
4.259760945104062307e-02
4.255840153433382289e-02
4.269541350193321871e-02
4.288145667873322769e-02
4.267017480917274785e-02
4.260905738919973373e-02
4.257278511300682800e-02
4.263282380998134613e-02
4.271539664827286864e-02
4.269678405486047185e-02
4.263053672388195797e-02
4.270291335880756212e-02
4.256608773954212444e-02
4.270313533954322310e-02
4.264990797266363792e-02
4.280511566437780746e-02
4.251935558393597769e-02
4.261164106428623477e-02
4.270654801279306217e-02
4.262297922745347106e-02
4.281578716821968222e-02
4.246726074256002709e-02
4.256472229957580788e-02
4.263403189368546176e-02
4.274989658966660278e-02
4.266934930346906463e-02
4.270811865106224903e-02
4.254114939831197401e-02
4.269082618877291513e-02
4.244996120221913166e-02
4.260354918427765314e-02
4.254261113703251135e-02
4.262220756150782164e-02
4.252680183388293095e-02
4.261946954764425644e-02
4.255247020162641891e-02
4.255179390311240872e-02
4.256538257002830811e-02
4.236325233243405652e-02
4.251690864562988198e-02
4.259584762156009424e-02
4.248942432925104790e-02
4.267688172869384122e-02
4.269524735398590870e-02
4.253380872309207861e-02
4.242827041074633682e-02
4.259799579158425609e-02
4.258567909710109234e-02
4.249168556183576667e-02
4.249645393341779792e-02
4.247191712260246083e-02
4.272699463181197505e-02
4.262385535985231677e-02
4.263106576167047246e-02
4.248250549659132735e-02
4.255896826274693096e-02
4.220541562885046089e-02
4.246861340478062796e-02
4.229982855729758767e-02
4.253639090806245887e-02
4.286779173649847563e-02
4.262502285651862538e-02
4.241117061115801112e-02
4.245645462535321824e-02
4.253210142254829074e-02
4.249823866412043294e-02
4.241106398403644839e-02
4.245087595656513862e-02
4.246188268996774900e-02
4.247231950983405141e-02
4.246454898267984501e-02
4.254721831530332288e-02
4.245703267864883029e-02
4.227839036844670967e-02
4.254149349406361608e-02
4.241124592721462472e-02
4.259318673983216591e-02
4.248359381221234604e-02
4.231997882947325512e-02
4.226199159398674743e-02
4.228075794875621463e-02
4.223587395623326635e-02
4.232753359712660562e-02
4.240361722186207494e-02
4.233700332231819796e-02
4.222935806028545180e-02
4.253528348170220602e-02
4.237124882638454437e-02
4.227817116305231798e-02
4.222340022213757343e-02
4.240242760628461921e-02
4.253285208716988536e-02
4.234010688029229974e-02
4.229627897962928013e-02
4.248945637606084402e-02
4.235011608339846190e-02
4.237867258489132205e-02
4.239958091638982435e-02
4.228006320074200602e-02
4.223004811443388518e-02
4.248964076861739408e-02
4.234136303886771452e-02
4.222999014891683917e-02
4.244715274311602199e-02
4.222616797313093889e-02
4.210958980023860737e-02
4.238778713159262884e-02
4.223403867334127315e-02
4.247196922078728953e-02
4.239354771561920643e-02
4.242609160952270225e-02
4.225911776535212772e-02
4.232913493178784570e-02
4.238989850506186263e-02
4.220239108428359281e-02
4.222837070003152005e-02
4.229105239734053806e-02
4.239742108620703220e-02
4.229789280332624940e-02
4.225804598070680845e-02
4.231133230961859476e-02
4.234066433273255686e-02
4.231585237197577759e-02
4.218382275663316167e-02
4.230439893901347809e-02
4.241612487472593701e-02
4.251833346672356101e-02
4.250709523446857818e-02
4.234236897900700569e-02
4.226433509960770413e-02
4.248350688256323504e-02
4.208488355390727770e-02
4.235736269503832113e-02
4.237562361173331793e-02
4.219662722200154953e-02
4.213928082026541233e-02
4.226735291071236078e-02
4.224293125793338044e-02
4.228719671256839924e-02
4.227325862273573903e-02
4.229590998962521470e-02
4.197460548952221954e-02
4.223899256438017058e-02
4.226075353100895715e-02
4.222951122559606696e-02
4.229488831013441391e-02
4.231083273887634166e-02
4.214998520910739899e-02
4.203283151611685725e-02
4.221361336298286998e-02
4.213394333608448672e-02
4.220788639970123740e-02
4.226066169328987487e-02
4.220136396586895294e-02
4.221732540056109123e-02
4.225709035992622487e-02
4.198196211829781366e-02
4.217785976827144456e-02
4.217745994217694111e-02
4.215389517135918057e-02
4.209836307913064624e-02
4.226678610779344841e-02
4.205308636650442744e-02
4.213665134273469198e-02
4.238177037797868224e-02
4.215508497320115400e-02
4.236255662515759496e-02
4.232530194334685469e-02
4.205815452151000222e-02
4.208997635170817070e-02
4.221415970474481916e-02
4.204626589082181148e-02
4.215142085216939255e-02
4.213275353424251329e-02
4.212500079534947650e-02
4.222751924768090165e-02
4.211764158681034764e-02
4.216138650663196763e-02
4.220023320056497801e-02
4.192131499759852581e-02
4.214600219391286678e-02
4.220890939235687200e-02
4.209427634254098161e-02
4.226055034436285163e-02
4.213842011056840448e-02
4.207458160817623138e-02
4.204487718641757715e-02
4.199636708013713277e-02
4.211655916646123154e-02
4.209081242792308414e-02
4.195936508476734439e-02
4.214170218445360827e-02
4.216317918151617217e-02
4.219358137808740250e-02
4.204402468167245388e-02
4.228965922258794141e-02
4.199813317507505167e-02
4.194175347685814154e-02
4.198875417001545624e-02
4.219168029725551411e-02
4.211218181997537779e-02
4.202921794727444704e-02
4.191101000644266439e-02
4.210689880885183645e-02
4.196334604173898586e-02
4.214668388478457622e-02
4.199896518141030960e-02
4.205450663343071604e-02
4.193348222412168758e-02
4.212111311033368138e-02
4.203652603551745470e-02
4.214749662205576758e-02
4.208455270156264555e-02
4.214572709053755056e-02
4.195255988277495074e-02
4.199030329473316808e-02
4.187566217035055410e-02
4.195053854025900669e-02
4.201340239495039014e-02
4.204890024848282476e-02
4.197835461236536225e-02
4.192770041525364227e-02
4.207155527547001839e-02
4.206913615576923088e-02
4.218857256695628111e-02
4.197266944684088091e-02
4.225059697404504044e-02
4.199834923259913866e-02
4.205253411084413501e-02
4.216731479391455650e-02
4.204032722860574778e-02
4.209466928616165809e-02
4.204298019409179882e-02
4.221615316346287450e-02
4.202654353342950150e-02
4.200262322090566464e-02
4.212669821456074826e-02
4.209736651740968172e-02
4.217285756021738052e-02
4.206749554723501067e-02
4.209179416298866605e-02
4.204147567972540966e-02
4.199709572829306292e-02
4.216245224699378263e-02
4.188736376352607954e-02
4.194432735443115456e-02
4.190952976234257193e-02
4.205808476544916491e-02
4.186216615140438135e-02
4.209446343593299666e-02
4.203457761555910027e-02
4.199668652378022587e-02
4.193033566698432107e-02
4.205973587930202789e-02
4.191925538703799442e-02
4.197874030098319026e-02
4.202248574234545425e-02
4.186393763870000645e-02
4.186692654155194787e-02
4.207615798339247454e-02
4.184213806875049929e-02
4.210617512464523426e-02
4.190253946930169726e-02
4.179623119533062287e-02
4.193797723390162158e-02
4.185564402490854485e-02
4.197360349819063974e-02
4.182185935787856301e-02
4.181457588449120216e-02
4.176603116095065765e-02
4.198285962454974957e-02
4.189995592460036417e-02
4.205016170628368688e-02
4.188223569653928141e-02
4.191850552335381341e-02
4.180606179870664796e-02
4.181359264999628261e-02
4.200060244649648361e-02
4.190018111839890341e-02
4.202632768079638675e-02
4.163716378621756808e-02
4.171550975181162468e-02
4.186792506836354427e-02
4.193666355684399355e-02
4.177590241655707026e-02
4.175752910785376915e-02
4.205130808986723423e-02
4.193261709995568104e-02
4.174239565618335923e-02
4.181757147423922905e-02
4.200311031192541233e-02
4.170975391753017902e-02
4.163523289375006819e-02
4.183866810053586682e-02
4.166243434883654118e-02
4.182517241686582732e-02
4.186997750774026222e-02
4.194369298405944968e-02
4.192419143393635861e-02
4.186656670644879619e-02
4.214186394587159101e-02
4.190441412851214631e-02
4.165810039266944209e-02
4.168647010810673514e-02
4.179401792585849679e-02
4.193470698781311817e-02
4.190621144138276244e-02
4.170821388252079348e-02
4.180163225159048979e-02
4.172613426111638352e-02
4.189681754447519696e-02
4.198211059905588433e-02
4.193725259043276643e-02
4.186729913577437456e-02
4.171186928637325708e-02
4.179018922150135040e-02
4.180222555063664580e-02
4.202821731567382701e-02
4.175279030576348194e-02
4.185721833258867347e-02
4.175593703985214233e-02
4.183594157919287571e-02
4.184579517692327277e-02
4.183669023215770555e-02
4.185636253096162995e-02
4.199026614427566612e-02
4.187737269327044404e-02
4.188515728339552852e-02
4.172014458104968126e-02
4.205135966651141893e-02
4.188902952708303817e-02
4.180270848795771682e-02
4.190855117514729472e-02
4.192728689871728226e-02
4.192536583170294873e-02
4.182735324837267427e-02
4.182902288623153997e-02
4.159898567944764897e-02
4.180401369929313826e-02
4.155156351625919481e-02
4.158812633715570223e-02
4.169605200178921195e-02
4.196653162129223430e-02
4.183719987049698552e-02
4.192097052000463148e-02
4.180726154707372494e-02
4.170158615335822078e-02
4.173503794707358189e-02
4.175520643591881104e-02
4.190081428736448094e-02
4.178764546290039683e-02
4.162105458788573770e-02
4.173793701454996813e-02
4.157510502263903757e-02
4.167737841606140164e-02
4.171956112608313227e-02
4.183568103238940322e-02
4.192001556046306976e-02
4.193386151455343047e-02
4.172951502725481820e-02
4.160964099690318135e-02
4.174061102792620687e-02
4.178166680969298136e-02
4.157490611076355286e-02
4.185829658992588215e-02
4.171599111519753988e-02
4.159992946311831530e-02
4.159605424851178790e-02
4.167836040258407482e-02
4.157426388934254424e-02
4.178167052567004908e-02
4.152497442439198605e-02
4.160867254249751845e-02
4.202833523973822927e-02
4.169842833653092384e-02
4.159999858587980215e-02
4.160801999270916096e-02
4.158757462166249447e-02
4.160906616598367830e-02
4.161227198317647008e-02
4.164758387021720576e-02
4.176285370253026569e-02
4.148301704786717947e-02
4.171359566040337002e-02
4.163947037421166647e-02
4.160686473362147642e-02
4.172148449346423094e-02
4.176671623252332238e-02
4.178666347637772366e-02
4.174868112429976769e-02
4.151638946495950222e-02
4.159774995408951903e-02
4.164051636122167305e-02
4.155648976564407099e-02
4.158444855362176951e-02
4.162322848103940792e-02
4.164365793578326397e-02
4.165129439905285863e-02
4.153758858330548059e-02
4.163076682016253471e-02
4.165747941471636268e-02
4.180261671543121504e-02
4.166415167972445377e-02
4.145596794784069117e-02
4.174968535080551824e-02
4.150602748617529536e-02
4.163304453715682002e-02
4.171108088456094293e-02
4.169492971152067434e-02
4.173207824118435605e-02
4.158618552610278407e-02
4.182779888622462777e-02
4.156701487489044416e-02
4.180043469183147148e-02
4.177636696025729263e-02
4.166396936401724899e-02
4.170566569082438668e-02
4.169779175892471962e-02
4.180473335087299402e-02
4.162085180170833898e-02
4.156832491979003258e-02
4.161753213033080046e-02
4.160953358747065262e-02
4.174440313130617364e-02
4.162718849256634435e-02
4.171261873096227674e-02
4.169673409312963513e-02
4.146343655884265900e-02
4.151668317615985621e-02
4.158344748429954052e-02
4.157755658030509727e-02
4.164249773137271293e-02
4.163512751460075184e-02
4.162339195609092435e-02
4.176213413476943803e-02
4.147645812481641492e-02
4.159000409767031614e-02
4.156039100140333092e-02
4.143114451318979236e-02
4.176975377835333292e-02
4.154648008756339772e-02
4.153711445629596627e-02
4.156112973578274250e-02
4.173803796991706200e-02
4.151168246753513674e-02
4.165169634856283332e-02
4.154136036522686204e-02
4.174439412541687544e-02
4.161707228049636026e-02
4.155956671573221572e-02
4.135620824992656402e-02
4.162469788454473130e-02
4.157589957118034557e-02
4.143174757249653423e-02
4.157526140101253792e-02
4.154303866438567583e-02
4.156393388286232921e-02
4.161710570566356376e-02
4.152579373680054947e-02
4.147874824702739438e-02
4.148997519165277537e-02
4.157574251294136186e-02
4.147470897994935679e-02
4.155579849146306265e-02
4.165301279164850684e-02
4.146562264300882733e-02
4.169627424329519494e-02
4.149794301949441544e-02
4.146944951266050283e-02
4.160413831472396795e-02
4.148579765111207879e-02
4.146350706927478397e-02
4.140428359620273308e-02
4.142378906719386411e-02
4.146388937719166362e-02
4.145758904516697041e-02
4.141008436679840393e-02
4.155778496526181531e-02
4.162565257400274027e-02
4.137452083639800438e-02
4.145698037929832630e-02
4.140960486605763102e-02
4.154957558959722352e-02
4.163102165795862925e-02
4.162996002472937190e-02
4.162363215349614703e-02
4.167318059131502883e-02
4.147690633311867936e-02
4.146806245669722862e-02
4.168700914829969600e-02
4.152777228504419410e-02
4.134434626437723942e-02
4.131604936905205333e-02
4.152663716115057718e-02
4.144951412454247336e-02
4.167244771495461769e-02
4.150634471327066533e-02
4.136007023043930531e-02
4.149348950944840853e-02
4.163003724068402994e-02
4.141649181023240173e-02
4.154513005167245754e-02
4.162842407822608948e-02
4.138654242269694528e-02
4.139970589429139980e-02
4.162217429839074750e-02
4.138150375336408643e-02
4.132453024387359314e-02
4.141733216121792904e-02
4.156077834777534286e-02
4.142290268093347383e-02
4.139751979149877692e-02
4.142678293399512657e-02
4.148741354234516954e-02
4.130533212795853282e-02
4.154625986702740331e-02
4.143414857797324963e-02
4.152779289521277284e-02
4.139348650351167003e-02
4.131472191773354757e-02
4.137979161925613852e-02
4.143596336245537054e-02
4.143117963336408194e-02
4.145869288593530960e-02
4.153886015526950248e-02
4.136954388581216141e-02
4.156055800616741125e-02
4.150958076119422996e-02
4.144113069400191113e-02
4.142809682525694370e-02
4.153062450699507996e-02
4.153917399235070029e-02
4.143069063313305211e-02
4.141897808760404420e-02
4.147412682883441781e-02
4.149473469704389322e-02
4.134854326024651333e-02
4.149846277199685518e-02
4.147804352454841081e-02
4.133505338802933443e-02
4.124404531903565208e-02
4.149476205930113792e-02
4.140924213454127284e-02
4.146516158245503597e-02
4.130168324336409846e-02
4.145871292799711144e-02
4.138450726866722135e-02
4.129418294876813916e-02
4.146452438086271203e-02
4.148636896163224869e-02
4.142649951390921931e-02
4.140805235132574702e-02
4.140530556440353421e-02
4.143469003960489894e-02
4.140570238232612471e-02
4.161007570102810693e-02
4.141353687271475542e-02
4.132161280140280585e-02
4.136561063118279064e-02
4.138448814861476338e-02
4.142021438106894410e-02
4.146376009099185522e-02
4.139271246269345117e-02
4.140249606221914347e-02
4.142234887927770393e-02
4.154976740479469216e-02
4.147835698910057323e-02
4.136597191914916094e-02
4.138210144825280046e-02
4.142553048208355571e-02
4.152563374489545711e-02
4.133828664198517522e-02
4.139333468861877696e-02
4.145852474495768242e-02
4.130632068961858500e-02
4.137175282463431691e-02
4.136015453375876255e-02
4.143081074580549916e-02
4.142994985915720435e-02
4.129862953908741696e-02
4.128839000128209369e-02
4.144747071899473889e-02
4.120159904472529833e-02
4.138495618477464055e-02
4.135851413011550765e-02
4.129876011982560463e-02
4.137584639713168255e-02
4.128377882763743095e-02
4.134262219071388467e-02
4.164732753299176665e-02
4.136564438231289664e-02
4.144210219383239607e-02
4.131937785074114855e-02
4.134874106384813647e-02
4.137956305406987473e-02
4.134824379347264850e-02
4.127975130453705871e-02
4.130143275484442905e-02
4.146641086786985453e-02
4.135255207307636516e-02
4.126845296472311103e-02
4.131523861549794840e-02
4.124691398814320231e-02
4.131631873548030631e-02
4.145633806474506577e-02
4.145476520992815578e-02
4.137938863597809963e-02
4.133724725805223293e-02
4.120787671767175281e-02
4.146031031385064014e-02
4.124648307450115570e-02
4.143967949785291871e-02
4.140800971537828695e-02
4.128164720721543002e-02
4.135822357609868216e-02
4.132268835790455647e-02
