7.378650086931884400e-02
6.716039775870739914e-02
6.372895210050046055e-02
6.208574580028652923e-02
6.026894299313426129e-02
5.900758152827620395e-02
5.829347817227244211e-02
5.737477420829236591e-02
5.682820667978376317e-02
5.639176395721733764e-02
5.630650712177157069e-02
5.621689444407820813e-02
5.534077735152095889e-02
5.482704984489828598e-02
5.653667718404904036e-02
5.443849767092615033e-02
5.460170493461191654e-02
5.427057661581784209e-02
5.402976839337497728e-02
5.456597151234746090e-02
5.499043975491076791e-02
5.358980683609843032e-02
5.371737262234091426e-02
5.376515457872301645e-02
5.307824265211820436e-02
5.439748134464025831e-02
5.255576364230364617e-02
5.299463137052953104e-02
5.260876870248466786e-02
5.228516004513949350e-02
5.212058374658226634e-02
5.232862856704741800e-02
5.196345041505992524e-02
5.200360992923378639e-02
5.281480113510042540e-02
5.205907584168016633e-02
5.227049900684505729e-02
5.207753493450582166e-02
5.149248027009889483e-02
5.161465463228523398e-02
5.149393683532253047e-02
5.162809647386893547e-02
5.129736720118671656e-02
5.182535384315997695e-02
5.118042064364999866e-02
5.111291515175252903e-02
5.132484850939363075e-02
5.102975507732480931e-02
5.126943536568433213e-02
5.129868807038292372e-02
5.088146320078521662e-02
5.100269832182675878e-02
5.105894504114985577e-02
5.111899025738239621e-02
5.117236618883908017e-02
5.082389855990186028e-02
5.072574255289510198e-02
5.076313460012897572e-02
5.080831649247556647e-02
5.065345385111868354e-02
5.076689244946464702e-02
5.067641646601259847e-02
5.058724312577396465e-02
5.018052455969154724e-02
5.026141814654692952e-02
5.040743471821770155e-02
5.075308148516342183e-02
4.998493974097072828e-02
5.040766142075881612e-02
4.997528174426406344e-02
5.017787266056984719e-02
5.028346023987978475e-02
5.027291338425129985e-02
5.005342593882233099e-02
5.010619037551805599e-02
5.025648459093644965e-02
5.008073711534961892e-02
5.007324066944420643e-02
5.016293711261823884e-02
4.977416927460581036e-02
4.980975469574332182e-02
4.954750390024855594e-02
4.965935782529413978e-02
4.953375075012445700e-02
4.959362786496058356e-02
4.952497390564530866e-02
4.986858815653249372e-02
4.951083238236606010e-02
4.970878398045897734e-02
4.946160907158628217e-02
4.961501666810363281e-02
4.945421747630462245e-02
4.935933531494811344e-02
4.957876034080982430e-02
4.978959118248894866e-02
4.928114539245143783e-02
4.945955603150650748e-02
4.932150776963681316e-02
4.944073508493602304e-02
4.916856617201119384e-02
4.950804244959727124e-02
4.925928504206240205e-02
4.925438140518963170e-02
4.914447416551410985e-02
4.905628985958174204e-02
4.891957245767116630e-02
4.918038642266765043e-02
4.918336371658369593e-02
4.906638744287192960e-02
4.917470376472920374e-02
4.891227693762630058e-02
4.921659327112138521e-02
4.881248008692637419e-02
4.911406664876267342e-02
4.951198203489184241e-02
4.868637436535209334e-02
4.885362179251387382e-02
4.914090140257030420e-02
4.896821397123858610e-02
4.882482323329895985e-02
4.884578416589647337e-02
4.910481307189911576e-02
4.901281285332515641e-02
4.907957303570583546e-02
4.899555477313697477e-02
4.859187117544934431e-02
4.887609849218279429e-02
4.859008660772815014e-02
4.844989839941263310e-02
4.889138792641460618e-02
4.852894575335085087e-02
4.857667559757828518e-02
4.860230158781633086e-02
4.871222845278680436e-02
4.853759089251979963e-02
4.854001727188005794e-02
4.903605691390112292e-02
4.921647620620205749e-02
4.872592537431046089e-02
4.841204774333163902e-02
4.878499879967421182e-02
4.830627522896975556e-02
4.859859061660245366e-02
4.827537820907309984e-02
4.840191271854564492e-02
4.837882617721334100e-02
4.828626346308737688e-02
4.847347103292122539e-02
4.840368763776495969e-02
4.850939289899543205e-02
4.834507133346051255e-02
4.849967472720891071e-02
4.834581418195739444e-02
4.805186293087899962e-02
4.816561798565089508e-02
4.819312547333538810e-02
4.850441281218081935e-02
4.818558383965864528e-02
4.833587860921397666e-02
4.890872768824919975e-02
4.846429676748811866e-02
4.833439095644280481e-02
4.806275923736393757e-02
4.820507430238649138e-02
4.846716408384963565e-02
4.800967960152775077e-02
4.814467131393030536e-02
4.844508091453463006e-02
4.798366353381425253e-02
4.823792157927528357e-02
4.824115655850619300e-02
4.807581322733312651e-02
4.848165043862536633e-02
4.820829918142408022e-02
4.816422454314306378e-02
4.819072858896106260e-02
4.833553386153652959e-02
4.785327663877978616e-02
4.794473873218521587e-02
4.790573960170149692e-02
4.789129540324211370e-02
4.805588485905900459e-02
4.835836773039772774e-02
4.803568502888083680e-02
4.823791488306596736e-02
4.830969632603228370e-02
4.794605861417949172e-02
4.819431678624823412e-02
4.792971716495230544e-02
4.801596711389720384e-02
4.783870208775624355e-02
4.801185621647164475e-02
4.786515174899250158e-02
4.779182676691561688e-02
4.754543444607407104e-02
4.781664553098380344e-02
4.794388077687471855e-02
4.802306808764114643e-02
4.773156432434916274e-02
4.767045808257534822e-02
4.750545392511412723e-02
4.767378828953951903e-02
4.745350947836413785e-02
4.766058834735303895e-02
4.779299473622813932e-02
4.779867587378248267e-02
4.804799317847937429e-02
4.776664009317755505e-02
4.764810279477387639e-02
4.769943717867135974e-02
4.787664337083697569e-02
4.791477525141089877e-02
4.786469722865149129e-02
4.754960834048688190e-02
4.776455636834725516e-02
4.722237029811367226e-02
4.773112794617190985e-02
4.774412637809291593e-02
4.740606327541172643e-02
4.777487327111885201e-02
4.748371129389852147e-02
4.771748661063611452e-02
4.747593800770118916e-02
4.745862388750538008e-02
4.772450221469625581e-02
4.745971543714404273e-02
4.759871098445728199e-02
4.796742886304855569e-02
4.755613885121420109e-02
4.749307386344298748e-02
4.765811383025720521e-02
4.740907941944896842e-02
4.734103055205195892e-02
4.747337527573108895e-02
4.734996785875409536e-02
4.720350756775587575e-02
4.741944835055619811e-02
4.758146331878378849e-02
4.735468312632292592e-02
4.741493828129023091e-02
4.755392597289755802e-02
4.765676858369261026e-02
4.737016357481479978e-02
4.723732611630111766e-02
4.730734881246462242e-02
4.733170688850805302e-02
4.728668981697410623e-02
4.743499984731897740e-02
4.734185248846187882e-02
4.735944352811202740e-02
4.752865810180082612e-02
4.722343365894630246e-02
4.734934552339836733e-02
4.731302522821351914e-02
4.715216865064576074e-02
4.727720805210992860e-02
4.738195932470262023e-02
4.704180004075169536e-02
4.729846487985923942e-02
4.685602784156799039e-02
4.717038280097767683e-02
4.745262770215049469e-02
4.706344762584194208e-02
4.771427650703117390e-02
4.675532337510958369e-02
4.754800723399967011e-02
4.694804416038095979e-02
4.699425557162612704e-02
4.715730313211679431e-02
4.721583052305504402e-02
4.710989053593948178e-02
4.724356146994978384e-02
4.706463110167533048e-02
4.722199367359280336e-02
4.745478501543402838e-02
4.710072474088519701e-02
4.748109136940911745e-02
4.697962689446285450e-02
4.737507309298962660e-02
4.697495175059884787e-02
4.697817397536709766e-02
4.718460716772824443e-02
4.690769217442720962e-02
4.721087187062948665e-02
4.729891812661662920e-02
4.699040245264768378e-02
4.688808248611166934e-02
4.706564398016780532e-02
4.721476192818954698e-02
4.723068269900977667e-02
4.738002817612141371e-02
4.697160474490374299e-02
4.706200023880228317e-02
4.724393739597872177e-02
4.698739726794883692e-02
4.721227589761838039e-02
4.661464695818721971e-02
4.731860323576256300e-02
4.688172352965921247e-02
4.700011715525761330e-02
4.718638567021116864e-02
4.684705615974962822e-02
4.722085906425491086e-02
4.714445733232423830e-02
4.704860665835439854e-02
4.730917758075520174e-02
4.708180975168943516e-02
4.702880109194666064e-02
4.720839038258418247e-02
4.668745537521317573e-02
4.700630712322891036e-02
4.694663411704823319e-02
4.713181065861135610e-02
4.669127875473350064e-02
4.712011466035619101e-02
4.708630105014890294e-02
4.697271105367690353e-02
4.724172432674095257e-02
4.681858323980123138e-02
4.676116661867126684e-02
4.701462861383334108e-02
4.682292871875688711e-02
4.680383844068274068e-02
4.701113817282021046e-02
4.715571697568520654e-02
4.687774650054052361e-02
4.686392686096951116e-02
4.667552376165986366e-02
4.683386806864291152e-02
4.699120564386248533e-02
4.670824713772162712e-02
4.699572553858161195e-02
4.659886145265772911e-02
4.691970111802220428e-02
4.712550069903954919e-02
4.677670137258246874e-02
4.712628995534032250e-02
4.679717427585274037e-02
4.709059902001172526e-02
4.693024120992049519e-02
4.665342571912333564e-02
4.681385657982900517e-02
4.683709055650979447e-02
4.695811394834890906e-02
4.680360053200274817e-02
4.667714742012321616e-02
4.659561842912807866e-02
4.677441568113863135e-02
4.677303221542387923e-02
4.679903517942875929e-02
4.669821394141763365e-02
4.668050032109022363e-02
4.678492494160309267e-02
4.668229382950812856e-02
4.664486967027187125e-02
4.671143065439536946e-02
4.664952629711478782e-02
4.654913217062130876e-02
4.691266039153561135e-02
4.659055861644446905e-02
4.652919836807996312e-02
4.668327059596776712e-02
4.667544159106910145e-02
4.716206639073788898e-02
4.669574609259143777e-02
4.671195847913622856e-02
4.643694571452215009e-02
4.678010463248938322e-02
4.668599138502031731e-02
4.685342452954500969e-02
4.658340759808197312e-02
4.633932424942031197e-02
4.666917830007150797e-02
4.652918437961488934e-02
4.651208445429801802e-02
4.674593194155022419e-02
4.656539229908958355e-02
4.676679320866242162e-02
4.675220402190461561e-02
4.681826020590960924e-02
4.660093055339530055e-02
4.660176625940948975e-02
4.672704868484288399e-02
4.634932347107678652e-02
4.660452356096356913e-02
4.648308082250877937e-02
4.647258627461269692e-02
4.689077638089656636e-02
4.670378676848486316e-02
4.672340800985694265e-02
4.662684855284169455e-02
4.691754881525412452e-02
4.647042934782803086e-02
4.635833937209099531e-02
4.683574124472215938e-02
4.676785721443593724e-02
4.652823389740660953e-02
4.649807851295918032e-02
4.657473074970766569e-02
4.654056573985144302e-02
4.660173809854313565e-02
4.624273181660101123e-02
4.637455094838514869e-02
4.648980253143236013e-02
4.657753576990217304e-02
4.641285517020150853e-02
4.632149190176278186e-02
4.634005689062178218e-02
4.644870858173817674e-02
4.669421475147828710e-02
4.656877419678494279e-02
4.643160121981054766e-02
4.631006218492984827e-02
4.643032724503427799e-02
4.636179134482518172e-02
4.640154763590544768e-02
4.648312881588936157e-02
4.637697718339040681e-02
4.657139663584530104e-02
4.649999204790219998e-02
4.676150663755834075e-02
4.634279673686250711e-02
4.642621791455894820e-02
4.635352085111663079e-02
4.630478302948176639e-02
4.638744939351454460e-02
4.651660786941647779e-02
4.643351348582655524e-02
4.634433025959878993e-02
4.623444410739466215e-02
4.647255611605942416e-02
4.635329141281545329e-02
4.619287362322211515e-02
4.640392385423183774e-02
4.635119212092831537e-02
4.622869316022842900e-02
4.611910814885050031e-02
4.625678444746881418e-02
4.650559090543538582e-02
4.642092377878725279e-02
4.622545529855415225e-02
4.627016469603404542e-02
4.614116039127111324e-02
4.624817844014614959e-02
4.637125805485993457e-02
4.633091600146144878e-02
4.608248466858640147e-02
4.639194492949173104e-02
4.647953212494030512e-02
4.623290542745962795e-02
4.629180864430963716e-02
4.616237801965326210e-02
4.610944714397192251e-02
4.631112291477620935e-02
4.636382663622498623e-02
4.634785410482436530e-02
4.631394397933036311e-02
4.646649147616699338e-02
4.618801159085705876e-02
4.632013004738837203e-02
4.633362124674022392e-02
4.599734629970043953e-02
4.641402627574280071e-02
4.624398591229691990e-02
4.625908756395801652e-02
4.627174152759835207e-02
4.640366278821602547e-02
4.614304116694256663e-02
4.641278997063636585e-02
4.614676645025610896e-02
4.620061305584385880e-02
4.606245801318437083e-02
4.640838244231417636e-02
4.602966259000822874e-02
4.623555971775204082e-02
4.613252087961882547e-02
4.622960019623860439e-02
4.616424198960885489e-02
4.581630861153826451e-02
4.601887785363942274e-02
4.630973673192784190e-02
4.611514490796252835e-02
4.642099936027079682e-02
4.615719360066578014e-02
4.617555052507668623e-02
4.598162683658301580e-02
4.585881616454571402e-02
4.620439506601542456e-02
4.636145911877975062e-02
4.586496605537832005e-02
4.619278744561597372e-02
4.620644515147432491e-02
4.623978191055357762e-02
4.615598001750186030e-02
4.602360887452960209e-02
4.628123973496258564e-02
4.648632711963728015e-02
4.628317726077511851e-02
4.604101518401876314e-02
4.654635727871209161e-02
4.615619667107239560e-02
4.635354042984544953e-02
4.604377332609146944e-02
4.649696851847693463e-02
4.606993666151538297e-02
4.617129073478281470e-02
4.613988880533725218e-02
4.626795722171664349e-02
4.618052721722051834e-02
4.623891870258375891e-02
4.612987954635173332e-02
4.626521091442555023e-02
4.605874359374866056e-02
4.598650113213807039e-02
4.618381409905850804e-02
4.620245126076042569e-02
4.615554021438583732e-02
4.603853143518790714e-02
4.610030494164675530e-02
4.631381623679772103e-02
4.597079350613057780e-02
4.613759188214316964e-02
4.593291262164712202e-02
4.613187977811321339e-02
4.618516277289017730e-02
4.596030585002153918e-02
4.589632596587762264e-02
4.591485537821426988e-02
4.625320700695738363e-02
4.592333321692421838e-02
4.589117777068167647e-02
4.584649379597977026e-02
4.625096969073638070e-02
4.618243232835084200e-02
4.614132929593324495e-02
4.590240048477425838e-02
4.613469884730875270e-02
4.599907545838505252e-02
4.584142697509378112e-02
4.622611471917480175e-02
4.581641272874548837e-02
4.573309045517817001e-02
4.596237026154995076e-02
4.592258682474494036e-02
4.568829593248665416e-02
4.571546938503161239e-02
4.614000573055818816e-02
4.608723291894421120e-02
4.590005644597112966e-02
4.575707866344600611e-02
4.617354647256433769e-02
4.590063174953683961e-02
4.606228686636313491e-02
4.591754363849759324e-02
4.591766533209010875e-02
4.625259108142927567e-02
4.583571943687275024e-02
4.596992634702473657e-02
4.643394078128040142e-02
4.640319824917241848e-02
4.583638220326975016e-02
4.587758806068450296e-02
4.621469489997252766e-02
4.585041254526003862e-02
4.613417832413688191e-02
4.613741539185866464e-02
4.570374970557167932e-02
4.608068319270387098e-02
4.610296315047889698e-02
4.581305221887305157e-02
4.576471101259813046e-02
4.627795924665406568e-02
4.616218870272859737e-02
4.567627598531544264e-02
4.589617719175294319e-02
4.598154868232086356e-02
4.611238165525719662e-02
4.587304218672216133e-02
4.584373261546716150e-02
4.596874562092125721e-02
4.570106860017403988e-02
4.576051579555496379e-02
4.565021405462175302e-02
4.606571178650483572e-02
4.591216940199956131e-02
4.601447832072153715e-02
4.599180039484054155e-02
4.563452427042648252e-02
4.600733764935285158e-02
4.615851741051301554e-02
4.567091433797031835e-02
4.587510057259350932e-02
4.585032576927915160e-02
4.572094161761924846e-02
4.600565106607973354e-02
4.584790403954684679e-02
4.575501913204789439e-02
4.576021461281925412e-02
4.583776241401210649e-02
4.570592983625829109e-02
4.572833241429179879e-02
4.582953504752367707e-02
4.580317606450989842e-02
4.555728195235133476e-02
4.619181856047362145e-02
4.581361396936699942e-02
4.590107994154095372e-02
4.593391204252839088e-02
4.609577823430299759e-02
4.582714110380038675e-02
4.600598954828456072e-02
4.594506166409700887e-02
4.582952269352972424e-02
4.554258688353002293e-02
4.583206481067463728e-02
4.570154417073354208e-02
4.603417107369750516e-02
4.604564447654411335e-02
4.567817591363564078e-02
4.579004529165103810e-02
4.568836337421089411e-02
4.588213837239891318e-02
4.591581630986183576e-02
4.621093140915036312e-02
4.607426574686541987e-02
4.569211069727316388e-02
4.560398719273507651e-02
4.549300119047984536e-02
4.534039713209495059e-02
4.566645861836150094e-02
4.555718668270856281e-02
4.569529282161965966e-02
4.594147188821807309e-02
4.594044678844511759e-02
4.568881977349519702e-02
4.593520370079204329e-02
4.563994575757533007e-02
4.576279735192656517e-02
4.591526391217484737e-02
4.584115783916786063e-02
4.579303867416456564e-02
4.572699615964666287e-02
4.566813681507483208e-02
4.578763512196019209e-02
4.569828967563807631e-02
4.602409713901579186e-02
4.570716529386117943e-02
4.576230722013861080e-02
4.549881563987583089e-02
4.555922017665579860e-02
4.578548220451920947e-02
4.563542928081006089e-02
4.578144217841326885e-02
4.573213471099734501e-02
4.575942003866657892e-02
4.555281996726989746e-02
4.554919072194024698e-02
4.597799764480441781e-02
4.581060077296569832e-02
4.568296926561742771e-02
4.601454736199230011e-02
4.589837037026882338e-02
4.587120309704914578e-02
4.571147548034787400e-02
4.563321066554635458e-02
4.580587326316162833e-02
4.568471880163997578e-02
4.570401905104518048e-02
4.586202693171799460e-02
4.553617483703419760e-02
4.554164971923455735e-02
4.570493859704583689e-02
4.588427301729097740e-02
4.604695759247988407e-02
4.557687953114509388e-02
4.596409230725839734e-02
4.571389575023204060e-02
4.579567572800442854e-02
4.533382368972525139e-02
4.586317447945475329e-02
4.561522484524175441e-02
4.585217519197613140e-02
4.567452971823513647e-02
4.572104242630303100e-02
4.547805378213524985e-02
4.580861635738983639e-02
4.551324121188372179e-02
4.588170616189017614e-02
4.567677272949367817e-02
4.580827345373109094e-02
4.545398581074550776e-02
4.561658101389184927e-02
4.554296739865094229e-02
4.558738712221384326e-02
4.556736430618912176e-02
4.534840500447898798e-02
4.544462894788012242e-02
4.589477878995239929e-02
4.567075542407110500e-02
4.571500490652397053e-02
4.551092498237267053e-02
4.553062008693814500e-02
4.562630521133542033e-02
4.569113472243770818e-02
4.551289411028847098e-02
4.570469000609591465e-02
4.569889023667201428e-02
4.596770544070750281e-02
4.572699632262811065e-02
4.518558447714895315e-02
4.559565998613834131e-02
4.576943065272644218e-02
4.554821709403768237e-02
4.570387908257544235e-02
4.544691927265375603e-02
4.556047825841233467e-02
4.584219975396990748e-02
4.575460454914719033e-02
4.552530045621096949e-02
4.565550445113331079e-02
4.572372226975858489e-02
4.546838932670652783e-02
4.553417890565469861e-02
4.566054792841896248e-02
4.559296154417097346e-02
4.534092628164217154e-02
4.565643924288451810e-02
4.542045319452881619e-02
4.552122101653367087e-02
4.551427670056000518e-02
4.573584101162850996e-02
4.576711766188964331e-02
4.559322072658687774e-02
4.545841763028875271e-02
4.559218771057203107e-02
4.565788991749286652e-02
4.541185693582519556e-02
4.540708851302042298e-02
4.566094865323975377e-02
4.541722266469151031e-02
4.555917244171723418e-02
4.540259874192997813e-02
4.521395640214904976e-02
4.567055705003440075e-02
4.553684187354520296e-02
4.536026425426825659e-02
4.557528010103851362e-02
4.550739855505526316e-02
4.543025060556828837e-02
4.568527483846992338e-02
4.568901226855814207e-02
4.566548762377351661e-02
4.538004897069185944e-02
4.574166058562696008e-02
4.579358858754858236e-02
4.585024484666064271e-02
4.562933781882747702e-02
4.569114116020500660e-02
4.547642485238611448e-02
4.550282819429412456e-02
4.592117766384035127e-02
4.526443440234288740e-02
4.568978172028437257e-02
4.551137203583494051e-02
4.545605155639350498e-02
4.547899259952828399e-02
4.529535457724705172e-02
4.547727317083626736e-02
4.564502221066504828e-02
4.573424746049568196e-02
4.571049352409318339e-02
4.541838601697236605e-02
4.538972007343545362e-02
4.544651410076767234e-02
4.585472261067479599e-02
4.570708213374018863e-02
4.561000387882813839e-02
4.524484984809532678e-02
4.559384975116700239e-02
4.548449309077114144e-02
4.539089428493753298e-02
4.552512981230392997e-02
4.527112369425594779e-02
4.559343239990994168e-02
4.535872022155672256e-02
4.554641782306134701e-02
4.529623427195474811e-02
4.553887787507846646e-02
4.528655688511207950e-02
4.555492907529697100e-02
4.534374053589999842e-02
4.537975829793140098e-02
4.542555279098450804e-02
4.559839308029040722e-02
4.554162673885002455e-02
4.518577402923255881e-02
4.567564649274572647e-02
4.553333755582571196e-02
4.530056725721806621e-02
4.520578670315444220e-02
4.536694327602162902e-02
4.534323806874453883e-02
4.521649827482179113e-02
4.557713033631444199e-02
4.540815682848915735e-02
4.534715348388999867e-02
4.505021102493628887e-02
4.545162273803726033e-02
4.524786928435787364e-02
4.541241766652092532e-02
4.524884067010134792e-02
4.504541666246950765e-02
4.533428924158215689e-02
4.525934824487194696e-02
4.544172219466417750e-02
4.521862242603674753e-02
4.550771528854966053e-02
4.506757696159183896e-02
4.549985508667304945e-02
4.538367660949006732e-02
4.536850964417681042e-02
4.555736210197210145e-02
4.523914096644147953e-02
4.541802876396104638e-02
4.514451688854023703e-02
4.538574609672650639e-02
4.525858003413305020e-02
4.540879438165575099e-02
4.521216782042756371e-02
4.509974535787478200e-02
4.567292400868609714e-02
4.523111783899366745e-02
4.537022945005446395e-02
4.517687115119770058e-02
4.552432931959628920e-02
4.523940139682963713e-02
4.504673233255743897e-02
4.548989198869093920e-02
4.549807744799181514e-02
4.529389738338068100e-02
4.563781445613131205e-02
4.518744600936770717e-02
4.530961178475990947e-02
4.518375942716375271e-02
4.509377052076160575e-02
4.486959242261946007e-02
4.563080884749069754e-02
4.511517264880240269e-02
4.541660772403702251e-02
4.537224460626020778e-02
4.565613207640126237e-02
4.518358888337388468e-02
4.497216728050261458e-02
4.535453167511150491e-02
4.514782456448301895e-02
4.541296451119705702e-02
4.506322503555566100e-02
4.529557703295722382e-02
4.522033018525689618e-02
4.525057590333744773e-02
4.527758965268731395e-02
4.561952779069542580e-02
4.528785109752789251e-02
4.527899106964469039e-02
4.541799294762313699e-02
4.514759713783859929e-02
4.541184436297043825e-02
4.538971579633652859e-02
4.512107599060982688e-02
4.517516254447400542e-02
4.523389945505187221e-02
4.522177911363542413e-02
4.545814305543899314e-02
4.537310037529095758e-02
4.519261196022852922e-02
4.516869956394657659e-02
4.526575454045086988e-02
4.503611823311075291e-02
4.513803390786051695e-02
4.524810802424326234e-02
4.536238080356270325e-02
4.552897654706612035e-02
4.523963517509400900e-02
4.526469741482287701e-02
4.535442851250991170e-02
4.533815481467172448e-02
4.511154125677421800e-02
4.529036344261840041e-02
4.540763155557215464e-02
4.544072535587474759e-02
4.539564154343679603e-02
4.507377244764938784e-02
4.525070801610127369e-02
4.524484294932335643e-02
4.526788500137626792e-02
4.526310151210054949e-02
4.516214090166613404e-02
4.544334688922390536e-02
4.512197635369375598e-02
4.523131797788664671e-02
4.548546769423410241e-02
4.557396957185119724e-02
4.533375787083059744e-02
4.513762690825387502e-02
4.473781639710068536e-02
4.529159806668758143e-02
4.530822210013866341e-02
4.523554678307846466e-02
4.510945140151306765e-02
4.534222823102027067e-02
4.525796787580475128e-02
4.501717033330351198e-02
4.532723764888942075e-02
4.516319652087986275e-02
4.529732292983681269e-02
4.517240627203136794e-02
4.544408579124138009e-02
4.506212849402799897e-02
4.532537365565076498e-02
4.503366434480995245e-02
4.513697795802727036e-02
4.511155645828694022e-02
4.521971063222736398e-02
4.522688142256811594e-02
4.516426998190582048e-02
4.510619763983413771e-02
4.530398534145205908e-02
4.515438889851793730e-02
4.545578748686238818e-02
4.529952869750559358e-02
4.526754763908684420e-02
4.527064937399700312e-02
4.518550143344327724e-02
4.515423986827954428e-02
4.530619230587035196e-02
4.522452767472714269e-02
4.508715166244656181e-02
4.517511377576738374e-02
4.518768296577036631e-02
4.550751477014273322e-02
4.539141988614574241e-02
4.516640158602967803e-02
4.540821656119078259e-02
4.506482661701739084e-02
4.522809882648289037e-02
4.506946826120838273e-02
4.494887793203816012e-02
4.505662770476192430e-02
4.494345773942768490e-02
4.501306019956245741e-02
4.500790097983554255e-02
4.527014141203835468e-02
4.503715301631018575e-02
4.509557940298691142e-02
4.498324720887467154e-02
4.549822204746305915e-02
4.504275429062545161e-02
4.517224757233634369e-02
4.515326855005696166e-02
4.502475792076438693e-02
4.509742907248437405e-02
4.517343106912449086e-02
4.503674691077321629e-02
4.497009261744096958e-02
4.508861452573910411e-02
4.504766663769260021e-02
4.508395681157708473e-02
4.533689776435494145e-02
4.517571940552442961e-02
4.541201516287401291e-02
4.521626966306939444e-02
4.477975835325196524e-02
4.495306671829894102e-02
4.508689928101375366e-02
4.488306478364392782e-02
4.523637174861505628e-02
4.521059083053842464e-02
4.512910866644233299e-02
4.536745864432305264e-02
4.517347524408250881e-02
4.508818292059004612e-02
4.507699579233303416e-02
4.505027583800256391e-02
4.521657136501744390e-02
4.518659032648428969e-02
4.496486486401408966e-02
4.509018477052450374e-02
4.509882186539471149e-02
4.514141377760097495e-02
4.502860470209271021e-02
4.479548961855470829e-02
4.523124453844502846e-02
4.488577915122732298e-02
4.477289897855371570e-02
4.516865094890817889e-02
4.469969518948346127e-02
4.493743814993649693e-02
4.495387766975909166e-02
4.514180973870679514e-02
4.529639783781021917e-02
