2.249933984184265157e+01
6.052548486471176048e+00
2.294138183176517298e+00
1.459232477843761533e+00
7.856386984139680507e-01
3.117463858127593745e-01
2.657737649269402147e-01
2.421198809258639784e-01
1.199799024760723060e-01
1.036757473070174518e-01
9.795723783969878529e-02
8.856903574615716812e-02
8.596490371599793678e-02
7.858966484107077211e-02
7.793747972138226343e-02
7.610996642336249896e-02
7.356059428490697993e-02
7.453609095700085285e-02
7.284609656222164331e-02
7.639922831766307598e-02
7.340220072679221053e-02
7.084319378808140444e-02
7.092542224004864948e-02
7.507681039348244878e-02
7.196754928492009318e-02
7.263721449114382556e-02
7.490814601443708531e-02
7.584481307677924666e-02
7.060330187715589678e-02
7.975977095309644271e-02
7.109686720371245772e-02
7.658849623799324213e-02
7.050631825253367291e-02
6.891652311943471942e-02
7.287700683623551945e-02
7.214951779693365430e-02
6.968748915567994640e-02
7.098212421126663674e-02
6.870462831668555648e-02
6.892037621326745078e-02
7.339306196756660572e-02
7.477114818990231171e-02
7.199147772230207742e-02
6.880651473067700419e-02
6.817062396183609652e-02
7.154442502930760672e-02
6.875353615917265127e-02
6.901489556580782392e-02
6.761349517107009821e-02
7.273220696207136071e-02
8.484788166172801960e-02
7.017084624618291633e-02
6.815663397870957985e-02
6.759390283003449684e-02
6.805287192761898252e-02
7.659338928572834160e-02
6.740951468981802586e-02
6.805997821874916476e-02
7.100272700376808466e-02
6.869250546395778978e-02
6.768449138291179890e-02
6.824572375044227202e-02
7.147691544331610802e-02
7.674263423122465455e-02
6.996849956922232550e-02
7.621353210322559524e-02
6.922544764541090079e-02
6.794838332571088990e-02
6.930856844037770748e-02
6.716343898139894020e-02
6.689355175755917760e-02
6.883680304512380943e-02
6.666293212585151784e-02
7.081583308801055188e-02
7.097833925858139381e-02
7.657167988177389362e-02
6.638005271367729276e-02
6.685079874284564905e-02
6.601909845694899082e-02
7.171416175551711958e-02
6.823321042768656919e-02
6.912686851155012968e-02
6.625547078438102921e-02
6.673621752113104155e-02
7.777499210089444670e-02
6.766986698471010031e-02
6.853800560720264834e-02
6.920996294543146909e-02
6.967640025541185778e-02
6.737486040592192971e-02
6.576472455821931462e-02
7.990566741861403199e-02
6.922029175050556371e-02
7.085863835923374154e-02
6.851083290204405818e-02
6.696280888468027215e-02
6.638473018817603322e-02
6.746642639487981929e-02
6.891723682824522912e-02
7.276957071106880670e-02
