2.049198066815733910e-01
9.162890270352364031e-02
8.605554766952991375e-02
8.106171984225511717e-02
7.835279978811740542e-02
7.722991112619638499e-02
7.570647124201058953e-02
7.458795920014381353e-02
7.498790275305509956e-02
7.317278243601321730e-02
7.461309093981981222e-02
7.471094451844692563e-02
7.202271658927202058e-02
7.142834227532147973e-02
7.158880837261677454e-02
7.084818009287119356e-02
7.213525138795376379e-02
7.176306076347828411e-02
7.112076286226511057e-02
6.867873635143041666e-02
7.030671469867229295e-02
7.138104472309350634e-02
7.195730399340391492e-02
7.044920772314071378e-02
7.009143859148025957e-02
7.102444838732481502e-02
6.935515057295560393e-02
6.590246994048357121e-02
7.055110570043325591e-02
6.801830597221851515e-02
7.270060874521731831e-02
6.582189938053488454e-02
6.980566274374723490e-02
7.006872594356536310e-02
6.862588763237000011e-02
6.677837599068879582e-02
7.105944279581308254e-02
6.513328175991774105e-02
7.181735221296549343e-02
6.999256435781717189e-02
6.843873437494039924e-02
6.855218954384327545e-02
6.775724213570356869e-02
6.974021624773740768e-02
6.841950681060553208e-02
6.480730872601270232e-02
6.837205801159143559e-02
6.778733156621456757e-02
6.901020720601082348e-02
6.506023976951837151e-02
6.658680044114589913e-02
6.903891675174236853e-02
6.728171732276677641e-02
6.783781368285417279e-02
6.602059844881295880e-02
6.120093598961830195e-02
6.865735139697790035e-02
6.955948885530233161e-02
6.543492326512932722e-02
6.807552751153707338e-02
6.721652723848819955e-02
6.654179781675338690e-02
6.572892295196652857e-02
6.326555229723453133e-02
6.705304328352212906e-02
6.357980106025934441e-02
6.643147207796573639e-02
6.792694680392742657e-02
6.681774325668811410e-02
6.717114714905619843e-02
6.821043133735656128e-02
6.779402434825897161e-02
6.605341441929341029e-02
6.640136092901230414e-02
6.341609612107276805e-02
6.376771140843630337e-02
6.744663838297128289e-02
6.674624577164650630e-02
6.667397420853377055e-02
6.360264828428625894e-02
6.533035041764378992e-02
6.448874317109584697e-02
6.632149668410419752e-02
6.454171899706125093e-02
5.994467779994010898e-02
6.661221787333487798e-02
6.553764186799526659e-02
6.294216254726052451e-02
6.684994539245962819e-02
6.727215349674224576e-02
6.473018608987331224e-02
5.582301171496510672e-02
6.687608566135168353e-02
6.434823786839842519e-02
6.646611884236336421e-02
6.327656503766775076e-02
6.463491087779402178e-02
6.258251233026385085e-02
6.461115378886461702e-02
6.030313823372125681e-02
