1.966556402668356851e-01
1.410014890506863516e-01
1.281018244102597181e-01
1.201389451511204187e-01
1.151592486165463891e-01
1.102710615657269966e-01
1.075179588049650220e-01
1.044910816662013575e-01
1.026237326115369830e-01
1.004593964666128103e-01
9.858156351372598936e-02
9.711177363991736755e-02
9.577338146045803746e-02
9.403527135029435269e-02
9.314593505114317218e-02
9.182318374514579495e-02
9.075811434537171818e-02
8.983624413609504755e-02
8.877017755061387960e-02
8.795417960733174778e-02
8.688697984442114719e-02
8.619192156940698457e-02
8.529950952157377975e-02
8.467450426891445781e-02
8.392984103411435526e-02
8.339679565280676277e-02
8.256308889016508723e-02
8.212478240951895381e-02
8.142987549304962769e-02
8.102455405518411979e-02
8.057666344568133188e-02
8.040336668491362970e-02
7.942070998251438141e-02
7.942212015390395785e-02
7.887674340978265142e-02
7.840749975293874463e-02
7.830115461722016168e-02
7.756905904039740340e-02
7.731810303404927642e-02
7.699946843087673853e-02
7.601524449884891621e-02
7.629138043150306137e-02
7.615396305918693820e-02
7.570839948952197418e-02
7.507880857214331571e-02
7.503646843135357292e-02
7.499928403645754471e-02
7.455079058185219709e-02
7.437355164438486099e-02
7.417553413659333517e-02
7.408121731132269461e-02
7.376685928553343430e-02
7.321550912223756535e-02
7.318538691848516797e-02
7.301013605669140483e-02
7.276842521503568140e-02
7.247327494435013007e-02
7.241145877167581846e-02
7.217222843319177905e-02
7.180822227150202020e-02
7.212625941261649465e-02
7.144734588451683022e-02
7.147569321095943728e-02
7.116339613683521359e-02
7.103735311888158266e-02
7.107421141117811758e-02
7.068085425533354726e-02
7.064123933203518557e-02
7.045511803589761535e-02
7.055696320720017400e-02
7.032846312969923130e-02
6.997516340576112603e-02
6.989637547172605769e-02
7.000121180899440687e-02
6.984923902899026205e-02
6.943131497129798047e-02
6.939410992898047137e-02
6.924664896912872958e-02
6.894893738441169873e-02
6.903672324493527468e-02
6.887661221437156589e-02
6.917302973568439928e-02
6.895385058596729955e-02
6.844813636504114285e-02
6.861849567852913723e-02
6.825876342132687624e-02
6.819597693160175944e-02
6.826641947031021618e-02
6.813025592826306431e-02
6.818854168057442156e-02
6.787404239177703691e-02
6.778986336663365975e-02
6.784855468198656980e-02
6.737478776834905647e-02
6.743592665530741270e-02
6.744436789304017466e-02
6.721907800063491034e-02
6.745155024342239236e-02
6.698991911485790984e-02
6.704688639380038118e-02
6.690525437705219236e-02
6.689256116747856196e-02
6.677978279069066159e-02
6.669037310406565611e-02
6.675904938951134071e-02
6.624973598867654745e-02
6.648533402010797788e-02
6.639077449217438420e-02
6.623458935879171505e-02
6.646159723401069697e-02
6.607581997290253029e-02
6.614306216128169880e-02
6.604713967069983371e-02
6.592106838710605488e-02
6.581916568800806611e-02
6.584632582962512970e-02
6.595720658078789433e-02
6.571061111986636893e-02
6.569761049933731112e-02
6.559213594533502834e-02
6.547558521851896962e-02
6.571215461008250713e-02
6.543864322826266344e-02
6.508026314899324760e-02
6.526483067311346364e-02
6.511925313621759470e-02
6.523602066561579038e-02
6.515732183121145105e-02
6.492970943450927790e-02
6.488391572609543412e-02
6.483475428074597646e-02
6.468046537600458112e-02
6.451938503421843218e-02
6.453995640389621757e-02
6.487521904520690552e-02
6.443938167765736469e-02
6.428808861412108056e-02
6.422714086249470267e-02
6.434690115973352997e-02
6.432290174998342436e-02
6.427163319662212992e-02
6.425134512595832847e-02
6.435610370710492800e-02
6.431540244258940331e-02
6.418841926380991492e-02
6.393633618019521625e-02
6.410396218299865834e-02
6.381334636360407042e-02
6.384882426820695511e-02
6.399185793474317097e-02
6.375855412334203998e-02
6.371639847755432295e-02
6.407653278671204822e-02
6.362819963134824786e-02
6.369912774302065317e-02
6.368866230361164282e-02
6.369105347432196806e-02
6.363281311467289258e-02
6.348863481543957910e-02
6.351368154399096577e-02
6.345889635384083238e-02
6.337597280740737971e-02
6.354066950269043890e-02
6.336382778361439316e-02
6.345188457518816105e-02
6.336680021136999186e-02
6.292809889651834743e-02
6.322539843618869837e-02
6.303831350058317073e-02
6.282839302904903722e-02
6.282746997661887989e-02
6.264713881537317675e-02
6.285974822007119045e-02
6.258199150674044475e-02
6.270290826447308397e-02
6.274261381477116983e-02
6.249082062393426784e-02
6.242520368658006219e-02
6.282829741016029979e-02
6.242370878346264335e-02
6.281923361122608573e-02
6.241645922884345166e-02
6.274347233586013983e-02
6.245838260278105403e-02
6.248751751147210709e-02
6.228555380366742472e-02
6.222630409523844525e-02
6.238778140395880023e-02
6.225473382510245124e-02
6.239886632189154542e-02
6.247671633027494092e-02
6.207485725171864310e-02
6.228776534087956257e-02
6.209184329025447396e-02
6.192198831588029834e-02
6.226203311234712601e-02
6.204182977788150199e-02
6.192603180184960698e-02
6.211362242698669628e-02
6.222208263352513313e-02
6.175671920180320768e-02
6.205612568184733224e-02
6.211757189594209472e-02
6.192928797565400850e-02
6.174922698177397196e-02
6.186279770918190479e-02
6.191391217522323326e-02
6.176063118502497784e-02
6.175644260831177068e-02
6.162607488222419938e-02
6.165619777515530392e-02
6.154553706757723980e-02
6.172557378187775584e-02
6.146177538670599683e-02
6.149208009243011669e-02
6.160358678549528177e-02
6.163954185321927209e-02
6.142215448431670444e-02
6.153779905289411684e-02
6.163385583087802044e-02
6.146417759358882571e-02
6.139945607632398689e-02
6.116920046508312475e-02
6.121610848233103447e-02
6.132808142341673180e-02
6.127448271960020398e-02
6.122894129715859834e-02
6.106737896800041449e-02
6.121750427410006801e-02
6.111507054418325452e-02
6.133245212025940224e-02
6.090096248313784516e-02
6.094359120354056469e-02
6.114326455630361701e-02
6.105731550604105023e-02
6.095276549458503862e-02
6.111722464673221417e-02
6.081491830758750661e-02
6.069176495075225691e-02
6.086874530650675241e-02
6.073456097394228093e-02
6.087316454388200931e-02
6.090189116075635234e-02
6.077544246800244132e-02
6.082212884910404710e-02
6.078010957688093074e-02
6.082549605518579316e-02
6.059742749668657613e-02
6.072436001151799989e-02
6.075277967378497207e-02
6.046027177944779396e-02
6.037947964854538385e-02
6.038767006248235703e-02
6.044527322985231849e-02
6.065782762132584938e-02
6.075817528180778304e-02
6.063080810941755966e-02
6.065934024751186426e-02
6.027983102016151035e-02
6.048966150730848007e-02
6.034050833433866196e-02
6.024953717365860717e-02
6.057227460667490709e-02
6.037268332205712740e-02
6.023750644177198327e-02
6.058589698746800339e-02
6.035945015959441606e-02
6.041282846592366945e-02
6.042439338751137007e-02
6.027771929278969570e-02
6.007609993219375361e-02
6.033540602773428130e-02
6.016793176531791409e-02
6.014650923199951760e-02
5.986089085228741419e-02
6.030236560851335442e-02
6.023999299854040229e-02
6.008146308362483784e-02
6.003743295557797260e-02
6.000663761980831734e-02
6.003421618603169835e-02
6.007578639313578689e-02
5.998512096703052798e-02
5.988188447430729811e-02
5.991466523148119422e-02
5.981270087882876313e-02
5.988229760900139892e-02
5.983569351956248561e-02
5.959953129291534202e-02
5.971063471399247480e-02
5.990483342669904177e-02
5.983816197142004939e-02
5.981338385492563497e-02
5.979888652451336578e-02
5.974268221296370057e-02
5.966033016331493549e-02
5.958019623532891107e-02
5.972865751013159419e-02
5.962881631217897133e-02
5.973678172565996536e-02
5.949385922402143645e-02
5.971294280141591776e-02
5.948436711914837499e-02
5.963502149097621441e-02
5.957842665724456116e-02
5.981725472956896106e-02
5.951109020039439118e-02
5.957195449620485139e-02
5.958950356580317020e-02
5.943155708722770020e-02
5.963284649886190641e-02
5.973995355889201442e-02
5.939081515185534732e-02
5.933103169314563052e-02
5.961495298892259542e-02
5.942136799916625245e-02
5.924983869306742895e-02
5.945762583985924471e-02
5.952407202683389353e-02
5.940091874450445508e-02
5.957478051073849395e-02
5.952947610989212796e-02
5.939050865359604692e-02
5.924880707636475535e-02
5.923814333043992547e-02
5.904053517617285224e-02
5.908978128805756486e-02
5.919244424439966401e-02
5.923974549397826445e-02
5.920752347446978092e-02
5.928126572631299551e-02
5.919869418255984533e-02
5.915432046167552749e-02
5.920163496397435471e-02
5.909216101281344891e-02
5.904586751013993912e-02
5.898319907486438557e-02
5.906859006732702311e-02
5.888279546052217761e-02
5.893564091995358301e-02
5.898212256841361273e-02
5.892413365654647350e-02
5.894265601411461525e-02
5.906079765409231325e-02
5.884818758815527073e-02
5.887635550461709638e-02
5.895466820336878189e-02
5.887384884059429502e-02
5.892474315129220264e-02
5.896001848392188466e-02
5.884423753246664779e-02
5.915042420849204313e-02
5.888565921224653971e-02
5.894318516366183619e-02
5.894610439427196841e-02
5.885677352547645513e-02
5.887661351822316702e-02
5.899877256713807749e-02
5.873767391778528940e-02
5.874714224599301982e-02
5.865934802219271993e-02
5.886399356648325948e-02
5.880508010275661834e-02
5.881730957888067074e-02
5.864773415029048836e-02
5.873092100955545902e-02
5.870659674517810650e-02
5.844758900813758207e-02
5.845353196375072113e-02
5.884926524013280730e-02
5.863891665823757482e-02
5.873586486093700099e-02
5.857111198827624071e-02
5.850588932633399991e-02
5.845974601805210141e-02
5.867040313780307742e-02
5.833724156953394580e-02
5.862192459404468731e-02
5.846055445261299360e-02
5.839342176914215365e-02
5.848236578516662065e-02
5.859629099257290114e-02
5.834093639627099120e-02
5.857944147661328649e-02
5.869142812676728105e-02
5.852488748729228751e-02
5.836056420579552317e-02
5.830186563543975076e-02
5.843924043700098742e-02
5.833896452561020823e-02
5.830037998966872831e-02
5.820011124014854570e-02
5.838684270158409767e-02
5.811404228210449024e-02
5.843637068755924702e-02
5.841439527459442449e-02
5.834534464403987042e-02
5.809436130337417015e-02
5.817939562723040831e-02
5.844275292009114969e-02
5.841978202573955281e-02
5.816550668329000667e-02
5.841078995727002482e-02
5.823166209273040322e-02
5.822917649522423716e-02
5.822045932523906009e-02
5.809681828133762133e-02
5.832249418832361615e-02
5.806031978689134287e-02
5.814760878682136841e-02
5.820328793488442620e-02
5.819065987132489987e-02
5.800132673233747427e-02
5.798774986527860387e-02
5.807831620797514888e-02
5.802747936919331467e-02
5.798985552974045277e-02
5.817336024716496246e-02
5.803189430385827935e-02
5.797785377129912460e-02
5.816439306363463402e-02
5.829260747879743548e-02
5.819853220134973276e-02
5.785814792849123395e-02
5.785606147721409492e-02
5.792386732064187804e-02
5.800105222500860636e-02
5.800596367567777828e-02
5.799247549846768546e-02
5.788123495876788815e-02
5.787712659686803512e-02
5.769706347957253428e-02
5.779321252368390532e-02
5.774420176632702462e-02
5.790328416973352516e-02
5.759708737023174624e-02
5.794639267958700407e-02
5.792320143431425178e-02
5.784545854665339160e-02
5.784610602073371466e-02
5.774174172431230379e-02
5.778070682659745133e-02
5.785587586462497683e-02
5.797713777050375605e-02
5.759876588359474914e-02
5.786560925655066800e-02
5.764836340211331595e-02
5.770644592121243477e-02
5.752330697141587457e-02
5.785933610051870180e-02
5.772708276286721285e-02
5.758020935580134697e-02
5.773091011680662327e-02
5.777573596686124552e-02
5.772057800553739154e-02
5.767609795555472124e-02
5.795762409456074044e-02
5.801416982896626107e-02
5.773313923738896541e-02
5.786868028342723874e-02
5.760091454721986970e-02
5.760807297192514081e-02
5.754818292334675650e-02
5.748098568990826773e-02
5.742428491823375197e-02
5.739742073230445080e-02
5.731254061684012274e-02
5.767859359271824277e-02
5.753640686161816398e-02
5.753444292582571284e-02
5.744278345257043672e-02
5.754988705739379207e-02
5.749646721407770944e-02
5.741195864975452701e-02
5.759154910221695595e-02
5.728877220302820011e-02
5.747672673314809660e-02
5.749527516774833452e-02
5.746063104830682194e-02
5.757363104261457865e-02
5.733820479363203187e-02
5.749226479791105099e-02
5.743218497373163423e-02
5.720448041334748324e-02
5.706057013012468676e-02
5.763997618108987475e-02
5.744430989027023149e-02
5.770430565811693335e-02
5.752916462719440127e-02
5.737826257944107083e-02
5.745066759176552240e-02
5.751255489885807176e-02
5.714955444447696042e-02
5.731344580650329923e-02
5.716278817504644172e-02
5.727804706431924991e-02
5.746782169677316920e-02
5.716528757475316386e-02
5.709719739854336035e-02
5.741191006265580765e-02
