1.140579554531723216e-01
7.536328988149762487e-02
7.261650024913252066e-02
7.085216691717505233e-02
6.922730698250234571e-02
6.741932434495538640e-02
6.640910741873085055e-02
6.667597765102982466e-02
6.691777378320694358e-02
6.589570736512541382e-02
6.511431100312620179e-02
6.474069809541106724e-02
6.438807687256485612e-02
6.478624851442874033e-02
6.430844390299171598e-02
6.423152497038245312e-02
6.340364014729857334e-02
6.394173914566636530e-02
6.313172040972858667e-02
6.212917055003344680e-02
6.191406132653355654e-02
6.315521150361746994e-02
6.310965088661760203e-02
6.229044283740222537e-02
6.238799575716257040e-02
6.204665205907076292e-02
6.243728133849799772e-02
6.156098526902496759e-02
6.076760184019804056e-02
6.170864342246204504e-02
5.976855864748358699e-02
6.169513664674013825e-02
6.132961856666952621e-02
6.122526322957128064e-02
6.131838071625679565e-02
5.999113252386450990e-02
6.082001937553286469e-02
6.064773907419294258e-02
5.931321268901228877e-02
6.013392321765422682e-02
6.010168203618377475e-02
5.950979568064213021e-02
5.821321138646453480e-02
5.996401301119476390e-02
6.006318607367575058e-02
5.932082907296717250e-02
6.038027967792004153e-02
5.910535769537091089e-02
5.957405542954802291e-02
5.840854863636195382e-02
5.835110115818679249e-02
5.902624131646007355e-02
5.823740571271628086e-02
5.869230119511485017e-02
5.864458271767944431e-02
5.950702195521444249e-02
5.921730812638997810e-02
5.747323020361363999e-02
5.884130503516644267e-02
5.908332523424178473e-02
5.875722399912774313e-02
5.853805627208202855e-02
5.886174305342137952e-02
5.738521320279687393e-02
5.859157092869281963e-02
5.865685110446065831e-02
5.791606274433434148e-02
5.858934419229626378e-02
5.821604578755795734e-02
5.830202214885502748e-02
5.777549375779926499e-02
5.522992299869656369e-02
5.703993101604282884e-02
5.782658897805958986e-02
5.813195654656738015e-02
5.709754685871303026e-02
5.682024260051548453e-02
5.713920238893479414e-02
5.777054828125983282e-02
5.732296365313231667e-02
5.619182192720472563e-02
5.620116170495748770e-02
5.804199606645852466e-02
5.763896905817091770e-02
5.584640768356621127e-02
5.759036818984895889e-02
5.790385477244854029e-02
5.670771892182528695e-02
5.580896627623587597e-02
5.728503971360623948e-02
5.671052604913711520e-02
5.671508481260389284e-02
5.714348209090530650e-02
5.605154386721551696e-02
5.660354504361748973e-02
5.658757976256310884e-02
5.691911921836435850e-02
5.673757580108940851e-02
5.587499537970870567e-02
5.710526310373097852e-02
