7.625048922672867935e-01
1.386574579738080459e-01
9.917592635005711976e-02
7.679716496728360153e-02
7.178548029065132119e-02
7.607416340336203842e-02
7.289517345279454552e-02
6.953708886355161600e-02
6.831996840983629860e-02
6.964800089783966530e-02
6.791153138130903710e-02
6.688766785152255867e-02
6.821223767101765312e-02
6.641904840990900394e-02
6.729241387359798099e-02
6.576068118959665920e-02
6.554032047279179096e-02
6.376777261495590599e-02
6.939968546293676099e-02
6.974041044339537865e-02
7.493407343141735011e-02
6.941422784607857721e-02
6.591732108779251031e-02
6.640160341747104733e-02
6.520298089087009363e-02
6.365837234258651944e-02
6.721197524294257597e-02
6.400961037352681515e-02
6.767534580267965671e-02
7.059009370952844253e-02
6.745819614175707635e-02
6.486371853947639488e-02
6.312358472123742736e-02
6.732696002721785811e-02
6.495879013650118772e-02
6.428976924903691270e-02
8.912600934505462980e-02
6.399267535097896697e-02
6.384809972718358262e-02
6.187382003851234907e-02
6.493496965616941952e-02
6.244099233113229591e-02
6.285661221109330177e-02
6.161488449759781189e-02
6.201260071806609375e-02
8.329077980294823103e-02
6.415942910406738364e-02
6.222166672348976302e-02
6.236501959245652205e-02
6.287899702042341887e-02
6.222886479645967778e-02
6.322134474851190400e-02
6.916405594348908059e-02
6.213188434951007200e-02
6.947806650586425825e-02
6.218467331118881364e-02
6.288605985976755686e-02
7.669368841685354765e-02
6.374411572143436067e-02
6.419988333433866712e-02
6.329863563925028358e-02
6.318908671848476322e-02
6.167336638923734404e-02
6.211371398717165093e-02
6.521070773620157857e-02
5.968738772906363038e-02
6.469485266692936998e-02
6.100672933179885488e-02
5.915611500479280721e-02
6.383799471333623243e-02
6.227577204816043405e-02
6.168387097585946444e-02
6.175642937980592440e-02
6.524618447851389391e-02
6.186543469317257182e-02
6.299488210584967829e-02
6.252525625843555201e-02
5.984483830444514707e-02
6.715196893550455515e-02
6.105807317234576009e-02
5.916099501959979495e-02
6.074485190957784608e-02
7.118753231875597776e-02
5.974838056974113298e-02
5.908453197963535464e-02
6.004818080738186931e-02
5.851159258838743021e-02
6.061102810502052435e-02
7.751712770760059434e-02
5.886515735276043326e-02
5.960493370145559383e-02
5.984748990274965652e-02
6.034704333357512884e-02
6.069353019353002088e-02
6.932366298511624669e-02
6.135201038420200204e-02
6.099531315639614842e-02
5.892116676084697274e-02
6.285007745586335126e-02
6.066135651990771371e-02
