2.131137402355670840e+00
1.646374807655811345e+00
1.519248487800359815e+00
1.465021621882915515e+00
1.435769448876381027e+00
1.425494582056999304e+00
1.480859458148479524e+00
1.419410092979669580e+00
1.383442665636539504e+00
1.340146039575338399e+00
1.397714945524930918e+00
1.376287896335125049e+00
1.347813428491353882e+00
1.390379282385110882e+00
1.292132844626903587e+00
1.371734350174665495e+00
1.304216923564672559e+00
1.277439638674259248e+00
1.268886283338069854e+00
1.249543705582618625e+00
1.241575136780738831e+00
1.253068487793207231e+00
1.228460334539413390e+00
1.256538519263267428e+00
1.214056232571601779e+00
1.252920158058404843e+00
1.242831970453262436e+00
1.300433153212070536e+00
1.194310886561870566e+00
1.196597322076559111e+00
1.188454927951097417e+00
1.180566362887620846e+00
1.188698290437459892e+00
1.171051351428031850e+00
1.172256138920783952e+00
1.166628463119268488e+00
1.169560701549053228e+00
1.184165792167186648e+00
1.162892648428678566e+00
1.159067963659763389e+00
1.151957661211490569e+00
1.148629269003868192e+00
1.147896190732717425e+00
1.146770459562540090e+00
1.175244279652833956e+00
1.164818986654281519e+00
1.150880607664585220e+00
1.147839882522821320e+00
1.129010141342878359e+00
1.150010956227779380e+00
1.122979994118213698e+00
1.121642869263887343e+00
1.125887999832630104e+00
1.130028065741062182e+00
1.114095540493726721e+00
1.120580175518989474e+00
1.111133849620819181e+00
1.144203616827726311e+00
1.215601996779441807e+00
1.116782794296741432e+00
1.104920337051153112e+00
1.146615739911794662e+00
1.111519836932420624e+00
1.114876959919929522e+00
1.107194730192422760e+00
1.113459290415048653e+00
1.130052279829979023e+00
1.102781067341566112e+00
1.099438491016626385e+00
1.114719037562608817e+00
1.139063059389591182e+00
1.095477034598588917e+00
1.095806169062852886e+00
1.090030775070190527e+00
1.108770409971475690e+00
1.123427388295531237e+00
1.101746289581060356e+00
1.093623620271682695e+00
1.087165969014167732e+00
1.106006152480840665e+00
1.081373207569122252e+00
1.083393039256334234e+00
1.085988512933254269e+00
1.111209776103496472e+00
1.089820255935192161e+00
1.082842138335108784e+00
1.085392017364501971e+00
1.111394463032484126e+00
1.073542256504297354e+00
1.086311106383800462e+00
1.087091483473777709e+00
1.087454310804605528e+00
1.078271241784095835e+00
1.089434945732355109e+00
1.072181117907166525e+00
1.085044780597090641e+00
1.078717341944575248e+00
1.070172531381249348e+00
1.081188717633485785e+00
1.093769878447055754e+00
1.066978755146265057e+00
1.065070618540048697e+00
1.070545219480991461e+00
1.066991795524954822e+00
1.061204350739717528e+00
1.082847063541412247e+00
1.066995360404253024e+00
1.076712527722120338e+00
1.064348028898239207e+00
1.079524340182542730e+00
1.061507127732038480e+00
1.067787920087575948e+00
1.082807492166757646e+00
1.057823606282472628e+00
1.075572104603052193e+00
1.068293185010552371e+00
1.052957405894994647e+00
1.056162032708525711e+00
1.061352431401610286e+00
1.061247341334819794e+00
1.054939264655113229e+00
1.053808576241135553e+00
1.053363988101482462e+00
1.057924554273486084e+00
1.057341981530189434e+00
1.069585240185260799e+00
1.051578903645276952e+00
1.054215028584003511e+00
1.057050681263208336e+00
1.053458826243877322e+00
1.054084334224462571e+00
1.087784673273563429e+00
1.043569170907139743e+00
1.045876395702362016e+00
1.057035673186182967e+00
1.056199471428990400e+00
1.042448434233665511e+00
1.052307308316230872e+00
1.046658065468072829e+00
1.046130811572074881e+00
1.050318639427423539e+00
1.047325469180941493e+00
1.067209590375423511e+00
1.043461838215589577e+00
1.051572026908397683e+00
1.048911881819367453e+00
1.095669024586677587e+00
1.034206938296556411e+00
1.045495091974735224e+00
1.040548385381698582e+00
1.040119684860110194e+00
1.043170483782887459e+00
1.063611760735511780e+00
1.046445170566439709e+00
1.037524936795234609e+00
1.046671725511550965e+00
1.059996339902281814e+00
1.034692610204219765e+00
1.034068104252219289e+00
1.037358003035187659e+00
1.055301390588283539e+00
1.037555472552776248e+00
1.034203254431486085e+00
1.036541707292199188e+00
1.038855475485324753e+00
1.036739707738161043e+00
1.039745787084102702e+00
1.036281918287277115e+00
1.038559760600328508e+00
1.034639017507433811e+00
1.036341094672679874e+00
1.038460661172866839e+00
1.023512193262577030e+00
1.036956666558980888e+00
1.033688716664910245e+00
1.025960910096764600e+00
1.038832097798585874e+00
1.029804962873458907e+00
1.035589600354433149e+00
1.033375474065542310e+00
1.057874906510114732e+00
1.031328487172722852e+00
1.036889829710125888e+00
1.038535974025726283e+00
1.039061129167675901e+00
1.027768066376447686e+00
1.028443537801504215e+00
1.034438941627740860e+00
1.029919238537549964e+00
1.025805635079741540e+00
1.027640890777111071e+00
1.028386614248156583e+00
1.028278412595391211e+00
1.018083166182041088e+00
1.027249005436897233e+00
1.033211319148540586e+00
1.024968293756246540e+00
1.019967961460351846e+00
1.026360307484865286e+00
1.047657932490110300e+00
1.054077035412192442e+00
1.024479692205786607e+00
1.042597660720348429e+00
1.024954893365502384e+00
1.018591994345188212e+00
1.022248318567872127e+00
1.019768619164824530e+00
1.021983812898397348e+00
1.021262123733758909e+00
1.025181487500667510e+00
1.035375486463308237e+00
1.022879126369953262e+00
1.014559229314327293e+00
1.020209832191467214e+00
1.023745390325784710e+00
1.027625927478075019e+00
1.029535145238041904e+00
1.027510826140642264e+00
1.020782411694526770e+00
1.025338493287563324e+00
1.014689472690224692e+00
1.016557829454541206e+00
1.028278973549604514e+00
1.016133228763937968e+00
1.019857485443353751e+00
1.023252591714262971e+00
1.017754558026790601e+00
1.017857235521078207e+00
1.012405539080500683e+00
1.018852338343858799e+00
1.012755957245826677e+00
1.014589032158255577e+00
1.016954457163810721e+00
1.020305940061807526e+00
1.017135377228260085e+00
1.014643681123852836e+00
1.017191652804613211e+00
1.012676039189100319e+00
1.032034742459654764e+00
1.019878229796886471e+00
1.010156508088111860e+00
1.014744451493024835e+00
1.014802742376923472e+00
1.016510176882147842e+00
1.014103607386350525e+00
1.028879355192184430e+00
1.012595688849687647e+00
1.019078116714954296e+00
1.015294587612152188e+00
1.015030205771326965e+00
1.015060327574610621e+00
1.016480101719498652e+00
1.005621955394744971e+00
1.009559055715799403e+00
1.020327084809541596e+00
1.031494677662849524e+00
1.021486264765262497e+00
1.008349149525165522e+00
1.013888899683952349e+00
1.010835713893175170e+00
1.016119440346956226e+00
1.009168042987585112e+00
1.005523754060268393e+00
1.022640682905912479e+00
1.011285735219717097e+00
1.007229639515280661e+00
1.013067583516240155e+00
1.006704226732254126e+00
1.006017028242349731e+00
1.014732880517840385e+00
1.007036118209362119e+00
1.008034624606370944e+00
1.008127164617180771e+00
1.003315651118755314e+00
1.005814657732844397e+00
1.007038473412394497e+00
1.003180165588855699e+00
1.006422719061374593e+00
1.003774684518575766e+00
1.008214120268821734e+00
1.006935073435306638e+00
1.021469839662313417e+00
9.979800187051296456e-01
1.007807219624519357e+00
1.008351076766848653e+00
1.003549393266439438e+00
1.008473447486758268e+00
1.004661687016487059e+00
1.004121797382831582e+00
1.005300915390253014e+00
1.010865804329514450e+00
1.007041840553283718e+00
1.001095663011074111e+00
1.008712204694747872e+00
1.003348258137702897e+00
1.001859704107046056e+00
1.002737848982214963e+00
1.008519641160964930e+00
1.002723830044269571e+00
1.010142507627606490e+00
9.989892745018005282e-01
1.003184611797332870e+00
1.004003877937793776e+00
1.000782071873545620e+00
1.002293943762779138e+00
9.965846361219883320e-01
1.004741924330592173e+00
1.003397566974163047e+00
1.004329297170043045e+00
1.000850991159677461e+00
1.003017746359109896e+00
1.001366561129689137e+00
1.002705589085817417e+00
1.004013612568378511e+00
1.009028332233429026e+00
1.004072072133421978e+00
9.990558911859989122e-01
1.002272459492087320e+00
1.004526182562112790e+00
9.975743627548218084e-01
9.923414414376020565e-01
9.982403580099343809e-01
1.023687130659818756e+00
9.973273950070142835e-01
9.974907831847668049e-01
1.018868935629725359e+00
9.995199759304523868e-01
9.953276379406452712e-01
1.001590544059872689e+00
9.975530278682708252e-01
9.995561006665230064e-01
1.013750650063157011e+00
9.982468293607235088e-01
1.000893930494785256e+00
1.004797807112336239e+00
9.983616651594638958e-01
1.000217540189623833e+00
9.931752774119376737e-01
1.017417968064546541e+00
1.001191600263118708e+00
9.972418093681335582e-01
9.967880530655384153e-01
9.930153025686740964e-01
1.000780891180038434e+00
9.939556061476468862e-01
9.992710181325673569e-01
1.013964858725667106e+00
9.993695373833179074e-01
1.019039106369018510e+00
1.000340434536337808e+00
9.956930333375930697e-01
1.000277557149529484e+00
9.969722118973731728e-01
1.001594704017043203e+00
9.961385390162468267e-01
9.980889696627854857e-01
9.926806822419166343e-01
9.988591718673706099e-01
1.002327410206198754e+00
9.933940131217241509e-01
9.901939661800861492e-01
9.928951068967580840e-01
9.916986022144556046e-01
9.944776324182749150e-01
9.956904751062393144e-01
9.991816634684801413e-01
9.986490485817194340e-01
1.000163426324725213e+00
9.924186398833989564e-01
9.976106981933117179e-01
9.938995295763015658e-01
9.933853137493133811e-01
9.926459042727947546e-01
9.922400176525115745e-01
9.868703221529722125e-01
9.881314112246036840e-01
9.983377448469400450e-01
9.929515279829501662e-01
9.943240059912205053e-01
9.924270442873239784e-01
9.931801437586545989e-01
9.843749661743640411e-01
9.936331155896186429e-01
9.952165518701076019e-01
9.882031888514757334e-01
9.953940820693969460e-01
9.919756868481636181e-01
9.862350852787494793e-01
9.971760461479425297e-01
9.908147201687097505e-01
9.925429715216159687e-01
9.951530286669730829e-01
9.904660920053720563e-01
9.900173371285200252e-01
9.979687190055847035e-01
1.002424965426325754e+00
9.942492148280144271e-01
9.919681031256913917e-01
9.886571113020181656e-01
9.936515225470066159e-01
9.865899243205785707e-01
9.874096323549746979e-01
9.862300154566764343e-01
9.942259715497493433e-01
9.879768511652946561e-01
9.915420559793710620e-01
9.888199053704738173e-01
9.920539152622223078e-01
9.943686027824878426e-01
9.904170455038547871e-01
9.982783224433660063e-01
9.869164749234914380e-01
9.914140873402357279e-01
9.848455753922462641e-01
9.885291138291358859e-01
9.905640986561775607e-01
9.938480641692877260e-01
9.891092178225516784e-01
9.896742445230484186e-01
9.850747334212064388e-01
9.925546635687351182e-01
9.906149809062481104e-01
9.858258485794066939e-01
9.875243794173002021e-01
