1.914474457502365112e+00
1.575997591912746465e+00
1.489349225163459689e+00
1.439422253668308338e+00
1.403609896004200053e+00
1.380563753247260994e+00
1.353318491578102023e+00
1.337953689694404646e+00
1.316081275641918236e+00
1.299172492325305850e+00
1.287720986604690587e+00
1.272592878639698055e+00
1.268739417195320129e+00
1.247700502574443870e+00
1.243614553213119533e+00
1.237020204663276779e+00
1.226369199156761125e+00
1.218535695970058397e+00
1.210670934319496128e+00
1.202311020493507465e+00
1.199565873742103550e+00
1.190364820808172297e+00
1.185694355964660662e+00
1.174878445565700424e+00
1.170478535592555991e+00
1.167431158572435290e+00
1.157176518589258185e+00
1.156664097309112460e+00
1.153836127221584240e+00
1.140538913160562551e+00
1.141612306237220764e+00
1.138944683074951225e+00
1.131726877987384805e+00
1.128234717696905198e+00
1.128744142204523015e+00
1.120277450531721009e+00
1.119377494156360564e+00
1.115695498734712521e+00
1.115499309599399469e+00
1.106872335672378638e+00
1.106249392628669836e+00
1.102773219197988430e+00
1.100128108114004188e+00
1.097005320191383415e+00
1.096657040566205943e+00
1.097839941531419727e+00
1.093324940353632035e+00
1.091085344105958921e+00
1.088417147696018272e+00
1.081954039782285770e+00
1.081153022646903938e+00
1.081859016269445473e+00
1.081864465177059254e+00
1.074965508133173042e+00
1.076436160653829521e+00
1.074928937703371057e+00
1.070318655222654236e+00
1.070588342249393365e+00
1.071343976110219920e+00
1.064965849816799093e+00
1.065911570042371803e+00
1.063750060051679602e+00
1.062046228200197229e+00
1.058047992587089592e+00
1.063006889373063979e+00
1.059918960034847313e+00
1.057059125453233772e+00
1.055523757338523883e+00
1.053879887312650698e+00
1.052505832910537675e+00
1.051500921100378072e+00
1.046140005141496632e+00
1.049673830419778797e+00
1.047486264705657977e+00
1.047962468266487202e+00
1.046512407660484367e+00
1.044659497290849615e+00
1.043349612951278704e+00
1.045188297182321646e+00
1.037065814882516923e+00
1.039574248790740896e+00
1.035220336616039294e+00
1.040550952702760767e+00
1.037126104682683847e+00
1.034335445314645829e+00
1.030995401889085672e+00
1.034751353263855034e+00
1.031816827654838509e+00
1.032784466743469132e+00
1.031816075593233073e+00
1.033360778838396055e+00
1.025993448048829970e+00
1.030434936285018921e+00
1.027385409921407700e+00
1.028005544841289476e+00
1.027803892493247995e+00
1.024839585572481226e+00
1.021916133910417468e+00
1.023782174140214885e+00
1.022220582813024414e+00
1.019853198677301398e+00
1.024883965998887980e+00
1.022480981051921756e+00
1.019559575170278620e+00
1.020276499241590473e+00
1.021828549802303421e+00
1.021742027401924213e+00
1.018906121402978870e+00
1.019820544570684495e+00
1.015755282640457224e+00
1.014563532620668340e+00
1.015903248637914702e+00
1.014048381447792080e+00
1.012202673703431977e+00
1.013401857763528868e+00
1.012875689864158657e+00
1.010378797501325643e+00
1.009587030261754892e+00
1.009348159283399493e+00
1.009107944369316057e+00
1.012662496268749157e+00
1.010591595768928430e+00
1.009848932176828473e+00
1.010205482244491471e+00
1.009805025607347417e+00
1.008310725539922625e+00
1.008860243260860434e+00
1.006133636832237332e+00
1.007883825749158913e+00
1.005843774974346072e+00
1.005673458576202384e+00
1.010273128449916902e+00
1.003828942775726318e+00
9.983895650506019459e-01
1.001683595180511421e+00
1.001074261814355770e+00
1.000035019963979810e+00
9.987713734805584442e-01
1.002149406075477645e+00
1.000797963440418270e+00
1.001573153287172335e+00
9.979269489645957725e-01
1.000271611213684020e+00
9.991376489400863870e-01
9.958008211851120395e-01
9.984003199636936055e-01
9.983912076056004059e-01
9.980930432677268538e-01
9.983927725255489216e-01
9.947729799151420194e-01
9.915115927159786624e-01
9.948317667841911627e-01
9.956928345561028015e-01
9.915549367666244285e-01
9.924406057596206754e-01
9.931279321014880868e-01
9.923761811852455095e-01
9.948784770071505967e-01
9.922958488762378959e-01
9.926360176503657984e-01
9.898352122306823819e-01
9.893080155551433608e-01
9.901898735761642811e-01
9.886962825059890658e-01
9.871122397482394728e-01
9.878040143847465204e-01
9.891678576171397674e-01
9.865802645683288130e-01
9.874778018891811060e-01
9.884425701200961756e-01
9.853509363532065857e-01
9.865813796222210330e-01
9.862133347988129017e-01
9.836368517577648296e-01
9.892577402293681876e-01
9.891225005686282712e-01
9.863686789572239100e-01
9.821619607508182970e-01
9.850678037106991303e-01
9.846765995025634766e-01
9.863418973982334137e-01
9.833109813928604392e-01
9.872470876574516163e-01
9.867286019027232680e-01
9.825022020936011735e-01
9.869695515930652086e-01
9.843181297183036804e-01
9.797951370477676614e-01
9.853428821265697302e-01
9.809934286773205336e-01
9.806686776876449851e-01
9.760547342896461753e-01
9.801712442934512604e-01
9.778502257168293355e-01
9.768498961627483101e-01
9.781751430034637540e-01
9.788307708501815529e-01
9.779256244003772247e-01
9.748908737301826832e-01
9.785570864379405931e-01
9.764553610980510889e-01
9.796008135378361237e-01
9.766209022700786946e-01
9.760918073356151803e-01
9.773521955311298415e-01
9.769501896202563707e-01
9.744930146634578350e-01
9.764300955832004858e-01
9.729571528732776642e-01
9.745461839437484786e-01
9.796483382582664712e-01
9.749092759191989588e-01
9.747152282297610881e-01
9.745516793429851443e-01
9.734671729803084927e-01
9.742555940151214067e-01
9.731810438632965132e-01
9.711636929214000347e-01
9.740344154834746915e-01
9.733571179211140123e-01
9.728197419643401789e-01
9.722650735080242690e-01
9.714111295342445773e-01
9.710793551802635593e-01
9.703726232051849143e-01
9.697976545989512864e-01
9.704137352108955783e-01
9.698871923983096721e-01
9.726010952889919681e-01
9.703868028521537292e-01
9.654526790976524220e-01
9.718455241620540530e-01
9.687280826270580070e-01
9.720973931252956390e-01
9.699558961391449019e-01
9.677546776831149611e-01
9.680964700877666695e-01
9.703293304145336196e-01
9.715727855265140489e-01
9.646493238210678278e-01
9.669785371422767728e-01
9.658169870078563424e-01
9.680488979816437300e-01
9.705678850412369219e-01
9.711919046938419786e-01
9.642800304293632774e-01
9.665919581055640863e-01
9.644804865121840987e-01
9.626227886974811909e-01
9.663591793179512335e-01
9.658307932317257150e-01
9.650568397343158855e-01
9.617648234963417364e-01
9.631958229839802099e-01
9.606092773377895577e-01
9.617922076582908764e-01
9.632092861831188513e-01
9.602080166339874712e-01
9.627491661906242282e-01
9.632315023243427365e-01
9.641627117991447005e-01
9.614601495862007408e-01
9.647009199857712325e-01
9.632315224409103704e-01
9.597718296945094707e-01
9.607234911620616824e-01
9.616394327580928270e-01
9.633601382374763489e-01
9.624686062335967573e-01
9.607879453897476552e-01
9.644482512772083460e-01
9.597813302278518366e-01
9.626192559301852691e-01
9.643057057261467113e-01
9.570298258960246995e-01
9.618582826852798418e-01
9.619111694395542367e-01
9.610811379551887912e-01
9.616443851590156244e-01
9.568922814726829040e-01
9.620220004022121962e-01
9.610317191481589916e-01
9.571960467100143477e-01
9.615134023129939811e-01
9.598585978150367959e-01
9.578067553043365656e-01
9.600003622472286224e-01
9.553644427657127514e-01
9.574435867369175401e-01
9.569214317202567877e-01
9.602192133665085061e-01
9.576875098049640878e-01
9.579343549907207711e-01
9.565858717262745170e-01
9.566668991744518014e-01
9.604707163572311357e-01
9.574010828137398121e-01
9.534258019924163330e-01
9.595669107139110920e-01
9.565018966794014421e-01
9.556226781010628279e-01
9.575217022001742961e-01
9.546881391108036352e-01
9.567008052766322601e-01
9.549943552911281941e-01
9.546419751644134033e-01
9.534071667492389768e-01
9.548040519654751312e-01
9.541406771540641429e-01
9.569585575163364055e-01
9.543560369312763525e-01
9.537053979933262093e-01
9.574654628336429774e-01
9.544306769967079163e-01
9.523463469743728149e-01
9.535389183461666640e-01
9.562830607593059140e-01
9.531746906042098955e-01
9.524040243029594510e-01
9.537080955505371493e-01
9.530285203456878573e-01
9.534675285220146623e-01
9.538327553868293229e-01
9.509869448840617689e-01
9.521579825878143666e-01
9.519057798385620606e-01
9.493912190198898760e-01
9.512963131070136802e-01
9.553788849711417619e-01
9.545131780207156691e-01
9.498468713462352442e-01
9.487759700417518482e-01
9.518936577439308655e-01
9.528927032649516793e-01
9.484213940799236520e-01
9.538865093886852442e-01
9.488969108462333990e-01
9.518103387951850625e-01
9.526201672852039337e-01
9.498900735378265070e-01
9.510577200353145244e-01
9.516640947759151814e-01
9.464511637389659837e-01
9.519199049472808483e-01
9.507490895688534005e-01
9.491851298511028157e-01
9.499961359798908545e-01
9.518592759966850725e-01
9.498284927010536283e-01
9.484802442789077581e-01
9.512028904259204332e-01
9.485475084185600592e-01
9.467533069849014549e-01
9.487505635619163380e-01
9.474519263207912267e-01
9.467957344651222185e-01
9.466557334363460141e-01
9.503002864122390703e-01
9.471594448387622434e-01
9.474302358925342782e-01
9.483762851357460111e-01
9.448344901204108748e-01
9.485501895844936637e-01
9.463300152122974263e-01
9.445092129707336470e-01
9.510213102400303375e-01
9.455910517275333271e-01
9.481169337034225375e-01
9.481746028363704504e-01
9.489040106534958330e-01
9.449454696476459192e-01
9.485894238948822110e-01
9.430308030545710984e-01
9.444683402776717918e-01
9.482774718105793088e-01
9.426820589601994094e-01
9.475446830689907562e-01
9.427158471941947671e-01
9.433035244047641710e-01
9.458369737863541182e-01
9.433340209722519409e-01
9.468798644840716872e-01
9.465192967653274225e-01
9.446111764013767065e-01
9.431291866302490279e-01
9.455561095476150424e-01
9.470138795673846976e-01
9.436825948953628806e-01
9.463581803441047935e-01
9.439774048328399836e-01
9.454281179606914831e-01
9.423026886582374084e-01
9.428417877852917073e-01
9.427844209969044043e-01
9.439712199568748296e-01
9.435112233459949094e-01
9.429129721224307481e-01
9.437736131250857863e-01
9.452580644190311521e-01
9.432476526498794200e-01
9.434415459632873313e-01
9.427999106049537170e-01
9.405984614789485443e-01
9.414850187301635476e-01
9.449609062075614574e-01
9.433213333785533949e-01
9.406557007133961035e-01
9.408537176251411394e-01
9.410434897243976637e-01
9.409811222553252641e-01
9.453600163757801544e-01
9.397583077847957433e-01
9.400700879096984819e-01
9.439317397773265839e-01
9.432364071905613434e-01
9.440519233047962588e-01
9.417441695928573386e-01
9.409344612061977253e-01
9.428002671897410814e-01
9.429507824778556868e-01
9.400753708183765545e-01
9.384717132151126906e-01
9.428418414294719163e-01
9.386614674329757380e-01
