4.046758560736973820e+00
8.173255676031112582e-01
2.504144373784462640e-01
1.366969339797894090e-01
9.645585800210634830e-02
8.318680799876650156e-02
7.594952940940856434e-02
7.673054773981372034e-02
9.776146868243813792e-02
7.325919109707076937e-02
7.280125822871923169e-02
7.039049874991178124e-02
7.173341551174719499e-02
6.815917712325851585e-02
6.925825863455732645e-02
7.186948511128624095e-02
6.756798763448992884e-02
7.096560698623458063e-02
8.031533570960164292e-02
7.107700460279980925e-02
6.806899396081765585e-02
6.918271895498037671e-02
6.640849150717258176e-02
6.614309221506119163e-02
6.563005714366833276e-02
7.094589868560433055e-02
7.667112126325567600e-02
6.640391068533063601e-02
6.437810658787687657e-02
6.920398442695538388e-02
7.235526251917083485e-02
6.896088171750307250e-02
7.891692791755000602e-02
6.576767235373456866e-02
6.814357506111264062e-02
6.769027996808291148e-02
6.942091684167583931e-02
7.335507592496771923e-02
6.817119430750608056e-02
6.707233738775054965e-02
6.404367654894789486e-02
6.671861243123809737e-02
6.629670005912581543e-02
6.534992029269535985e-02
6.456891215095916792e-02
6.531031977385282072e-02
6.743085428761939892e-02
7.718765892709295029e-02
6.674652705589929902e-02
6.512881248568494486e-02
6.647445275758703809e-02
6.815061332657933180e-02
6.365373590961098671e-02
6.565271940082312296e-02
6.301074337835113615e-02
6.605638040229677710e-02
6.874362476170063629e-02
6.709491144865750711e-02
6.635659236460923760e-02
6.767629136641820087e-02
6.238830082118511366e-02
6.601030734057228289e-02
6.901155963540077376e-02
6.271859712898730788e-02
6.923015853390097896e-02
6.587105285376310126e-02
6.840887964392701470e-02
6.384617544710635695e-02
6.233102131014069125e-02
6.621324932202696245e-02
6.435156570747495308e-02
6.314175641785065018e-02
6.981858988602955562e-02
6.461087746545672583e-02
6.593337476874391867e-02
6.383672002702951709e-02
6.525748719771702622e-02
6.407121341054637653e-02
6.326252513254682075e-02
6.268298897271354364e-02
6.310873096808791716e-02
6.477422821645935358e-02
6.882590829084317408e-02
6.355892399946848348e-02
6.397128264730175817e-02
6.233925641824801522e-02
6.583255157495537802e-02
6.640407537420590922e-02
6.494252191856503265e-02
6.866558073709408405e-02
6.366389106338223025e-02
7.557515809933344764e-02
6.418628529955942852e-02
6.428822195157408992e-02
6.296321282163262756e-02
6.693705355748534591e-02
6.253564416120449554e-02
6.224699340760708050e-02
6.123243693262338944e-02
6.470089411363005860e-02
6.419894352555274852e-02
6.449609573309619814e-02
6.329068521037697903e-02
6.291247810547551111e-02
7.290207831809918104e-02
6.389603323613603225e-02
5.986285028358300647e-02
6.816936228424311239e-02
6.387567454949021062e-02
6.560645201553901018e-02
6.781425205990672389e-02
6.634880302473902813e-02
6.117788561309377149e-02
6.555301853766043463e-02
6.113951654483874842e-02
6.048863471175233708e-02
6.312764059131344141e-02
6.350236472363272877e-02
6.117679686595996202e-02
7.927638617654642061e-02
6.775368603256841371e-02
7.021451597412427248e-02
6.095207511136929018e-02
6.333868864302834301e-02
6.416548150901993375e-02
6.434772239377101188e-02
6.118339893097678867e-02
6.344722685093681647e-02
6.281022997573018629e-02
6.688489795352021983e-02
6.238965600418548002e-02
6.108640258510907722e-02
6.392805689324934648e-02
6.590750077739357393e-02
6.394584660107890950e-02
5.998382957652211023e-02
6.917778991162776281e-02
6.120926350355148510e-02
6.702217514316241576e-02
6.699844586352507458e-02
6.170661016677816968e-02
6.040399892876545385e-02
6.222454208880662946e-02
6.110646257797876929e-02
6.100219246000051360e-02
6.739422757799426456e-02
6.677811127776900335e-02
5.964845454320311796e-02
6.581950276469190897e-02
6.022183569769064271e-02
6.741781443978349386e-02
5.885675724595785391e-02
5.992575456077853940e-02
6.630873929088314245e-02
6.085984405751029835e-02
6.008779870967070197e-02
6.471140492086609186e-02
6.078798650453488134e-02
6.197401215632756394e-02
5.988203884412845318e-02
6.590289109076062635e-02
5.885402382661898690e-02
5.964419561127821262e-02
6.725045163184403818e-02
8.648234224567810657e-02
6.155411637698610799e-02
6.202690672750274525e-02
6.214724022895097566e-02
6.175406619285543630e-02
5.971986330424745859e-02
5.972720180948575680e-02
6.210232846438884513e-02
6.416376739119490635e-02
7.198068941322466330e-02
6.159263886511325697e-02
6.269151672720908730e-02
6.145197200899323031e-02
6.238613351558645881e-02
6.503516341870030359e-02
5.746093710263570215e-02
6.467489401499430801e-02
7.134156699602801910e-02
6.176969084267815158e-02
6.081351732214292094e-02
6.171846114099025643e-02
6.788258000587422958e-02
6.646166201680898944e-02
6.265156116647024875e-02
6.229413609330852752e-02
8.382928259670734128e-02
6.327208351964751232e-02
6.175399147905409614e-02
6.080889421204725698e-02
6.630091574663916909e-02
6.281093759462237636e-02
6.102705068886279949e-02
6.912509366869926120e-02
7.498761521652340389e-02
6.249814133470257133e-02
6.366944563885529318e-02
6.816518832618990997e-02
6.865502760435143736e-02
6.272703156496087229e-02
5.970092994471391107e-02
6.227192418960233317e-02
6.086166281253099775e-02
6.203851048213740449e-02
6.061934366822242792e-02
6.382299613518019332e-02
6.202339073643088618e-02
6.270861574138204830e-02
6.220775343477726038e-02
6.089849842091401427e-02
5.721267618859807863e-02
6.673944082732001515e-02
6.029785028348366716e-02
6.565469094241659087e-02
5.755424749416609281e-02
6.513179592788219396e-02
5.869560545310378158e-02
6.070733070373535156e-02
6.367270030081272070e-02
6.155865725750724743e-02
6.094165305917461500e-02
6.549797018369038493e-02
6.053177894403537207e-02
6.433974955541392482e-02
6.372204040798047642e-02
6.542375151067972294e-02
6.195280127848187823e-02
5.891786539927124783e-02
6.543779579301675642e-02
6.441382202630241416e-02
6.396028583248455912e-02
6.498230950285990848e-02
6.144293813034892165e-02
7.367418467998504417e-02
5.952605980758865489e-02
5.888077041134238271e-02
7.026852939277887511e-02
6.507058696200450354e-02
5.897756461054086408e-02
6.242067371184627234e-02
6.002487363293766698e-02
7.617137482700248041e-02
5.863739336530367219e-02
6.008301727473736031e-02
6.506975340036054434e-02
6.020676288753747801e-02
5.987999117622772732e-02
5.806377682834863718e-02
7.380799087695777416e-02
6.070448041583100668e-02
6.311607630302508432e-02
6.344379094739754921e-02
6.885123016933600293e-02
6.198907476539412820e-02
6.085538603675862135e-02
5.916827953110138233e-02
6.217052080978949929e-02
6.201986060788233779e-02
6.162150304764509035e-02
6.251761221637328059e-02
6.178569399441281862e-02
5.870961151085794111e-02
6.006065631285309458e-02
6.218752512708305979e-02
6.199417111153403964e-02
6.583902599910894382e-02
6.378456650922695315e-02
7.018288209413488243e-02
6.716622032535572717e-02
6.098101568097869657e-02
7.083782694612940356e-02
6.964009155208865376e-02
6.120006917665402058e-02
5.736098141719897514e-02
6.385889864837129837e-02
6.517725766946871890e-02
6.383943089594443232e-02
5.911852077270547678e-02
6.058036503071586448e-02
6.318793437133232715e-02
5.797160162280003137e-02
5.996182169144352592e-02
5.898015586659312304e-02
6.485851908723513914e-02
5.839383991124729584e-02
6.419597359995046770e-02
6.698557879775762780e-02
5.996101144701242169e-02
6.047642723967631972e-02
5.897947184120615194e-02
5.985354666598140944e-02
6.146208847562471822e-02
6.117716832707325442e-02
6.040394147237142242e-02
6.677552271634340508e-02
6.041960002854466355e-02
6.240007362638910760e-02
6.034742154801885083e-02
6.446495673619211109e-02
6.095068580781420192e-02
6.017056668177247353e-02
6.374944306910038105e-02
6.416940082485476926e-02
6.122561018293102425e-02
6.639205066487192941e-02
5.923308505366246118e-02
6.164881866425275803e-02
5.618837431073189087e-02
5.833216099689404049e-02
5.804099250274399879e-02
6.266312960535287691e-02
6.076546543588241117e-02
6.556792109583814421e-02
5.899923572627206736e-02
5.950652220286428706e-02
5.992370330728590683e-02
7.584521624570091103e-02
5.896924803654352704e-02
5.781513667354980929e-02
6.178850944464405609e-02
6.416056000938018256e-02
7.140223328955470905e-02
6.377003870904446314e-02
6.274549700319767553e-02
5.911736953382690923e-02
6.330616391574342416e-02
5.830532907197872455e-02
6.620626670618852405e-02
6.311094681421915153e-02
5.731313799197475245e-02
6.376564033950368748e-02
6.605340304474036084e-02
6.577796012163161787e-02
6.202636390303572361e-02
6.110407274837294928e-02
5.738778145362933431e-02
6.207019767413536615e-02
6.183759761974215452e-02
6.320978083337346065e-02
6.057542932840685040e-02
5.876262067506710790e-02
6.376529791081944620e-02
5.924978597400089309e-02
5.715793664256731826e-02
5.946174285064140946e-02
5.849577075491348838e-02
6.449047880247235631e-02
6.200933140392105025e-02
6.162577706078688211e-02
5.982809428125619722e-02
5.927540850515167214e-02
6.031382134184241212e-02
5.907038970539967015e-02
6.202704102421800064e-02
6.499087269107500786e-02
5.869235068559646579e-02
5.842484899796545478e-02
6.388384706961612591e-02
6.016626500214139472e-02
6.162796949967742216e-02
6.302660794928670318e-02
5.847805323079228318e-02
5.810933164941767953e-02
5.968257712821165711e-02
5.758067001278201896e-02
6.068677406758069687e-02
5.826001811151703541e-02
6.490745290492971886e-02
6.063950557261705426e-02
5.949616528426607265e-02
5.912513712421059442e-02
5.750124568740527103e-02
5.761355074432988888e-02
6.194765790676077383e-02
6.283658521870771896e-02
5.960966050624847551e-02
6.050257817221184331e-02
5.713309198617935042e-02
5.789998910079399708e-02
5.806920250256856347e-02
6.207082258537411495e-02
6.948608394091328189e-02
6.049012996256351166e-02
5.881793030227223940e-02
5.948180432120959288e-02
6.133905253062645752e-02
6.024584130694468631e-02
6.126774266672631308e-02
5.920733470469713433e-02
6.148857765520612112e-02
6.352294977754353866e-02
6.111831674973169926e-02
5.842509662111600166e-02
6.801662679761648345e-02
6.394472772565980290e-02
6.004382177256047809e-02
6.449482606413463326e-02
5.952703804398576382e-02
5.903722928836941525e-02
5.980323177451888489e-02
6.580151152486601873e-02
6.774877741311986779e-02
6.354039188784857406e-02
5.799464561045170052e-02
5.982048715775211550e-02
6.523645705233017955e-02
5.881728141258159986e-02
6.045983834813038749e-02
5.889923033614953563e-02
6.215148945649465184e-02
6.149931124101082336e-02
5.888660680502653261e-02
6.242726273834705436e-02
6.679032530014714086e-02
5.746702499066790037e-02
7.597411629122992338e-02
6.107312556045750573e-02
6.360116681704917896e-02
6.714964909168581741e-02
5.935052679230769235e-02
5.855525160208344126e-02
5.765006061022480421e-02
7.036713163057962961e-02
5.651094252864519857e-02
6.835183573576311677e-02
6.876027109722296360e-02
6.492327593887846360e-02
5.884032779062787349e-02
6.215111049513022401e-02
6.210307424267132864e-02
5.958525325482090518e-02
5.872396778936187639e-02
6.664753735686342051e-02
6.066880565757552801e-02
5.991273666421572525e-02
5.655750801786780385e-02
6.162592886947095699e-02
6.414542585611343606e-02
5.965422104423245137e-02
6.054882508392134960e-02
5.701116833835840475e-02
6.223522692297895481e-02
6.111379466950893347e-02
5.903830813243984843e-02
5.790280324717362453e-02
6.894870053045451530e-02
6.165653123830755478e-02
6.258826007445653095e-02
5.733406580363710481e-02
6.377690990145007399e-02
5.714455200359225273e-02
6.225338225873808251e-02
5.930275295861065638e-02
7.186195273573199593e-02
6.192462376318871864e-02
6.306568752974271719e-02
5.871534232050180241e-02
5.835062054917216495e-02
5.871773694952329287e-02
6.012081187218427936e-02
5.951895567278066984e-02
5.872537164638439583e-02
6.562567624573906189e-02
5.810574484989047134e-02
6.191888069733977179e-02
6.764704901725053510e-02
5.876036321123440792e-02
5.627503207574287986e-02
6.015736509114504027e-02
5.985756317153573258e-02
6.531326586380600818e-02
5.749097280825177930e-02
5.948434051126241795e-02
5.901091577485204076e-02
5.942772462964057700e-02
5.960147969424724884e-02
5.780759028469522470e-02
5.948190475814044142e-02
5.787119154507915086e-02
5.634021510370075536e-02
6.128034658109148686e-02
6.675091131900746932e-02
6.752726055060823129e-02
6.615087967365980426e-02
5.940118990217645861e-02
5.793454088270664354e-02
6.342786714434624218e-02
5.994102870424588420e-02
6.804493410512804652e-02
6.002655307762325143e-02
5.996844766040643204e-02
6.329506880293289672e-02
5.930697855850061012e-02
6.213674393172065324e-02
6.348412011439601155e-02
5.869038205904265199e-02
6.462104956309000503e-02
