9.494853499862883350e-02
7.556716928051578075e-02
7.396222030123074387e-02
6.879827715456485193e-02
7.019167579710483551e-02
6.936817876994609555e-02
6.553161189787917729e-02
6.450175084173678797e-02
5.735736787319183072e-02
6.588715000285041978e-02
6.222416617804103767e-02
6.285196269551912573e-02
6.374811374892791482e-02
6.478631291538476666e-02
6.408259436074230375e-02
6.331077466408412124e-02
6.031286451551649136e-02
6.170400751547681223e-02
5.905100663916932474e-02
6.205990225490596451e-02
6.230327066861920948e-02
6.251902449876070578e-02
6.247313660052087464e-02
6.110902525898483095e-02
6.191420904878112974e-02
5.843295407378011619e-02
5.578693625413709556e-02
6.231596380886104264e-02
5.986246433522966065e-02
5.811097626056935944e-02
5.747662439114517574e-02
6.022988959319061641e-02
5.316716709898577919e-02
6.131891657908757759e-02
6.010467060324218430e-02
6.003740102880530949e-02
5.588393962631622858e-02
5.324650268173879847e-02
5.917412915991412253e-02
5.934691605054669833e-02
5.939973029825422468e-02
5.868783241344822932e-02
5.915966865917046680e-02
5.854404432078202242e-02
5.898241417275534859e-02
6.061992603871557694e-02
5.573469054781728105e-02
5.470950773192776589e-02
5.719854382591114950e-02
5.931254341784450435e-02
5.869898736062977018e-02
5.648738201707601686e-02
5.832936105628808154e-02
5.897675330440203117e-02
5.817076808048619180e-02
5.702494902329312276e-02
5.067387140459484601e-02
5.816603617535696935e-02
5.502388827088806195e-02
5.262326627141899332e-02
5.740270434568325864e-02
5.913137532770633420e-02
5.567444045510556994e-02
6.008328164203299154e-02
5.567177093277374950e-02
5.643040397100978350e-02
5.493370449791352278e-02
5.608353519605265708e-02
5.651371125131845335e-02
5.451068441487021132e-02
5.737738160209523292e-02
5.660220049321651459e-02
5.574518953346543904e-02
5.613245955771870022e-02
5.516873523592948775e-02
5.673041347828176179e-02
5.531870085332128706e-02
5.369541777504815289e-02
5.797886360022756758e-02
5.507754693842596694e-02
5.551210074788993920e-02
5.446267761290073117e-02
5.293290221856700173e-02
5.242514045288165087e-02
5.362870763573381744e-02
5.701915493441952337e-02
5.436186914642651691e-02
5.083011771655744637e-02
5.439064231597715016e-02
5.520851965993642946e-02
5.690432453735007334e-02
5.002405688994460836e-02
5.349831732196940609e-02
5.288162361830472946e-02
5.503847249266174274e-02
5.450351459698544315e-02
5.508500484542714487e-02
5.668213282608323966e-02
5.685001052916049957e-02
5.390380476084020295e-02
5.572555897136529518e-02
5.280069346643156275e-02
5.597068290743562741e-02
5.271547983090082989e-02
5.132311857822868806e-02
5.351674581567446298e-02
5.441240929067134996e-02
5.594761665496561509e-02
5.475567606174283619e-02
5.236930555353561806e-02
5.125110540539026122e-02
5.460401609953906971e-02
5.024109048147996220e-02
5.451286120547188530e-02
5.460228435695171217e-02
5.454608831140730224e-02
5.445160352521472708e-02
5.260050646546814146e-02
5.532640609890222827e-02
4.633307370046774870e-02
5.398836487697230430e-02
5.031883935961458526e-02
5.409936132944292292e-02
5.556351207196712216e-02
5.501990136173036394e-02
5.260670971539285756e-02
5.390767037040657128e-02
5.537365966786941124e-02
5.452786189400487399e-02
5.167116510371367460e-02
5.240941165635983057e-02
5.429856185283925968e-02
5.194421176695161735e-02
5.235654597895012669e-02
5.176304245574606805e-02
5.068909654186831704e-02
5.037616462343268847e-02
5.390947593583000907e-02
4.827738828543159944e-02
5.464519198156065488e-02
4.789383334832059136e-02
5.498988063385089331e-02
5.407791266010867487e-02
5.443736020889547444e-02
5.414040608124600501e-02
5.004819739196035566e-02
5.106053540690077414e-02
5.119175165891647061e-02
5.230796289526754017e-02
5.259599091692103434e-02
4.913909039977523707e-02
5.303111554433902197e-02
5.290194261405203185e-02
4.595661709705988612e-02
5.259313866910007157e-02
4.937982679241233186e-02
5.422569869293106942e-02
5.368317111084858900e-02
5.165887431552012438e-02
5.244141036851538568e-02
5.216743385212289225e-02
5.283942771040731068e-02
5.310680117044183635e-02
4.843478364249070162e-02
3.830456150074799948e-02
5.100490481903155460e-02
5.184521151499615899e-02
5.367248670922385168e-02
5.186529349949624973e-02
5.211998625761932874e-02
5.310461063765817280e-02
5.216318093654181975e-02
5.191926914784643354e-02
4.510938421719604130e-02
5.178154976003700172e-02
5.279683348619275407e-02
5.203736505160728998e-02
5.251568187442090530e-02
5.176014564931392947e-02
5.153184591068162013e-02
5.231008978767527628e-02
4.508544301821126171e-02
5.190205317404535112e-02
5.238010481827788667e-02
4.951138392918640052e-02
5.029079065554671601e-02
5.037942555629544572e-02
5.013902681983179593e-02
4.891765481895870432e-02
4.418311593019300099e-02
5.173997382322947231e-02
5.057718584107027959e-02
5.195437682171662880e-02
5.043858269022570562e-02
5.017624002777867909e-02
5.281187771923012003e-02
4.639846910205152469e-02
4.416642435308959502e-02
4.864055681973696033e-02
4.984172744055589271e-02
5.089805598060290204e-02
5.158906053337786179e-02
4.850755921668476606e-02
5.099844406876299224e-02
5.114555969420406245e-02
5.085228650520245280e-02
4.852785468101501742e-02
5.053837299346923551e-02
4.683627088864644045e-02
4.964806205696530028e-02
5.107086095958947997e-02
4.883167996174759412e-02
4.945250612994035039e-02
4.977411960975991478e-02
4.640595803244246254e-02
5.141125851207309361e-02
4.620503534873326296e-02
4.954308176206217995e-02
4.786445839951435771e-02
4.943768338610728813e-02
5.083456144978602820e-02
5.098819610559278404e-02
5.171019494947459716e-02
5.048628358377350855e-02
4.556383749263154259e-02
5.221656918939616976e-02
4.901768974959850450e-02
5.146505934082799827e-02
4.931843616068363328e-02
4.683941960748699146e-02
5.070202601038747287e-02
5.107285705291562949e-02
4.987930692732334137e-02
5.000009439471694850e-02
4.626399173090855327e-02
5.119102671742439131e-02
4.530659899529483614e-02
4.843750142802794728e-02
4.889412658909956383e-02
4.825114576766888208e-02
4.756191964778635345e-02
5.134801680429114390e-02
4.630716869400607061e-02
4.611033306767543111e-02
4.584210651616255766e-02
4.927984275337722597e-02
5.082390358050663942e-02
4.683827060378260160e-02
5.063778232369157972e-02
5.044737158136235189e-02
4.824243065797620411e-02
4.000958216687043600e-02
5.039056036621332446e-02
4.764351221836275740e-02
4.731752086016866726e-02
4.985355087038543381e-02
4.965187571942806383e-02
4.765169796430402532e-02
5.123349330905410670e-02
4.924579666306574954e-02
4.864247625486717991e-02
4.940531427661577768e-02
4.926695554620690032e-02
5.072655023800002466e-02
4.961901971449454718e-02
5.080478563904762546e-02
4.965928691542810525e-02
4.965864380614624929e-02
5.025858899785412559e-02
4.799867630418803988e-02
4.279739271021551494e-02
4.433310899055666054e-02
4.952742389092842923e-02
4.419484266804324379e-02
4.652587376121017360e-02
4.827743923912445473e-02
5.001421783947282429e-02
4.895689247383011589e-02
4.863970975081125664e-02
4.851418754292859126e-02
4.913881646676195730e-02
4.983544291721449943e-02
4.833521669109662466e-02
4.913570197920004434e-02
5.123199814309676442e-02
5.035369398279322672e-02
4.840008426043722334e-02
5.039999466389417926e-02
4.711483623832464496e-02
4.678459380649858251e-02
4.883496914472845035e-02
4.789744594858752480e-02
4.792411265273888860e-02
4.721309426758024674e-02
4.996562194493081588e-02
4.737145882099867006e-02
5.065458031992117749e-02
4.653255755288733531e-02
5.056963714046610464e-02
4.886601565198765706e-02
4.901405076185862131e-02
4.627675937695635566e-02
4.785000928160217104e-02
4.935015704896714844e-02
4.633083813306358018e-02
4.346168889767593885e-02
4.800187390711572327e-02
4.697294338709778055e-02
4.840912438101238613e-02
4.686870889531241646e-02
4.905808272047175456e-02
4.819088557528124900e-02
4.698080857180886999e-02
4.845156114962365784e-02
4.731080840445227309e-02
4.418447520583868027e-02
4.926884304732084136e-02
4.822420583417018347e-02
4.912142273452546615e-02
4.499194046689404536e-02
4.850545674562454362e-02
4.961466189059945964e-02
4.817271400243043622e-02
4.782600469059414272e-02
3.966949209570884427e-02
4.507866427302360812e-02
4.644821844995021543e-02
4.672386397918065065e-02
4.663787417941623464e-02
4.795420730693472633e-02
4.651339196910461021e-02
4.619611383726199283e-02
4.879701170656416259e-02
4.574004552430576548e-02
4.216559061573611072e-02
4.826752299235926441e-02
4.381033875462081451e-02
5.008040662440988583e-02
4.972552054872115407e-02
4.311030480182832803e-02
4.528746789114342780e-02
4.661703714066081639e-02
4.705616424067152886e-02
4.929358257601658411e-02
4.760286793526675997e-02
4.860880432857407618e-02
4.840363278571102601e-02
4.511740938242939092e-02
4.779266944775979048e-02
4.768106980870167461e-02
4.681458448370297981e-02
4.594328088892830897e-02
4.800130613148212433e-02
4.887989711844258761e-02
4.569259387337499395e-02
4.762439872655603590e-02
4.554920591827896215e-02
4.721721257600519639e-02
4.804788070420424467e-02
4.634657667742834997e-02
4.362262592961390489e-02
4.849639501836564698e-02
4.479523843361271629e-02
4.749178147564332014e-02
4.980197027325630049e-02
4.617035811146100177e-02
4.883488987882932120e-02
4.809472175935904092e-02
4.722259934577677232e-02
4.764025828076733776e-02
4.547913494623369302e-02
4.831851265496677622e-02
4.729864568346076742e-02
4.687902294099331041e-02
4.731633392059141074e-02
4.922855968276659833e-02
4.579893036021126518e-02
4.711216214216417536e-02
4.855804464055431952e-02
4.607706498354673108e-02
4.762162696570158144e-02
4.632370778255992527e-02
4.732255710081921529e-02
4.464006181806325774e-02
4.004448215580648507e-02
4.594354706092013130e-02
4.834965428130494347e-02
4.661885657244258657e-02
4.731675626503096393e-02
4.651575231303771429e-02
4.610962261342339830e-02
4.629735716929038458e-02
4.664344868312279152e-02
4.528621238552861528e-02
4.673874750733375549e-02
4.650838215731912390e-02
4.524463829067018605e-02
4.422396587000952672e-02
4.782315693381759825e-02
4.521220690674251919e-02
4.848543246173196708e-02
4.586475833008686609e-02
4.819059487846162615e-02
4.465167663163609191e-02
4.329273692435688103e-02
4.704599266664849511e-02
4.806943498551845273e-02
4.601758505321211501e-02
3.684652462187740229e-02
4.747943288336197581e-02
4.630056853509611353e-02
4.829154678930838718e-02
4.663896415796545125e-02
4.663380169206195192e-02
4.717823283539877843e-02
4.480992265873485342e-02
4.458089388079113091e-02
4.623564777688847494e-02
4.042338757879204020e-02
4.817111088583866940e-02
4.598583221021625839e-02
4.194437041878699979e-02
4.855480717702044535e-02
4.729771342956357733e-02
4.821996260434389253e-02
4.297929141256544294e-02
4.553794318603144459e-02
4.091929592606094457e-02
4.231687241958247137e-02
4.532209214650922274e-02
4.677100560317436900e-02
4.374585553175873442e-02
4.681798598418632912e-02
4.695365060534742452e-02
4.573720751537217050e-02
4.369039992905325576e-02
4.898998120592699956e-02
4.634811474631229944e-02
4.678589513318406196e-02
4.705440097798904014e-02
4.590599505851666179e-02
4.680036724441581641e-02
4.694480053666565122e-02
4.662757428983847069e-02
4.439333646247784620e-02
4.701179946876234139e-02
4.696400389075279513e-02
4.799941151092449593e-02
3.793577127572562990e-02
4.807806027432282719e-02
4.530513654980394822e-02
4.745561830285522503e-02
4.587679509487416901e-02
4.722635263784064064e-02
4.293398323158423291e-02
4.672914573715792469e-02
3.945637610223558245e-02
4.669841796987586613e-02
4.425825582196315361e-02
4.374852265334791546e-02
4.674473731882042293e-02
4.638332012626859846e-02
4.848905565838019377e-02
4.645881450010670710e-02
4.574115694397025422e-02
4.125905181798669719e-02
4.704466983675956865e-02
4.534844756126403531e-02
4.196744422531790281e-02
4.673361939688523703e-02
4.574948839015430951e-02
4.578264167325363926e-02
4.694978940404123668e-02
4.325951426807377043e-02
4.726326378683249479e-02
4.679964302728573805e-02
4.549802568637662664e-02
4.449068154725763224e-02
4.626927955283059030e-02
4.635049988412194566e-02
4.394899666723278003e-02
4.330283753159973326e-02
4.273150436994102574e-02
4.290581691182322049e-02
4.088672207047541751e-02
4.357943824595875149e-02
4.223751253965828123e-02
4.422572248925765032e-02
4.569293717957205458e-02
4.274257320082849865e-02
4.461470683001809989e-02
4.434581802537043704e-02
4.512714385572406950e-02
4.752975139353010636e-02
4.485748010791010265e-02
4.478405283557044397e-02
4.758718665689230104e-02
4.677792514363924431e-02
4.512593713071610946e-02
4.703666996210813245e-02
