2.116211307980120082e-01
8.870453089475631436e-02
7.950784837827086504e-02
7.757045092061161384e-02
7.473516793921590462e-02
7.425836609676479683e-02
7.238746680319309290e-02
7.009439179673790377e-02
7.193837117403745207e-02
6.917714487761258968e-02
6.461071089841424753e-02
6.863246807828544960e-02
6.775815553963183968e-02
6.919574389234185718e-02
6.814505444839596970e-02
6.503491552546619703e-02
6.817807396873831749e-02
6.737964577972889446e-02
6.722238298505545107e-02
6.610245941206813192e-02
6.663786698132753705e-02
6.528024218976496984e-02
6.718003092333674209e-02
6.273538294248283409e-02
6.550520134158432928e-02
6.465079936198890598e-02
6.564476015977561973e-02
6.423073386773467397e-02
6.341441280208527653e-02
6.379214448854327035e-02
6.435213393531739878e-02
6.042766252532601190e-02
6.358509835787116982e-02
6.229569570161402198e-02
6.463159116916358804e-02
6.422768535092472642e-02
6.409148033708333969e-02
6.347347688861190718e-02
6.281145098619163314e-02
6.356444773264229020e-02
6.295105146244167615e-02
6.247358403168618707e-02
6.321921773254871035e-02
6.303252196870744173e-02
6.286875405348837931e-02
6.155372912064194929e-02
6.007028223946690726e-02
6.051072394475340982e-02
6.105833803303539753e-02
6.307343093678355328e-02
6.110371501184999610e-02
6.062850812450051169e-02
6.187031763605773532e-02
6.257786426693201509e-02
6.157409166917204857e-02
6.137656830251216750e-02
6.094742021523415904e-02
6.055495325475931251e-02
6.070982511155307432e-02
6.136498699896037606e-02
6.169271942228078676e-02
6.050153334625065632e-02
6.064125196076929764e-02
6.073499134741723593e-02
6.092277185991406413e-02
5.996964285150170604e-02
5.874959098175167732e-02
5.886299310252070260e-02
6.127655782736837753e-02
5.989578849636018054e-02
5.895549883134663244e-02
6.070126711390912838e-02
5.869509962387382818e-02
5.919017431326210193e-02
6.086494836024940180e-02
5.868997412733733404e-02
6.158397580496966645e-02
5.926933102309703966e-02
5.878261740319430662e-02
5.952928437851369436e-02
5.707099949941039224e-02
6.035717127844691249e-02
5.955583117902278623e-02
5.932895328849554367e-02
5.882431980222463386e-02
5.698151918128133153e-02
5.937741725705564244e-02
5.920174816623330338e-02
5.941243385896086832e-02
5.906705934554338372e-02
5.902182726189494216e-02
5.768427873030304576e-02
5.809198784641921715e-02
5.901274911127984274e-02
5.710619743913412233e-02
5.927619510330259939e-02
5.769377681426703791e-02
5.797877907752990723e-02
5.889718063175677920e-02
5.800584011711180238e-02
