7.308349217891692895e+00
5.370273438021541113e-01
1.562989082187414280e-01
1.118521116692572787e-01
8.804956181347370348e-02
8.080242394283414231e-02
8.143159773014485570e-02
7.989756407402455463e-02
8.324165029823779594e-02
8.000366325490176900e-02
7.847502700611949655e-02
7.811697109043598541e-02
7.273869359120727074e-02
8.020587107539177418e-02
7.632335622794926555e-02
7.317299999110400688e-02
7.802396032586693397e-02
7.276713111437857484e-02
6.914060804247855463e-02
7.088426880910993211e-02
6.843301373906433838e-02
6.908725629001856439e-02
6.868902898579835881e-02
7.074694987572729965e-02
6.856460685282945999e-02
6.970332987792790536e-02
6.875615970790385778e-02
6.893774317763745607e-02
7.660500597022473768e-02
7.698919426836073332e-02
6.732868988811969990e-02
7.313289224728941607e-02
6.924574538134038726e-02
6.847555205412209078e-02
6.856082118116318957e-02
6.804908980242907468e-02
6.640688513778150726e-02
6.966110931523143701e-02
6.543190014548599942e-02
6.628649380430579052e-02
6.577543210983276267e-02
6.874374932982027508e-02
7.033488013409078254e-02
6.523280273005366281e-02
6.471842010878026130e-02
6.797985533252358381e-02
6.569903900101781158e-02
6.602236572839319251e-02
7.111370898317545541e-02
6.701368598267436194e-02
6.644948360696434353e-02
6.826607785001397033e-02
6.525192805193365253e-02
6.549751378595829177e-02
6.497298293560743732e-02
6.444438541494310058e-02
6.496213168837129681e-02
6.642799527570605878e-02
6.636052953638135743e-02
6.453677136451005381e-02
6.514347812160849183e-02
6.431569386832415580e-02
6.691874028928578022e-02
6.434268993139266590e-02
6.389981409721076644e-02
6.402287231758237163e-02
6.552786046639084983e-02
6.526564859226345605e-02
6.318534091487526538e-02
6.960625790990888906e-02
6.472718596830964732e-02
6.385316465795040641e-02
6.731954936310649562e-02
6.426619375497102937e-02
6.433571597002446518e-02
7.341629005409777697e-02
6.294008248392492233e-02
6.576036871224641422e-02
6.438138730451464786e-02
6.337309927120804431e-02
6.710780945234000316e-02
6.553846691921352829e-02
6.380364879593253269e-02
6.595614158548414319e-02
6.588895211368799021e-02
6.536149087268859625e-02
6.419255605153739719e-02
6.368988425284624610e-02
6.317094493098557306e-02
6.165980930626392686e-02
6.394438033737241678e-02
6.458601500000804574e-02
6.549292502552270245e-02
6.277194945327937980e-02
6.775126884318888321e-02
6.382763651385903181e-02
6.280503384117036569e-02
6.215004640817642367e-02
6.270049600489437103e-02
6.221613280009478247e-02
