1.678266594452517413e-01
1.661324218979903511e-01
1.686738862523010918e-01
1.659697491143430903e-01
1.717607091580118372e-01
1.655343079141207985e-01
1.629796996712684631e-01
1.704877290342535212e-01
1.646768275116171076e-01
1.646620093711785027e-01
1.612639544265610791e-01
1.561657908771719172e-01
1.576596402696200661e-01
1.643494069576263428e-01
1.645839267543383888e-01
1.632665656507015228e-01
1.571270035845892810e-01
1.631216901753629878e-01
1.708727649280003258e-01
1.638134073998246953e-01
1.593423224985599518e-01
1.565168962946959785e-01
1.571729129978588768e-01
1.587804215294974230e-01
1.588128294263567164e-01
1.548921247678143598e-01
1.550603407834257319e-01
1.584569918257849597e-01
1.600793866174561597e-01
1.548318671328680896e-01
1.611081606575421044e-01
1.590064822563103386e-01
1.568231736975056745e-01
1.576770852719034388e-01
1.636252296822411634e-01
1.501604542136192322e-01
1.615228578448295593e-01
1.599570534058979698e-01
1.503234420503888891e-01
1.579376932765756414e-01
1.581517213157244972e-01
1.550015823117324165e-01
1.612221534763063624e-01
1.639625504612922668e-01
1.464480965265206047e-01
1.505584903061389923e-01
1.477459254009383105e-01
1.619240199880940534e-01
1.513912004551717094e-01
1.528148236019270800e-01
1.610925144382885643e-01
1.503824676786150172e-01
1.520506771547453784e-01
1.461557942841734126e-01
1.473178996571472832e-01
1.443298991237367823e-01
1.488751487008162788e-01
1.520981698163918205e-01
1.568751473511968419e-01
1.550993605383804985e-01
1.557547460709299281e-01
1.533448062837123871e-01
1.485589785235268689e-01
1.514832883008888909e-01
1.610070238155978106e-01
1.551136299967765808e-01
1.551019964473588086e-01
1.551605494959013842e-01
1.485156911824430659e-01
1.486719772219657898e-01
1.584955698677471825e-01
1.470443883112498573e-01
1.435343117586203865e-01
1.622875604246343806e-01
1.544211810188634015e-01
1.470528367374624445e-01
1.548276836318629168e-01
1.445035077631473541e-01
1.493542838309492304e-01
1.457028271896498584e-01
1.586713035191808507e-01
1.474343586180891230e-01
1.511048493640763379e-01
1.456662341952323914e-01
1.569436964179788396e-01
1.462432162037917427e-01
1.596789993345737457e-01
1.464440210589340874e-01
1.505773338888372614e-01
1.456983201205730438e-01
1.455437876284122467e-01
1.429897701101643659e-01
1.584165899881294914e-01
1.523857276354517176e-01
1.526395087795598127e-01
1.523773074150085449e-01
1.410097889602184296e-01
1.493274069258145043e-01
1.516455747187137604e-01
1.478236562439373680e-01
1.530442567808287524e-01
1.388876360974141411e-01
1.492220259138516136e-01
1.573268372033323481e-01
1.486877128481864929e-01
1.461812736732619189e-01
1.417125676359449193e-01
1.437851600348949432e-01
1.498621585113661669e-01
1.453982847077505969e-01
1.414300836622714996e-01
1.464076808520725914e-01
1.466432304254599861e-01
1.517105597470487788e-01
1.501628197729587555e-01
1.506749583142144300e-01
1.466149719698088549e-01
1.401640964405877210e-01
1.451638194599322029e-01
1.482417865523270317e-01
1.523956730961799622e-01
1.636949655200753972e-01
1.553526297211647034e-01
1.467699334025382996e-01
1.569108489368643000e-01
1.517247802444866844e-01
1.446669655186789416e-01
1.434932138238634303e-01
1.457057116287095166e-01
1.420048791915178299e-01
1.485883447208574959e-01
1.438977047801017761e-01
1.457279420324734398e-01
1.367099056286471270e-01
1.368013601750135422e-01
1.479926072061061859e-01
1.504012309014797211e-01
1.418328482125486567e-01
1.478740929492882439e-01
1.445054954716137596e-01
1.486308627894946388e-01
1.482536750180380725e-01
1.364402667220149801e-01
1.512906226728643611e-01
1.530104231621537969e-01
1.462608091533184052e-01
1.540890745818614960e-01
1.456200602863516047e-01
1.411203779280185699e-01
1.411717496812343597e-01
1.444360406271048836e-01
1.490018032491207123e-01
1.453515477478504181e-01
1.483040281704493812e-01
1.472300176641770653e-01
1.394302089299474523e-01
1.493627237422125720e-01
1.493209909115518763e-01
1.495820092303412341e-01
1.504223634089742467e-01
1.462686759020601079e-01
1.490479170211723992e-01
1.538759549813611127e-01
1.521975823811122230e-01
1.468020246497222236e-01
1.396687807781355761e-01
1.519697074379239843e-01
1.424475817808083244e-01
1.403629668056964874e-01
1.472264922090939232e-01
1.444931466664586828e-01
1.440530850418976494e-01
1.429758306060518458e-01
1.394959462008305839e-01
1.433098867003406718e-01
1.413526918206896021e-01
1.447389700583049110e-01
1.412512920796871185e-01
1.550691330007144264e-01
1.461406451250825689e-01
1.508189253509044647e-01
1.460685447922774605e-01
1.394997028900044345e-01
1.452318637498787590e-01
1.408728526106902412e-01
1.429942367332322217e-01
1.492709772927420520e-01
1.436808678720678523e-01
1.368551823709692195e-01
1.475653621767248347e-01
1.404546850493975929e-01
1.389904940234763242e-01
1.448281489844833181e-01
1.524703710206917473e-01
1.465900034776755623e-01
1.418058685958385468e-01
1.528110573334353350e-01
1.453404596873692223e-01
1.408733108213969520e-01
1.492232563240187548e-01
1.411774584225245766e-01
1.456886716187000275e-01
1.393563356250524521e-01
1.347727552056312561e-01
1.472046300768852234e-01
1.502636724284716896e-01
1.461763046681880951e-01
1.420326381921768188e-01
1.460734547248908333e-01
1.466738581657409668e-01
1.512523740530014038e-01
1.397585078541721537e-01
1.575453920023781873e-01
1.496046653815678307e-01
1.421784085354634575e-01
1.383922573711190984e-01
1.516403912433556267e-01
1.486144587397575378e-01
1.340264584869146347e-01
1.463909638779503919e-01
1.311352279569421575e-01
1.519957110285758972e-01
1.527106745966843315e-01
1.432984769344329834e-01
1.376232486218214035e-01
1.479985272245747663e-01
1.464023180305957794e-01
1.431915749396596715e-01
1.437026629490511798e-01
1.367906055280140587e-01
1.396940246756587789e-01
1.442508505923407458e-01
1.397033849997179888e-01
1.428565484072480962e-01
1.379287945372717761e-01
1.433747291032756999e-01
1.402524039149284363e-01
1.502967072384698011e-01
1.508937579180513189e-01
1.310776703591857717e-01
1.393961722829512306e-01
1.418457941285201362e-01
1.555271058210304924e-01
1.451223998197487541e-01
1.494207797305924512e-01
1.431115306913852692e-01
1.367803168083940313e-01
1.349014778222356603e-01
1.360465245587485217e-01
1.438367074089390851e-01
1.390640852706772901e-01
1.461711696216038414e-01
1.452514827251434326e-01
1.486541900251592829e-01
1.477651218218462847e-01
1.458308366792542554e-01
1.391312964260578156e-01
1.415891892143658348e-01
1.471289630447115138e-01
1.445189256753240392e-01
1.462664013462407209e-01
1.441293358802795410e-01
1.384837765778814123e-01
1.373667783503021433e-01
1.346218977123498917e-01
1.453922422868864917e-01
1.461767916168485448e-01
1.338256922151361272e-01
1.522654002266270734e-01
1.439801148538078501e-01
1.411231708313737676e-01
1.408427554581846430e-01
1.400007648127419568e-01
1.419027639286858655e-01
1.410266240792615033e-01
1.463283337652683258e-01
1.377424842544964501e-01
1.464074142277240753e-01
1.408296812857900426e-01
1.360464112034865669e-01
1.405537325356687739e-01
1.450174509414604851e-01
1.380616958652223780e-01
1.461669121469770238e-01
1.465178909046309375e-01
1.503915973007678986e-01
1.440507045813969322e-01
1.410172837121146105e-01
1.369585418807608701e-01
1.413098400724785708e-01
1.503139234014919945e-01
1.449424470109599017e-01
1.459875223892075635e-01
1.390343904495239258e-01
1.352032808853047274e-01
1.500835322907992653e-01
1.505841532988207720e-01
1.507793122104235939e-01
1.519566534885338493e-01
1.392785672630582616e-01
1.441813819110393524e-01
1.549626168395791814e-01
1.404293679765292457e-01
1.431721640484673597e-01
1.418797985783644966e-01
1.447162529719727420e-01
1.485571345048291303e-01
1.438358894416264244e-01
1.334454960056713768e-01
1.368056932198149778e-01
1.452595197728701881e-01
1.314108286585126684e-01
1.414461582899093628e-01
1.349608373961278251e-01
1.522313383008752630e-01
1.453483615602765844e-01
1.425944875393594935e-01
1.476733535528182983e-01
1.390212774276733398e-01
1.523165873118809410e-01
1.449048662824290179e-01
1.403806145702089503e-01
1.405117517071110822e-01
1.377606320061854073e-01
1.387185635311262988e-01
1.396161413618496605e-01
1.381105578371456810e-01
1.481190387691770360e-01
1.360121539660862633e-01
1.330818802650485799e-01
1.384251053844179347e-01
1.348425767251423546e-01
1.411261393555573174e-01
1.446598353130476855e-01
1.464915158493178271e-01
1.471245155802794746e-01
1.527733371726104072e-01
1.439485137483903221e-01
1.366570400340216540e-01
1.366449703595467857e-01
1.447360494307109169e-01
1.412689805563007162e-01
1.492097148937838458e-01
1.388081328145095161e-01
1.364603228867053986e-01
1.376985082668917559e-01
1.337323441569294169e-01
1.385854982904025368e-01
1.489224806427955627e-01
1.456061968845980548e-01
1.423489906425987050e-01
1.422231080276625537e-01
1.379556517515863612e-01
1.408175852681909368e-01
1.421563348599842735e-01
1.471140432570661738e-01
1.414355539849826149e-01
1.456701393638338282e-01
1.397314061011586950e-01
1.388957064066614344e-01
1.417611837387084961e-01
1.428402441420725533e-01
1.457283326557704262e-01
1.412053794733115486e-01
1.436594117965017126e-01
1.404020578733512215e-01
1.494703484433037854e-01
1.410189010202884674e-01
1.414381494479519941e-01
1.466040148266724297e-01
1.346165426075458527e-01
1.452071831694670967e-01
1.402109339833259583e-01
1.393841023423842140e-01
1.412088365427085213e-01
1.405290335948978231e-01
1.385845222643443397e-01
1.516144062791551783e-01
1.414380054920911789e-01
1.458909947957311437e-01
1.446553612393992327e-01
1.403781021279948138e-01
1.443363901759897039e-01
1.461621288742337987e-01
1.349190715700387955e-01
1.387477389403752037e-01
1.424678952566214851e-01
1.501324384340218254e-01
1.491214063550744817e-01
1.365071604294436358e-01
1.380281091800757698e-01
1.424883455038070679e-01
1.402648495776312731e-01
1.461282037198543549e-01
1.472998421107019618e-01
1.436984416629586980e-01
1.383036337792873383e-01
1.387431089367185399e-01
1.411379950919321724e-01
1.448675473885876752e-01
1.420697293111256310e-01
1.481283472052642158e-01
1.353554023163659192e-01
1.433333688016448781e-01
1.421100481280258843e-01
1.469029624547277257e-01
1.449271871575287529e-01
1.453038725469793513e-01
1.382240581193140694e-01
1.380495067153658106e-01
1.444491030914442919e-01
1.397884557289736651e-01
1.311699527182749458e-01
1.341449485293456367e-01
1.411400860441582583e-01
1.449837200343608856e-01
1.353365800210407921e-01
1.423657395477805898e-01
1.398425368326050855e-01
1.400873983012778379e-01
1.490167858345168017e-01
1.418160024498190119e-01
1.516832565622670270e-01
1.444488369992801002e-01
1.464649593191487409e-01
1.359162226851497457e-01
1.455773721848215296e-01
1.440433995532137967e-01
1.349277437797614387e-01
1.350524351000785828e-01
1.443798427603074364e-01
1.454674990049430183e-01
1.374227399272578143e-01
1.511547570782048322e-01
1.444210476641143992e-01
1.414617470332554527e-01
1.389562806912831017e-01
1.424488289547818087e-01
1.449177717523915387e-01
1.355171666613646797e-01
1.442072540521621704e-01
1.423118907426084712e-01
1.367299679134573176e-01
1.415626507784639165e-01
1.365929703627313807e-01
1.443974040448665619e-01
1.459737249783107094e-01
1.426482940358775042e-01
1.407445626599448107e-01
1.410566163914544202e-01
1.405713994588170812e-01
1.427166265036378667e-01
1.361454496426241778e-01
1.445945054292678833e-01
1.390853500259774111e-01
1.351645913507257268e-01
1.491298835192407801e-01
1.405488247317927264e-01
1.369832211307116798e-01
1.408391302185399152e-01
1.455798271511282160e-01
1.465450014386858180e-01
1.376299411058425903e-01
1.408532831285680964e-01
1.465653878237520025e-01
1.460532854710306361e-01
1.437061562069824883e-01
1.406950269426618383e-01
1.453705956893307782e-01
1.501805101122175023e-01
1.385141847921269320e-01
1.369446510715144061e-01
1.389557469104017451e-01
1.374414770730904289e-01
1.319059101598603345e-01
1.356944596128804303e-01
1.324530387563364886e-01
1.361982173153332421e-01
1.369384798620428279e-01
1.434203428881508924e-01
1.351303085684776306e-01
1.316237572048391535e-01
1.310309403176818654e-01
1.365756919341427900e-01
1.451477363173450663e-01
1.355550603142806343e-01
1.443742785070623591e-01
1.386158269430909917e-01
1.356371364423206993e-01
1.427455661552292920e-01
1.382539229733603381e-01
1.388498986405985736e-01
1.350595299154520035e-01
1.426864367510591314e-01
1.389377420502049543e-01
1.401881362710680201e-01
1.462612556559698962e-01
1.433465310505458168e-01
1.357285441564662076e-01
1.439416232917989924e-01
1.445443747299058057e-01
1.310514057321207904e-01
1.326299881828682803e-01
1.310239271926028348e-01
1.438635907002857872e-01
1.334413641265460304e-01
1.397382257772343539e-01
1.450504202927861974e-01
1.377137590731893346e-01
1.410219679985727503e-01
1.432473632906164362e-01
1.442594360560178757e-01
1.445017824215548419e-01
1.442100788865770533e-01
1.421943376106875323e-01
1.359348432826144315e-01
1.444604859820433906e-01
1.357373733605657384e-01
1.379996530179466441e-01
1.405474857560225777e-01
1.319127170635121249e-01
1.432993066098008916e-01
1.439827994576522163e-01
1.363576812935727023e-01
1.415426103132111646e-01
1.357752670134816930e-01
1.338084835026945307e-01
1.352269958172525599e-01
1.450918870312827014e-01
1.454012947423117541e-01
1.382354771984475039e-01
1.408341598830052666e-01
1.390749971781458094e-01
1.404083176915134623e-01
1.422326852168355749e-01
1.391756694231714442e-01
1.415767589850085162e-01
1.377003911350454524e-01
1.297366587179047681e-01
1.402146220207214355e-01
1.386587273861680791e-01
1.324092692562512108e-01
1.303003446332045845e-01
1.366784726934773542e-01
1.418108689997877314e-01
1.365983608577932551e-01
1.373685436057192899e-01
1.336476531411920354e-01
1.403189290847097204e-01
1.403997311634676837e-01
1.368163640477827736e-01
1.407973931304045967e-01
1.355763801506587318e-01
1.403688559574740313e-01
1.376491766422986984e-01
1.328141934105328270e-01
1.396441603345530413e-01
1.429579720965453438e-01
1.355825822268213465e-01
1.317707180444683268e-01
1.326803602278232574e-01
1.393910220691136070e-01
1.346944070288113304e-01
1.478860016380037501e-01
1.366016699799469658e-01
1.412897961480276965e-01
1.399147382804325768e-01
1.427319201507738777e-01
1.327507283006395533e-01
1.408908779599837013e-01
1.394174987716334246e-01
1.363664029964379021e-01
1.261967433882611178e-01
1.279305852949619293e-01
1.350207392658506200e-01
1.355099058044808291e-01
1.391481911497456647e-01
1.358384883829525658e-01
1.422001059566225245e-01
1.334440769361598111e-01
1.293937255229268835e-01
1.354327616947037793e-01
1.362800946725266360e-01
1.351644630943025782e-01
1.394067640815462306e-01
1.339375709316560081e-01
1.387703769973346046e-01
1.346471770001309298e-01
1.397471672722271629e-01
1.368755048939160057e-01
1.348603138966219805e-01
1.365986764430999756e-01
1.373167458389486506e-01
1.419689399855477430e-01
1.400925655450139806e-01
1.340924368372985176e-01
1.317792686500719734e-01
1.374087227242333509e-01
1.284682928983654215e-01
1.346036086657217690e-01
1.364019119313784889e-01
1.405377156500305369e-01
1.366145451154027746e-01
1.370146599199090764e-01
1.400594801775046638e-01
1.421733921659844302e-01
1.382935688431773946e-01
1.389486872191940114e-01
1.364119521209171959e-01
1.338516311453921415e-01
1.349826348679406263e-01
1.343727143747465991e-01
1.389796478407723523e-01
1.332883334585598656e-01
1.424118328307356074e-01
1.421319137194327065e-01
1.312864428119999982e-01
1.436293236911296844e-01
1.384584972901003741e-01
1.333153521908181094e-01
1.364695887480463221e-01
1.351809509630714223e-01
1.393247358500957489e-01
1.327670317675386236e-01
1.421343285058225825e-01
1.403445212968758293e-01
1.364657320082187653e-01
1.394035773617880725e-01
1.373370790055819801e-01
1.345910648150103472e-01
1.338041712130819128e-01
1.326924219195331767e-01
1.333395782858133316e-01
1.377254860209567167e-01
1.359737589955329895e-01
1.389325851840632342e-01
1.306383263851915166e-01
1.372477992304733940e-01
1.390673523502690412e-01
1.380250618926116279e-01
1.312325064625058935e-01
1.377428264490195564e-01
1.459538494901997663e-01
1.388698632695845314e-01
1.361831671425274559e-01
1.458028416548456385e-01
1.327228804251977257e-01
1.333302429744175621e-01
1.393478204097066686e-01
1.335273278611046888e-01
1.335184866828577899e-01
1.375991553068161011e-01
1.376930877034153178e-01
1.367382117147956655e-01
1.413912733218499473e-01
1.345242591840880297e-01
1.346753625465290927e-01
1.442136695342404462e-01
1.330277195998600670e-01
1.430613079241343788e-01
1.368992610701492973e-01
1.361926493367978386e-01
1.360518772687230871e-01
1.397229156323841759e-01
1.411167566797562889e-01
1.498594784310885719e-01
1.315012811017887973e-01
1.372578814625740051e-01
1.353778110018798164e-01
1.302517727017402649e-01
1.399081546281065180e-01
1.377989766853196241e-01
1.403140883360590174e-01
1.351628782493727587e-01
1.334057655185461044e-01
1.418852002492972664e-01
1.378495576126234912e-01
1.361826770007610321e-01
1.328597036855561353e-01
1.364180019923618981e-01
1.363983611975397303e-01
1.289370113185473732e-01
1.370612481342894651e-01
1.357414898063455388e-01
1.372128150292805382e-01
1.316617088658469104e-01
1.410190678600753977e-01
1.382656054837363147e-01
1.430381235799619011e-01
1.255117755915437505e-01
1.299345943012407967e-01
1.362595920051847265e-01
1.333056701613324069e-01
1.351846344769001007e-01
1.366883340690817072e-01
1.355103437921830467e-01
1.400042192212172798e-01
1.397554459316389941e-01
1.380154644804341413e-01
1.355557042573179438e-01
1.376345705773149297e-01
1.373591848782130531e-01
1.355553048529795357e-01
1.257892450583832644e-01
1.383258343807288460e-01
1.243314479610749673e-01
1.346576397440263084e-01
1.342556396765368365e-01
1.358321229262011431e-01
1.420617561255182459e-01
1.339320412703922936e-01
1.364181989005633644e-01
1.383580299360411547e-01
1.381046915692942523e-01
1.391578401838030055e-01
1.396660698311669446e-01
1.294476799666881561e-01
1.405903138220310211e-01
1.356791699571268939e-01
1.422610660748822309e-01
1.382036097347736359e-01
1.354614384472370148e-01
1.392215250858238884e-01
1.381767429411411285e-01
1.421506894486291028e-01
1.329160942030804538e-01
1.417190924819026754e-01
1.326143866670983218e-01
1.414795480668544769e-01
1.367450202150004290e-01
1.373548055333750628e-01
1.398484770740781591e-01
1.244995540806225348e-01
1.382058071238654040e-01
1.411593199840613655e-01
1.389073367629732325e-01
1.278316873524870112e-01
1.330500143979276850e-01
1.404903174511023811e-01
1.347787486655371569e-01
1.398114780230181597e-01
1.431732821677412226e-01
1.280926942293132975e-01
1.394203230738639832e-01
1.349725994680608943e-01
1.343042163976601311e-01
1.412471027246543220e-01
1.416004688612052254e-01
1.402230736400399969e-01
1.329576814813273333e-01
1.263751906475850395e-01
1.297179830393620781e-01
1.352138479373284630e-01
1.314307102667433835e-01
1.322580610534974388e-01
1.387616928134645655e-01
1.326924378850630470e-01
1.412685500191790677e-01
1.408450715243816376e-01
1.301973289144890689e-01
1.370668621467692472e-01
1.365166551300457665e-01
1.301641057112387367e-01
1.346870173833199791e-01
1.448014021984168342e-01
1.370177146579538152e-01
1.398420041160924054e-01
1.423757023044995018e-01
1.341300888785294243e-01
1.406461623098169134e-01
1.408484131097793579e-01
1.427080782928637215e-01
1.340768946600811862e-01
1.373309024742671303e-01
1.399008668959140778e-01
1.375844228480543330e-01
1.314453993524823949e-01
1.339810751378536224e-01
1.269893587699958137e-01
1.401640767497675799e-01
1.286339829010622882e-01
1.356580257415771484e-01
1.307384603257690237e-01
1.297341678291559219e-01
1.362734785569565676e-01
1.386178508400917053e-01
1.317433933062212847e-01
1.427313483187130638e-01
1.376297045499086380e-01
1.426535674503871254e-01
1.339442639478615471e-01
1.321565067129475690e-01
1.357599584651844882e-01
1.326935283307518199e-01
1.286522370896168999e-01
1.447502592844622515e-01
1.372619952474321559e-01
1.329387170927865125e-01
1.329684813639947227e-01
1.394517514854669571e-01
1.312977429479360580e-01
1.334047439907278254e-01
1.369867654783385180e-01
1.299949573086840726e-01
1.342505331018141457e-01
1.291959567793778130e-01
1.400230702544961736e-01
1.359400546976498314e-01
1.394057231289999865e-01
1.318439295781510257e-01
1.388638743332454017e-01
1.376201169831412219e-01
1.355519717825310611e-01
1.334749242024762250e-01
1.355310109044824407e-01
1.411332285829952904e-01
1.287830126072679326e-01
1.332124945308481023e-01
1.336938321058239176e-01
1.346278733440808006e-01
1.362925600260496140e-01
1.323575675487518311e-01
1.342549026012420654e-01
1.333142175738300517e-01
1.307487211057118126e-01
1.316347694290535830e-01
1.409718255911554530e-01
1.368554756045341492e-01
1.423520424536296181e-01
1.324153981570686534e-01
1.315524564789874173e-01
1.370648284043584630e-01
1.351709339235510066e-01
1.391047760844230652e-01
1.376736105552741340e-01
1.342305844383580304e-01
1.373476636196885869e-01
1.331901478448084541e-01
1.356122376663344287e-01
1.404265596398285576e-01
1.272686671997819707e-01
1.407235930008547686e-01
1.372729438756193354e-01
1.322987228631973267e-01
1.282272650195019625e-01
1.290129455072539233e-01
1.330221178276198291e-01
1.378414375441414930e-01
1.404992868857724286e-01
1.305550948849746040e-01
1.300535074302128502e-01
1.407270641731364347e-01
1.310830225369759849e-01
1.337762671921934321e-01
1.298105716705322266e-01
1.341406702995300293e-01
1.339501073317868329e-01
1.388995700648852638e-01
1.338973053331886098e-01
1.365831882825919441e-01
1.317131915794951535e-01
1.353611339415822790e-01
1.307839628841195867e-01
1.330116955297333814e-01
1.267694668578250028e-01
1.335907977606569097e-01
1.370784991553851417e-01
1.282360697431223773e-01
1.320108505231993579e-01
1.333385386637278847e-01
1.354196353682450005e-01
1.454193581427846715e-01
1.368746720254421234e-01
1.388698983937501907e-01
1.337394224745886706e-01
1.441328882106713005e-01
1.396816543170384117e-01
1.352734004280396751e-01
1.338358082409416006e-01
1.340015716850757599e-01
1.366281232663563439e-01
1.412267179361411384e-01
1.347731405070849708e-01
1.301291372094835475e-01
1.371675857475825600e-01
1.299553196877241135e-01
1.407382679837090589e-01
1.338165258722645856e-01
1.386796661785670570e-01
1.388709827193192192e-01
1.360854384090219305e-01
1.341654216604573346e-01
1.354829152779919721e-01
1.335308687495333768e-01
1.361922326364687630e-01
1.293165250016110324e-01
1.376375598566872693e-01
1.337936837226152420e-01
1.369006178740944102e-01
1.410861707159451195e-01
1.341405431074755572e-01
1.406085382082632729e-01
1.372347298477377131e-01
1.358693923268999293e-01
1.351862847805023193e-01
1.343134955636092476e-01
1.362520365842751213e-01
1.343697077993835642e-01
1.345068639410393618e-01
1.392443717590400032e-01
1.346606487142188169e-01
1.442806241767747022e-01
1.342539321631193161e-01
1.267594016556228831e-01
1.344065934951816366e-01
1.396164745092391968e-01
1.373393445142677971e-01
1.331664230674505234e-01
1.392677421016352557e-01
1.365024117486817457e-01
1.354894598147698692e-01
1.346542547856058314e-01
1.357798863734517858e-01
1.334454393280403994e-01
1.307703594544104286e-01
1.471375386629785731e-01
1.411918305924960426e-01
1.364699889506612585e-01
1.354777642658778480e-01
1.307055723986455253e-01
1.309841754181044482e-01
1.269134980227266118e-01
1.300057265907526016e-01
1.385874966425555133e-01
1.346841454505920410e-01
1.395739354193210602e-01
1.336154480065618322e-01
1.372913005096571826e-01
1.285281612404755303e-01
1.350065789052418419e-01
1.363414949072258853e-01
1.409864526774202154e-01
1.374884878418275169e-01
1.392920975174222753e-01
1.350171108330999181e-01
1.352319163935525037e-01
1.375511623919010162e-01
1.303101652967078306e-01
1.331757865846157074e-01
1.246079693415335227e-01
1.317031439393758774e-01
1.304658350667783073e-01
1.376376545854977318e-01
1.412612971450601385e-01
1.331684105098247528e-01
1.335355964090143011e-01
1.361496826367718793e-01
1.333846750536135384e-01
1.413264407643250176e-01
1.362483352422714233e-01
1.308907137385436348e-01
1.323788501322269440e-01
1.358687803149223328e-01
1.388831891651664541e-01
1.306999929781471059e-01
1.360534940447126195e-01
1.444274453180176832e-01
1.323774244104112818e-01
1.399612091481685638e-01
1.317337583750486374e-01
1.350624885942254827e-01
1.389364978032452680e-01
1.326069113399301336e-01
1.429137566259928993e-01
1.318371647170611671e-01
1.421705628080027484e-01
1.337398567370005897e-01
1.335223120238099859e-01
1.382827029696532539e-01
1.349871320916073703e-01
1.339554938354662605e-01
1.359391196497849175e-01
1.348166641380105779e-01
1.363741915140833094e-01
1.392584203609398552e-01
1.316730550357273766e-01
1.329459872628961370e-01
1.411032479788575933e-01
1.320157910564116188e-01
1.329825946262904457e-01
1.386687345802783966e-01
1.295245710228170588e-01
1.308468010808740423e-01
1.347442224089588358e-01
1.343393937817641548e-01
1.230621705097811602e-01
1.366311258503369042e-01
1.329577746135847949e-01
1.366581735866410352e-01
1.351815116192613409e-01
