1.685535721480846405e-01
1.636716499924659729e-01
1.511023901402950287e-01
1.546939574182033539e-01
1.610991358757019043e-01
1.564733944833278656e-01
1.538357026875019073e-01
1.628624647855758667e-01
1.600533984601497650e-01
1.420610845088958740e-01
1.489764302968978882e-01
1.641131900250911713e-01
1.648962423205375671e-01
1.490960083901882172e-01
1.641737371683120728e-01
1.697449050843715668e-01
1.668254435062408447e-01
1.648814678192138672e-01
1.530749090015888214e-01
1.497124284505844116e-01
1.599189452826976776e-01
1.730508208274841309e-01
1.545922234654426575e-01
1.517693698406219482e-01
1.616335064172744751e-01
1.560721993446350098e-01
1.573528312146663666e-01
1.646256633102893829e-01
1.504313740879297256e-01
1.524681448936462402e-01
1.597327627241611481e-01
1.518026404082775116e-01
1.594490334391593933e-01
1.534398049116134644e-01
1.542089544236660004e-01
1.589958742260932922e-01
1.575403772294521332e-01
1.511609740555286407e-01
1.589947864413261414e-01
1.567559279501438141e-01
1.584054678678512573e-01
1.484470181167125702e-01
1.592047177255153656e-01
1.615810096263885498e-01
1.645979396998882294e-01
1.619413830339908600e-01
1.614854559302330017e-01
1.529049761593341827e-01
1.621819958090782166e-01
1.585549302399158478e-01
1.539748236536979675e-01
1.442528329789638519e-01
1.658216193318367004e-01
1.557852067053318024e-01
1.484822444617748260e-01
1.419330835342407227e-01
1.568233110010623932e-01
1.593936644494533539e-01
1.485595181584358215e-01
1.587792113423347473e-01
1.565047167241573334e-01
1.451759561896324158e-01
1.620947420597076416e-01
1.510392986238002777e-01
1.558012776076793671e-01
1.551971659064292908e-01
1.532131694257259369e-01
1.487773694097995758e-01
1.543087586760520935e-01
1.493196636438369751e-01
1.462265551090240479e-01
1.570629701018333435e-01
1.467856578528881073e-01
1.564291492104530334e-01
1.528341472148895264e-01
1.577847152948379517e-01
1.548576615750789642e-01
1.577523127198219299e-01
1.472409591078758240e-01
1.605968475341796875e-01
1.501681581139564514e-01
1.429123245179653168e-01
1.610020585358142853e-01
1.568521074950695038e-01
1.460191532969474792e-01
1.509526483714580536e-01
1.349971573799848557e-01
1.406099759042263031e-01
1.495747044682502747e-01
1.596382074058055878e-01
1.458466984331607819e-01
1.402045078575611115e-01
1.474453546106815338e-01
1.528229042887687683e-01
1.508146375417709351e-01
1.521959304809570312e-01
1.501480787992477417e-01
1.534113958477973938e-01
1.518446914851665497e-01
1.428377740085124969e-01
1.501364968717098236e-01
1.530229859054088593e-01
1.482361890375614166e-01
1.368971355259418488e-01
1.519329063594341278e-01
1.434155851602554321e-01
1.416744850575923920e-01
1.488908790051937103e-01
1.489769034087657928e-01
1.595850586891174316e-01
1.562567129731178284e-01
1.402399223297834396e-01
1.476485542953014374e-01
1.581133492290973663e-01
1.508712917566299438e-01
1.386789567768573761e-01
1.549636311829090118e-01
1.421039253473281860e-01
1.533893980085849762e-01
1.477824300527572632e-01
1.395679004490375519e-01
1.438641212880611420e-01
1.411932110786437988e-01
1.415615752339363098e-01
1.499216146767139435e-01
1.397108361124992371e-01
1.424333862960338593e-01
1.467254012823104858e-01
1.431496478617191315e-01
1.539813540875911713e-01
1.562308967113494873e-01
1.440538391470909119e-01
1.502588838338851929e-01
1.544791907072067261e-01
1.384704262018203735e-01
1.482265628874301910e-01
1.626593954861164093e-01
1.454071439802646637e-01
1.451266258955001831e-01
1.351199001073837280e-01
1.460117660462856293e-01
1.409313492476940155e-01
1.542643643915653229e-01
1.417805440723896027e-01
1.503538601100444794e-01
1.467087864875793457e-01
1.432238370180130005e-01
1.494896896183490753e-01
1.424089558422565460e-01
1.485221087932586670e-01
1.512332707643508911e-01
1.509098820388317108e-01
1.471864804625511169e-01
1.383269466459751129e-01
1.399487033486366272e-01
1.383506916463375092e-01
1.378516815602779388e-01
1.503828391432762146e-01
1.442366838455200195e-01
1.596250720322132111e-01
1.433231160044670105e-01
1.342736110091209412e-01
1.441536657512187958e-01
1.464421488344669342e-01
1.512529589235782623e-01
1.464419513940811157e-01
1.392457075417041779e-01
1.494137495756149292e-01
1.497110202908515930e-01
1.520600244402885437e-01
1.463951170444488525e-01
1.513329148292541504e-01
1.389461606740951538e-01
1.348813399672508240e-01
1.471262425184249878e-01
1.481777206063270569e-01
1.490332633256912231e-01
1.311370264738798141e-01
1.454874873161315918e-01
1.459042578935623169e-01
1.443429477512836456e-01
1.478732004761695862e-01
1.463060267269611359e-01
1.425224766135215759e-01
1.357075441628694534e-01
1.447882615029811859e-01
1.425735764205455780e-01
1.433437950909137726e-01
1.414499282836914062e-01
1.447415761649608612e-01
1.495917253196239471e-01
1.342311929911375046e-01
1.440680250525474548e-01
1.473560929298400879e-01
1.482352949678897858e-01
1.541552394628524780e-01
1.542149297893047333e-01
1.423644609749317169e-01
1.379014402627944946e-01
1.447414606809616089e-01
1.520609632134437561e-01
1.501050256192684174e-01
1.398195587098598480e-01
1.407003737986087799e-01
1.553635783493518829e-01
1.491244211792945862e-01
1.417177207767963409e-01
1.323216706514358521e-01
1.349140498787164688e-01
1.384310070425271988e-01
1.525894589722156525e-01
1.497419942170381546e-01
1.402683556079864502e-01
1.457085981965065002e-01
1.535849310457706451e-01
1.503363102674484253e-01
1.383458953350782394e-01
1.507334411144256592e-01
1.541705019772052765e-01
1.409963145852088928e-01
1.472670622169971466e-01
1.383748240768909454e-01
1.395302154123783112e-01
1.435733921825885773e-01
1.254172064363956451e-01
1.483350209891796112e-01
1.483808457851409912e-01
1.503504328429698944e-01
1.421930305659770966e-01
1.476966217160224915e-01
1.264308895915746689e-01
1.584300249814987183e-01
1.371655687689781189e-01
1.453363150358200073e-01
1.407911442220211029e-01
1.312476471066474915e-01
1.436680555343627930e-01
1.495545729994773865e-01
1.470358781516551971e-01
1.372461840510368347e-01
1.364448666572570801e-01
1.520685702562332153e-01
1.441355347633361816e-01
1.447040401399135590e-01
1.390437446534633636e-01
1.316230390220880508e-01
1.472496651113033295e-01
1.378510929644107819e-01
1.493301652371883392e-01
1.309088859707117081e-01
1.346737369894981384e-01
1.427588127553462982e-01
1.392349824309349060e-01
1.430792026221752167e-01
1.408044192939996719e-01
1.441201940178871155e-01
1.548662558197975159e-01
1.468084342777729034e-01
1.506523974239826202e-01
1.454946808516979218e-01
1.604473665356636047e-01
1.444358006119728088e-01
1.433505304157733917e-01
1.505165435373783112e-01
1.395080238580703735e-01
1.471678838133811951e-01
1.441299617290496826e-01
1.517175175249576569e-01
1.417823620140552521e-01
1.497885696589946747e-01
1.362057477235794067e-01
1.442075669765472412e-01
1.456487402319908142e-01
1.472823172807693481e-01
1.446385048329830170e-01
1.377182137221097946e-01
1.443955600261688232e-01
1.375281345099210739e-01
1.437008231878280640e-01
1.461829617619514465e-01
1.298381462693214417e-01
1.367395017296075821e-01
1.495892629027366638e-01
1.434328109025955200e-01
1.333268061280250549e-01
1.463200822472572327e-01
1.386538185179233551e-01
1.338087543845176697e-01
1.437190920114517212e-01
1.369757801294326782e-01
1.316313017159700394e-01
1.404838804155588150e-01
1.474253982305526733e-01
1.464894302189350128e-01
1.316535584628582001e-01
1.359110269695520401e-01
1.351820938289165497e-01
1.356331352144479752e-01
1.483848430216312408e-01
1.449524797499179840e-01
1.481913775205612183e-01
1.529897861182689667e-01
1.359539385885000229e-01
1.400313843041658401e-01
1.393832825124263763e-01
1.347645595669746399e-01
1.317488942295312881e-01
1.460166014730930328e-01
1.471019424498081207e-01
1.273433659225702286e-01
1.441756002604961395e-01
1.392383724451065063e-01
1.407868340611457825e-01
1.392581798136234283e-01
1.513500958681106567e-01
1.422318443655967712e-01
1.382301934063434601e-01
1.493084952235221863e-01
1.418615803122520447e-01
1.396834068000316620e-01
1.481543406844139099e-01
1.350130178034305573e-01
1.466365419328212738e-01
1.520506702363491058e-01
1.525633409619331360e-01
1.421749554574489594e-01
1.356191374361515045e-01
1.447556801140308380e-01
1.466287449002265930e-01
1.472206450998783112e-01
1.319262739270925522e-01
1.411295272409915924e-01
1.358528286218643188e-01
1.471616402268409729e-01
1.486548893153667450e-01
1.328776106238365173e-01
1.384412683546543121e-01
1.464391797780990601e-01
1.407746151089668274e-01
1.398805007338523865e-01
1.383498273789882660e-01
1.450087465345859528e-01
1.427808441221714020e-01
1.493898443877696991e-01
1.389963701367378235e-01
1.385339759290218353e-01
1.369483992457389832e-01
1.428713612258434296e-01
1.347073838114738464e-01
1.472728736698627472e-01
1.432773098349571228e-01
1.433510407805442810e-01
1.431737318634986877e-01
1.366673335433006287e-01
1.480606906116008759e-01
1.374836787581443787e-01
1.415948085486888885e-01
1.366044711321592331e-01
1.401511728763580322e-01
1.531176902353763580e-01
1.416083350777626038e-01
1.378600634634494781e-01
1.345226820558309555e-01
1.482221931219100952e-01
1.331520732492208481e-01
1.497154980897903442e-01
1.504720859229564667e-01
1.458302289247512817e-01
1.452713757753372192e-01
1.426950208842754364e-01
1.423342302441596985e-01
1.436101049184799194e-01
1.435667611658573151e-01
1.459464393556118011e-01
1.391327194869518280e-01
1.253198459744453430e-01
1.388465687632560730e-01
1.349344048649072647e-01
1.360841393470764160e-01
1.410192847251892090e-01
1.355955004692077637e-01
1.410879269242286682e-01
1.346849426627159119e-01
1.454277522861957550e-01
1.471683643758296967e-01
1.472445577383041382e-01
1.367597207427024841e-01
1.395713202655315399e-01
1.480060368776321411e-01
1.478018686175346375e-01
1.363227479159832001e-01
1.347759142518043518e-01
1.316021550446748734e-01
1.406860500574111938e-01
1.342779397964477539e-01
1.420300155878067017e-01
1.428383290767669678e-01
1.441948786377906799e-01
1.391685418784618378e-01
1.456794664263725281e-01
1.555668339133262634e-01
1.404378376901149750e-01
1.450513154268264771e-01
1.421942338347434998e-01
1.378224100917577744e-01
1.444709151983261108e-01
1.464087031781673431e-01
1.410590186715126038e-01
1.559186130762100220e-01
1.433517672121524811e-01
1.427291147410869598e-01
1.407479718327522278e-01
1.393348462879657745e-01
1.476034186780452728e-01
1.393770165741443634e-01
1.426046378910541534e-01
1.443097703158855438e-01
1.407679207623004913e-01
1.349816396832466125e-01
1.366750039160251617e-01
1.435587182641029358e-01
1.448682397603988647e-01
1.437745466828346252e-01
1.391498893499374390e-01
1.410436164587736130e-01
1.381203643977642059e-01
1.395174823701381683e-01
1.433041915297508240e-01
1.320046577602624893e-01
1.320240758359432220e-01
1.400317810475826263e-01
1.395890414714813232e-01
1.410014070570468903e-01
1.445613354444503784e-01
1.397175155580043793e-01
1.418534070253372192e-01
1.338281407952308655e-01
1.386898159980773926e-01
1.395118311047554016e-01
1.332621872425079346e-01
1.408032998442649841e-01
1.379838660359382629e-01
1.309411022812128067e-01
1.439658775925636292e-01
1.395211853086948395e-01
1.407406404614448547e-01
1.256360262632369995e-01
1.377474963665008545e-01
1.447287760674953461e-01
1.375035047531127930e-01
1.398747712373733521e-01
1.347314454615116119e-01
1.364980451762676239e-01
1.407565288245677948e-01
1.385413184762001038e-01
1.392871104180812836e-01
1.333305537700653076e-01
1.324272081255912781e-01
1.408124417066574097e-01
1.392246708273887634e-01
1.358783170580863953e-01
1.422255560755729675e-01
1.455077417194843292e-01
1.366186253726482391e-01
1.428087614476680756e-01
1.351960375905036926e-01
1.305084861814975739e-01
1.475871056318283081e-01
1.380179189145565033e-01
1.448545753955841064e-01
1.520839668810367584e-01
1.382658593356609344e-01
1.458103172481060028e-01
1.435912698507308960e-01
1.370994262397289276e-01
1.412750110030174255e-01
1.374984346330165863e-01
1.438659280538558960e-01
1.419668681919574738e-01
1.438529044389724731e-01
1.369158774614334106e-01
1.255244612693786621e-01
1.282232608646154404e-01
1.415055319666862488e-01
1.367370337247848511e-01
1.293650344014167786e-01
1.422425657510757446e-01
1.385371275246143341e-01
1.305610556155443192e-01
1.290192194283008575e-01
1.454267986118793488e-01
1.365139968693256378e-01
1.247166823595762253e-01
1.342790946364402771e-01
1.353704147040843964e-01
1.341730877757072449e-01
1.401610560715198517e-01
1.376167275011539459e-01
1.377765145152807236e-01
1.358388885855674744e-01
1.379605866968631744e-01
1.370959486812353134e-01
1.459613293409347534e-01
1.369638722389936447e-01
1.427102833986282349e-01
1.435116417706012726e-01
1.452031470835208893e-01
1.379143036901950836e-01
1.261221021413803101e-01
1.427816674113273621e-01
1.440882198512554169e-01
1.434450019150972366e-01
1.308901440352201462e-01
1.354239322245121002e-01
1.425266079604625702e-01
1.369372680783271790e-01
1.265902798622846603e-01
1.350989677011966705e-01
1.363123320043087006e-01
1.305079236626625061e-01
1.281447168439626694e-01
1.415568608790636063e-01
1.304162703454494476e-01
1.430506259202957153e-01
1.405503414571285248e-01
1.425242274999618530e-01
1.325572915375232697e-01
1.396994888782501221e-01
1.475135535001754761e-01
1.476856842637062073e-01
1.331007946282625198e-01
1.250248868018388748e-01
1.410149894654750824e-01
1.344902515411376953e-01
1.503937058150768280e-01
1.489718519151210785e-01
1.430359333753585815e-01
1.330952830612659454e-01
1.408270783722400665e-01
1.365132667124271393e-01
1.320655681192874908e-01
1.411958560347557068e-01
1.372945606708526611e-01
1.424091011285781860e-01
1.345253959298133850e-01
1.465126611292362213e-01
1.302925627678632736e-01
1.400616914033889771e-01
1.380537189543247223e-01
1.374115888029336929e-01
1.407990530133247375e-01
1.327301859855651855e-01
1.458117663860321045e-01
1.343479342758655548e-01
1.455769203603267670e-01
1.403577998280525208e-01
1.412496455013751984e-01
1.293275821954011917e-01
1.395865082740783691e-01
1.424701474606990814e-01
1.432850174605846405e-01
1.374288760125637054e-01
1.411169730126857758e-01
1.350331604480743408e-01
1.299498956650495529e-01
1.427420601248741150e-01
1.453925371170043945e-01
1.447860468178987503e-01
1.398188490420579910e-01
1.443808376789093018e-01
1.396677047014236450e-01
1.383174508810043335e-01
1.413998119533061981e-01
1.439278163015842438e-01
1.440256014466285706e-01
1.328837051987648010e-01
1.440021954476833344e-01
1.395364664494991302e-01
1.318875290453433990e-01
1.390435472130775452e-01
1.410686559975147247e-01
1.295455601066350937e-01
1.361193917691707611e-01
1.444822251796722412e-01
1.405814923346042633e-01
1.379029154777526855e-01
1.412955373525619507e-01
1.380778923630714417e-01
1.414619460701942444e-01
1.417975239455699921e-01
1.358970552682876587e-01
1.330285072326660156e-01
1.351843904703855515e-01
1.316134799271821976e-01
1.365628261119127274e-01
1.384105235338211060e-01
1.374185755848884583e-01
1.363830901682376862e-01
1.388049982488155365e-01
1.427299585193395615e-01
1.364985499531030655e-01
1.373858731240034103e-01
1.378654241561889648e-01
1.355242412537336349e-01
1.337364241480827332e-01
1.390608176589012146e-01
1.447866857051849365e-01
1.413610093295574188e-01
1.269040238112211227e-01
1.304932665079832077e-01
1.437383927404880524e-01
1.367336735129356384e-01
1.390854343771934509e-01
1.350298784673213959e-01
1.407403945922851562e-01
1.264520790427923203e-01
1.396544724702835083e-01
1.417323313653469086e-01
1.353732198476791382e-01
1.396203413605690002e-01
1.322663445025682449e-01
1.285577528178691864e-01
1.473582461476325989e-01
1.363193504512310028e-01
1.333278864622116089e-01
1.437889114022254944e-01
1.400661692023277283e-01
1.388154290616512299e-01
1.435573101043701172e-01
1.238035634160041809e-01
1.453367732465267181e-01
1.397422626614570618e-01
1.275971010327339172e-01
1.391866542398929596e-01
1.343175694346427917e-01
1.418138742446899414e-01
1.402741428464651108e-01
1.306080650538206100e-01
1.334262564778327942e-01
1.280992086976766586e-01
1.453512087464332581e-01
1.401614993810653687e-01
1.399469487369060516e-01
1.290605403482913971e-01
1.411867626011371613e-01
1.392795592546463013e-01
1.411809511482715607e-01
1.404828056693077087e-01
1.304160933941602707e-01
1.315090432763099670e-01
1.393249556422233582e-01
1.371692977845668793e-01
1.446394734084606171e-01
1.295481491833925247e-01
1.299746483564376831e-01
1.393419839441776276e-01
1.211614478379487991e-01
1.391916610300540924e-01
1.501318141818046570e-01
1.389328613877296448e-01
1.300895512104034424e-01
1.353955492377281189e-01
1.305097695440053940e-01
1.459239460527896881e-01
1.369633823633193970e-01
1.352841928601264954e-01
1.403932720422744751e-01
1.442291587591171265e-01
1.392290685325860977e-01
1.379348933696746826e-01
1.415262892842292786e-01
1.340623199939727783e-01
1.358245182782411575e-01
1.432567872107028961e-01
1.419569216668605804e-01
1.311258040368556976e-01
1.467590965330600739e-01
1.298542674630880356e-01
1.382165960967540741e-01
1.409634388983249664e-01
1.453773491084575653e-01
1.341765485703945160e-01
1.333051808178424835e-01
1.359849404543638229e-01
1.411592215299606323e-01
1.414327509701251984e-01
1.311269141733646393e-01
1.307267248630523682e-01
1.376220770180225372e-01
1.372097283601760864e-01
1.410107314586639404e-01
1.336575094610452652e-01
1.369040273129940033e-01
1.400424242019653320e-01
1.379119530320167542e-01
1.435991562902927399e-01
1.276988275349140167e-01
1.386756747961044312e-01
1.387020945549011230e-01
1.313085481524467468e-01
1.386144869029521942e-01
1.464951261878013611e-01
1.359472610056400299e-01
1.398171447217464447e-01
1.331835351884365082e-01
1.224345490336418152e-01
1.445708088576793671e-01
1.399743705987930298e-01
1.410321965813636780e-01
1.370702330023050308e-01
1.355226989835500717e-01
1.509409919381141663e-01
1.332558356225490570e-01
1.440282650291919708e-01
1.404055021703243256e-01
1.400483399629592896e-01
1.367394402623176575e-01
1.364507935941219330e-01
1.317347772419452667e-01
1.360020153224468231e-01
1.423670388758182526e-01
1.368718314915895462e-01
1.331296525895595551e-01
1.424562446773052216e-01
1.298368554562330246e-01
1.455008611083030701e-01
1.396900713443756104e-01
1.383105851709842682e-01
1.417274177074432373e-01
1.412364207208156586e-01
1.307236291468143463e-01
1.423655189573764801e-01
1.374842338263988495e-01
1.292985007166862488e-01
1.333189904689788818e-01
1.364600881934165955e-01
1.258463021367788315e-01
1.295930929481983185e-01
1.386001221835613251e-01
1.421302147209644318e-01
1.424830816686153412e-01
1.396852433681488037e-01
1.370921675115823746e-01
1.366469562053680420e-01
1.335434466600418091e-01
1.296689398586750031e-01
1.377343535423278809e-01
1.470642499625682831e-01
1.403989493846893311e-01
1.299459841102361679e-01
1.368212476372718811e-01
1.371193844825029373e-01
1.321285162121057510e-01
1.314031183719635010e-01
1.384238265454769135e-01
1.326923631131649017e-01
1.382912807166576385e-01
1.400622949004173279e-01
1.323274560272693634e-01
1.277654878795146942e-01
1.423627417534589767e-01
1.414611339569091797e-01
1.393647827208042145e-01
1.428102664649486542e-01
1.357509791851043701e-01
1.438778638839721680e-01
1.328477319329977036e-01
1.333967819809913635e-01
1.430602595210075378e-01
1.371750012040138245e-01
1.414767857640981674e-01
1.397382803261280060e-01
1.306874118745326996e-01
1.331988256424665451e-01
1.421178281307220459e-01
1.310882493853569031e-01
1.299827694892883301e-01
1.316420789808034897e-01
1.270390879362821579e-01
1.290426496416330338e-01
1.317288819700479507e-01
1.412367578595876694e-01
1.325306314975023270e-01
1.394552104175090790e-01
1.323677413165569305e-01
1.312624756246805191e-01
1.328682657331228256e-01
1.336060427129268646e-01
1.405102610588073730e-01
1.332403160631656647e-01
1.369660384953022003e-01
1.410617269575595856e-01
1.331150047481060028e-01
1.310580372810363770e-01
1.364446952939033508e-01
1.288993172347545624e-01
1.272384077310562134e-01
1.381415538489818573e-01
1.403418816626071930e-01
1.298422925174236298e-01
1.312179267406463623e-01
1.328293513506650925e-01
1.405616439878940582e-01
1.396715193986892700e-01
1.338353101164102554e-01
1.336899176239967346e-01
1.315700542181730270e-01
1.335417740046977997e-01
1.434680707752704620e-01
1.284780874848365784e-01
1.340482737869024277e-01
1.377105042338371277e-01
1.338852737098932266e-01
1.337655186653137207e-01
1.402739882469177246e-01
1.277194526046514511e-01
1.345625184476375580e-01
1.313313357532024384e-01
1.236817054450511932e-01
1.314702183008193970e-01
1.337330788373947144e-01
1.176327131688594818e-01
1.304397992789745331e-01
1.378299929201602936e-01
1.337567120790481567e-01
1.389109268784523010e-01
1.380113363265991211e-01
1.339876092970371246e-01
1.362624317407608032e-01
1.383240371942520142e-01
1.304352618753910065e-01
1.335568688809871674e-01
1.407156363129615784e-01
1.342360861599445343e-01
1.279483344405889511e-01
1.293795648962259293e-01
1.312151663005352020e-01
1.369839869439601898e-01
1.343271192163228989e-01
1.321708485484123230e-01
1.365239918231964111e-01
1.428793445229530334e-01
1.357378214597702026e-01
1.335980035364627838e-01
1.362590603530406952e-01
1.417358499020338058e-01
1.413411013782024384e-01
1.382425744086503983e-01
1.479645520448684692e-01
1.315011493861675262e-01
1.354325115680694580e-01
1.358708776533603668e-01
1.315331570804119110e-01
1.453230269253253937e-01
1.381866857409477234e-01
1.315960120409727097e-01
1.400278247892856598e-01
1.258686091750860214e-01
1.357116214931011200e-01
1.413633115589618683e-01
1.326354034245014191e-01
1.378945149481296539e-01
1.341274883598089218e-01
1.280430462211370468e-01
1.358125377446413040e-01
1.336495690047740936e-01
1.340918205678462982e-01
1.341037675738334656e-01
1.412091404199600220e-01
1.369517557322978973e-01
1.279924027621746063e-01
1.289243623614311218e-01
1.275159195065498352e-01
1.320838201791048050e-01
1.402406431734561920e-01
1.393534503877162933e-01
1.336162742227315903e-01
1.377756893634796143e-01
1.346581242978572845e-01
1.370433177798986435e-01
1.415531486272811890e-01
1.312422752380371094e-01
1.274894624948501587e-01
1.401419900357723236e-01
1.396913193166255951e-01
1.327821686863899231e-01
1.383162103593349457e-01
1.279737614095211029e-01
1.425766013562679291e-01
1.301482953131198883e-01
1.382762789726257324e-01
1.337307654321193695e-01
1.341586858034133911e-01
1.333440355956554413e-01
1.387658193707466125e-01
1.423775963485240936e-01
1.400998756289482117e-01
1.288348324596881866e-01
1.243169382214546204e-01
1.434867642819881439e-01
1.326809935271739960e-01
1.365613341331481934e-01
1.452639661729335785e-01
1.331063937395811081e-01
1.381120756268501282e-01
1.434047073125839233e-01
1.390443295240402222e-01
1.425894610583782196e-01
1.348928287625312805e-01
1.361281424760818481e-01
1.394405178725719452e-01
1.318424623459577560e-01
1.462956890463829041e-01
1.428232602775096893e-01
1.308023929595947266e-01
1.386671997606754303e-01
1.416961885988712311e-01
1.366818882524967194e-01
1.306754946708679199e-01
1.402829661965370178e-01
1.258169654756784439e-01
1.316276639699935913e-01
1.351893879473209381e-01
1.318809054791927338e-01
1.303551848977804184e-01
1.341589353978633881e-01
1.355590466409921646e-01
1.403601318597793579e-01
1.335526667535305023e-01
1.329324766993522644e-01
1.344980299472808838e-01
1.320284269750118256e-01
1.363157182931900024e-01
1.304674781858921051e-01
1.294004060328006744e-01
1.396643910557031631e-01
1.363301835954189301e-01
1.368269436061382294e-01
1.300041414797306061e-01
1.387049071490764618e-01
1.446705497801303864e-01
1.334185004234313965e-01
1.265440881252288818e-01
1.383152976632118225e-01
1.281991712749004364e-01
1.371250599622726440e-01
1.274782791733741760e-01
1.300572045147418976e-01
1.320697944611310959e-01
1.297194100916385651e-01
1.361097022891044617e-01
1.353180930018424988e-01
1.375442296266555786e-01
1.382642723619937897e-01
1.391060203313827515e-01
1.363734528422355652e-01
1.359303481876850128e-01
1.379338912665843964e-01
1.240401640534400940e-01
1.308571174740791321e-01
1.380168981850147247e-01
1.364179402589797974e-01
1.413339115679264069e-01
1.344473361968994141e-01
1.440269760787487030e-01
1.313022915273904800e-01
1.418922916054725647e-01
1.401978656649589539e-01
1.299515999853610992e-01
1.382847577333450317e-01
1.348088532686233521e-01
1.412316113710403442e-01
1.247813310474157333e-01
1.265595778822898865e-01
1.330329515039920807e-01
1.435552351176738739e-01
1.377617698162794113e-01
1.316827014088630676e-01
1.388586871325969696e-01
1.253102589398622513e-01
1.330412700772285461e-01
1.400424428284168243e-01
1.389206126332283020e-01
1.404535286128520966e-01
1.321559417992830276e-01
1.380175389349460602e-01
1.335558034479618073e-01
1.437060385942459106e-01
1.348307542502880096e-01
1.366174183785915375e-01
1.391957662999629974e-01
1.402686536312103271e-01
1.367413178086280823e-01
1.322321798652410507e-01
1.394682228565216064e-01
1.270216554403305054e-01
1.413309238851070404e-01
1.322264559566974640e-01
1.388234309852123260e-01
1.352404244244098663e-01
