3.977043300867080688e+00
3.265959736953178982e-01
1.153996816774209289e-01
9.101376534750063585e-02
8.061918700734774235e-02
8.424686403324206652e-02
7.844790505245327616e-02
8.472373543928067574e-02
7.447840953866641245e-02
7.420090987657507187e-02
7.198257612685363127e-02
7.624629097680250822e-02
6.877371878052751519e-02
7.256172311181822987e-02
6.869774927074710769e-02
6.586304055526852330e-02
6.430706537639101217e-02
7.163100254411498835e-02
6.885898523653546932e-02
8.649912924195329866e-02
6.841353096067905037e-02
6.496091684947410960e-02
6.156183072055379513e-02
6.407165216282009745e-02
7.855824969708918859e-02
6.670192047332723639e-02
7.115324352557460263e-02
6.347495169068376186e-02
6.733652736991643795e-02
6.646612901861469191e-02
6.445211547116438955e-02
6.206827227647105510e-02
6.498948600764076211e-02
6.742973727794984717e-02
6.483569463714956849e-02
6.147384696329633719e-02
6.603747731074691152e-02
6.679410409182309771e-02
6.989386158684889050e-02
6.301164008677005712e-02
6.858336282273133633e-02
6.622644307712713396e-02
6.629939329499999479e-02
7.073338613534967123e-02
6.409154775862892228e-02
6.264300681650639135e-02
6.444781508917610258e-02
6.165204333141446197e-02
6.721718924740950618e-02
6.732533127069473267e-02
7.194420816376805028e-02
7.407870790610711353e-02
6.292857650667428582e-02
6.080716777592897609e-02
6.330265020330747006e-02
6.901374678437909027e-02
6.128813030198216466e-02
6.257832190642753645e-02
6.593194009115298238e-02
6.480007334301869648e-02
6.533091148982445029e-02
7.249926665176947838e-02
6.354337628309925101e-02
6.175691625724236133e-02
7.160763277361791024e-02
6.151828705022732713e-02
5.929735970372954773e-02
5.974481537938117898e-02
6.459232164546847843e-02
6.321550956616799055e-02
6.620516690115134384e-02
6.900419001157084842e-02
6.325897804150978909e-02
6.265275361637274998e-02
6.080874937276045666e-02
6.159797687083482659e-02
6.218059425552686231e-02
6.981897249196966637e-02
6.063186868404348701e-02
6.135267439608772799e-02
6.740381558736165124e-02
8.148286148284872299e-02
7.007957700639963483e-02
6.686832589407762373e-02
6.600041265909870059e-02
6.334926888346671670e-02
6.319026427964369308e-02
7.170036234582463641e-02
7.403931704660256241e-02
6.325320369874437576e-02
9.722126333663860809e-02
6.637538544833659904e-02
6.026125266837577266e-02
6.062033686786889863e-02
5.868353433286150472e-02
6.531770190844933544e-02
6.019927492365240856e-02
6.182121170684694994e-02
7.924072990193962995e-02
6.284388011321424827e-02
6.284659620995322604e-02
6.723651448575158895e-02
7.440430827438831995e-02
6.863122008120020601e-02
6.416807676355043566e-02
6.325617448116342689e-02
6.426858603333433784e-02
6.156844207396110213e-02
6.078244023645917871e-02
6.565244779611627279e-02
6.359977803503473470e-02
6.559622009595235392e-02
7.530592333525419624e-02
6.199861956760287229e-02
5.915845004220803699e-02
6.527021400630474146e-02
6.356334246695041768e-02
7.219634599362810545e-02
6.550566457832852907e-02
6.161442451179027779e-02
6.224367758259177069e-02
6.211349613964557703e-02
6.449126274014513327e-02
6.080877806370457023e-02
7.503995594878991315e-02
6.602525570740302996e-02
6.509587694580355743e-02
6.162126297131180486e-02
5.891199931502342363e-02
6.936209895337620834e-02
6.169616209343075502e-02
6.108111960192521422e-02
5.928811774899562376e-02
6.544906584545970296e-02
5.964290405934055683e-02
6.432982601225376018e-02
6.065525664637486103e-02
5.893675832698742206e-02
6.090066606178879544e-02
6.318835291080177052e-02
5.926702117547393012e-02
7.802744278684257961e-02
6.600544194380442153e-02
5.945326575388511225e-02
6.257247388983766534e-02
6.676392550269762138e-02
8.706081218396623245e-02
6.003533857564131299e-02
5.958573590343196891e-02
6.296501070881883877e-02
6.423544225282967757e-02
6.552909790227810782e-02
7.502314060926437711e-02
6.551962088172634535e-02
6.451268176858623860e-02
6.243779777859648217e-02
7.609811443835497180e-02
6.175910569106539405e-02
5.864375974982977135e-02
6.113637973864873010e-02
7.516212819144130197e-02
5.858745347708463336e-02
5.893660970032214841e-02
6.239560042197505457e-02
6.702401252463459358e-02
6.137653272598982135e-02
6.813274400929610064e-02
6.141770688816904772e-02
5.801951348781585888e-02
5.794150032413502432e-02
6.716182940949996794e-02
5.779363474498192682e-02
5.929212360332409421e-02
6.175720374410351154e-02
5.719774827981988913e-02
5.770996172601978308e-02
5.820769283920526616e-02
7.217871114301184499e-02
6.194361019258697726e-02
5.908805921673774414e-02
5.804098829316595848e-02
5.956727551917235380e-02
6.373051853229602659e-02
6.395121090114117002e-02
5.890352612982193564e-02
5.957416425148646250e-02
6.393901146327456153e-02
6.205704607069492673e-02
6.270493886123100491e-02
6.638661966348688437e-02
6.019160412251949033e-02
5.657889156912764006e-02
8.686979501818617444e-02
5.839524654981990970e-02
6.126586281073589935e-02
6.609886936843395455e-02
5.977426509062449406e-02
5.875926724324623956e-02
5.767233102892836000e-02
6.650560862695177600e-02
5.815705583120385491e-02
6.098422560530403908e-02
6.480311485628287294e-02
6.117105036663512269e-02
5.885024590417742979e-02
5.752802534028887693e-02
5.943832051629821533e-02
6.361210749174157908e-02
6.047677007814248468e-02
5.828909624988833776e-02
5.706608160088459669e-02
5.947953954339027516e-02
5.989254525552193537e-02
5.714071937526266076e-02
6.248941462486982262e-02
5.850462635979056247e-02
5.918128998950123593e-02
6.102570128937562233e-02
5.775468586012721256e-02
6.384490171447396167e-02
6.861843746155500690e-02
6.515668078636129013e-02
6.127865917670229784e-02
6.249731722598274308e-02
6.592683355013528868e-02
6.163530077785253636e-02
6.708189859365423779e-02
5.844750743359327511e-02
6.127111691981554364e-02
5.750958756854136766e-02
6.237987614236772255e-02
6.222184744973977694e-02
5.621982677529255290e-02
6.969879267116387001e-02
5.995248786484201620e-02
6.361450294343133638e-02
5.863755150077243350e-02
5.721388257419069562e-02
6.196538981050252887e-02
5.905008138467868206e-02
5.892802514135837832e-02
6.443217845633625318e-02
5.769001444801688527e-02
7.388999742766221013e-02
6.650203976159294039e-02
5.842464176937937903e-02
6.389310150717696091e-02
6.032105684901277465e-02
6.396772572460274198e-02
7.158588456610838480e-02
5.916112859422961723e-02
6.544337163368861565e-02
6.017149710406859836e-02
6.536616840089361224e-02
6.081310015171766115e-02
7.234020393962661832e-02
6.272901461149255065e-02
6.651591045781969636e-02
5.944492656737566244e-02
6.920325435077150089e-02
6.044390060007572008e-02
6.241283058499296627e-02
6.746725636223951938e-02
5.905973492811123632e-02
6.604476908221840192e-02
6.039302164378265725e-02
6.570542141174276485e-02
6.197339503404995092e-02
7.113538064062595312e-02
5.785251302023728531e-02
5.666695255786180496e-02
6.739962667847673727e-02
6.004490724454323441e-02
5.637865800410508943e-02
6.360903048887849021e-02
5.807634522517522019e-02
6.333544209599495378e-02
5.926894095415870256e-02
5.848604456832011411e-02
5.874011920765042499e-02
5.720568362002571156e-02
6.528035089373589173e-02
5.850204703708489912e-02
5.766192498927315280e-02
6.342943712448080584e-02
5.688591792558630317e-02
5.587618034332990369e-02
6.175437488282720100e-02
6.133354617903630235e-02
5.657726446477075177e-02
7.787551337232191673e-02
5.716567007203896683e-02
5.597395998115340526e-02
6.679774005586902597e-02
5.827475721637408179e-02
5.720074714471896221e-02
5.678628210288783063e-02
5.999040398746728620e-02
5.947195411970217921e-02
5.746904465680321289e-02
6.495831033214927164e-02
6.053644932496050901e-02
5.578432967265446740e-02
5.879349870607256806e-02
6.855007591346899687e-02
5.865171947206060388e-02
5.694966321811079785e-02
5.607831715295712172e-02
6.674143263449271168e-02
5.898866898069778791e-02
6.326969933385649669e-02
6.317571424568692307e-02
6.048877458398541074e-02
5.882748169203599192e-02
5.881597798317670517e-02
6.431853899732231650e-02
7.563562475455304357e-02
6.094126369804143961e-02
5.876218477264046752e-02
6.012728120510776875e-02
5.944733642041682975e-02
6.073625289524595128e-02
5.999471511070927215e-02
5.852644050493836098e-02
6.407001243904232590e-02
5.907193889220555688e-02
5.583740998680392781e-02
5.799880941708882715e-02
5.946180768311024045e-02
6.900821168596546484e-02
5.736091062426566800e-02
5.883048555503288951e-02
5.858099057339131999e-02
5.997903967897097455e-02
5.553960418639083962e-02
6.492642101521294007e-02
6.491544827508430315e-02
6.218513029937942915e-02
6.044733801235755571e-02
5.817846911648909269e-02
6.435972498729825020e-02
6.084377531583110704e-02
6.005377994229395971e-02
5.856944955264528629e-02
5.858252410156031265e-02
5.896254764869809234e-02
5.651624734513461396e-02
5.707174971078832898e-02
5.648397125924627116e-02
5.809025021580358633e-02
5.768541368966301208e-02
6.056715932364264976e-02
5.871856714288393314e-02
6.771310031414032315e-02
5.766209909071524919e-02
5.941917928867042342e-02
5.739642803867658211e-02
6.196053556477030405e-02
5.823244861637552616e-02
5.729953176652391456e-02
6.043784539525707405e-02
6.292093146592378505e-02
6.050540588485697757e-02
5.796695378919442670e-02
5.585788712215920132e-02
5.838539819543560327e-02
5.881678440918525208e-02
5.643696151673793793e-02
5.850442804396152607e-02
5.910218697041273034e-02
5.898473226775725886e-02
6.278894687692324061e-02
6.817403500278790274e-02
6.278791281705101146e-02
6.374916256094972922e-02
6.365148582806190447e-02
5.842834097022811535e-02
5.860598893836140716e-02
5.958399441403647301e-02
5.710735717788338606e-02
5.719676201542218258e-02
6.112470812474687931e-02
5.854637936999400327e-02
5.977082959686716435e-02
5.697370560529331496e-02
5.979129929716388292e-02
6.408549901718894881e-02
5.925873324895898631e-02
5.708733792106310267e-02
6.134089644377430095e-02
5.532867195084691103e-02
6.304376332710186215e-02
5.396988492148618172e-02
6.063479967415332655e-02
5.801857379575570128e-02
6.824312301352619681e-02
5.652251847088336778e-02
6.292059666477144153e-02
6.445830013913413092e-02
6.326870367241402282e-02
6.004069473283986380e-02
5.829399013891815862e-02
6.116998855645457839e-02
6.052160680604477816e-02
6.021643557275335040e-02
5.746342144906520927e-02
5.920664463813106460e-02
5.667512844006220712e-02
5.997647670408089854e-02
5.692901414819061950e-02
5.884622953832149839e-02
6.431248125930627557e-02
5.901179540902376508e-02
5.786831852669516857e-02
6.395219290008147262e-02
5.530256466008722643e-02
5.865219667243460472e-02
6.011513172959288137e-02
6.103815942381819043e-02
5.573763714482386777e-02
5.349153178123136620e-02
5.789015409226219017e-02
5.885960025712847626e-02
6.000797310223181941e-02
6.064579488088687326e-02
5.684533593555291670e-02
6.244102605928977118e-02
6.724838418265183249e-02
6.176111826052268355e-02
5.811034586901465959e-02
5.826504778427381986e-02
5.901309293384353338e-02
6.286630534256497371e-02
6.690456965627769592e-02
6.351085800677537530e-02
5.883659597486257803e-02
5.607202930375933952e-02
5.537131472180287228e-02
6.084269975622495080e-02
6.428021768108010958e-02
6.274321154070397477e-02
5.928171942631403624e-02
5.710605069994926369e-02
5.668770809657872056e-02
5.775834323217471367e-02
5.827179777125517796e-02
5.661998692589501753e-02
5.735264685004949625e-02
5.539989163478215711e-02
6.031830999379356878e-02
5.384909439211090637e-02
5.850278994068503630e-02
5.739876387019952203e-02
5.436195509508252172e-02
5.897968846062819070e-02
6.024193074554205080e-02
5.960225215802589932e-02
5.704861824711163903e-02
5.757602229093512075e-02
5.760581430668632041e-02
5.637325032924612317e-02
5.641729025480647641e-02
6.065150356230636364e-02
6.009317228570580649e-02
5.868225775659084015e-02
5.677007505670189635e-02
5.791874314968784715e-02
5.780816794062654251e-02
5.839511855194966239e-02
5.573331413790583860e-02
6.346500969181458063e-02
5.665210351968805180e-02
5.838228697578112109e-02
5.846901755159100017e-02
5.763188807914654266e-02
5.773605396971106390e-02
6.554006493960817803e-02
5.503330525631706244e-02
5.676961595192551308e-02
5.498435920725266296e-02
5.826336707298954143e-02
6.139810527053972400e-02
5.661561760430534884e-02
5.742052847519516640e-02
5.696144424378871834e-02
5.682928819209337457e-02
5.854766137277086363e-02
6.251275878399610575e-02
7.159174108877777720e-02
5.919179826353986734e-02
5.460223782186706537e-02
5.825301834071675705e-02
5.502702840914328736e-02
5.684888361021876030e-02
5.899135928601026424e-02
5.569234988341728587e-02
5.714758388698101127e-02
6.583430709627767496e-02
6.002119744196534462e-02
5.902408722788095308e-02
