1.002973060744504069e-01
8.826684551313519755e-02
8.554488246639570248e-02
8.048941253994902623e-02
8.008176501219471666e-02
7.621561419218778055e-02
7.802390316501259249e-02
7.848464014629523422e-02
7.671088871235648421e-02
7.662407585109273778e-02
7.436882912491758757e-02
7.236477822686235295e-02
7.511366065591573715e-02
6.882767478624979285e-02
7.297258668889601563e-02
7.365974538649121273e-02
7.366075723742444847e-02
7.292801653966307640e-02
7.075338037684560100e-02
6.420857634705802452e-02
6.537427641451358518e-02
7.246417660887043144e-02
7.012839304904143478e-02
6.923212644954522543e-02
7.017790103952090131e-02
7.126532172163327350e-02
6.396470991894602498e-02
6.962596035252015259e-02
6.709505595887700624e-02
6.894312063232063692e-02
6.877691422899563645e-02
6.982171318183343078e-02
6.468394333496689519e-02
6.899025039747357091e-02
6.865673689171672422e-02
7.043863494570055950e-02
6.598217925056815147e-02
6.344045711060365689e-02
6.429855745906630504e-02
6.757884072139859477e-02
6.819384610280394832e-02
6.577772190794348162e-02
6.587950297010441991e-02
6.864875787869095802e-02
6.730372027183571804e-02
6.932025064403811443e-02
6.442500281458099498e-02
6.787215753768881255e-02
6.280171188215415146e-02
6.363413239208361161e-02
6.501108594238758087e-02
6.557161019494135712e-02
6.464213004025319564e-02
6.617224405830104961e-02
6.593851835156480656e-02
6.199021985133489066e-02
6.666739437108239186e-02
6.480508161087830676e-02
6.468152555947502547e-02
6.509477533400058469e-02
6.186896576546132426e-02
5.733615259329478270e-02
6.492807175964117328e-02
6.528598309184113768e-02
5.934184216894209524e-02
6.513427486643194597e-02
6.502597259047131206e-02
6.410879152826964855e-02
6.419383486111958359e-02
6.292133823347588473e-02
6.323261985865731571e-02
6.587117306577662534e-02
6.369254204134146280e-02
6.216296822143097672e-02
6.341266031377017220e-02
6.397251106488208161e-02
6.267985558758179532e-02
6.448751127657791071e-02
6.192268799059093276e-02
6.264665921529134762e-02
5.825992256092528410e-02
6.297083670894304541e-02
6.258516896826525622e-02
6.276731081306934079e-02
6.131662537033358978e-02
6.301052129516998557e-02
6.238618797312180109e-02
5.505358673011263165e-02
5.984013758910199099e-02
6.413575954114397737e-02
6.035762311269839836e-02
6.042969917568067478e-02
6.223791142304738178e-02
6.057511957672735009e-02
5.912816304092605862e-02
6.168054072186350545e-02
6.459083071288963807e-02
5.674518905580043515e-02
6.277714930474757871e-02
6.084502898156642775e-02
6.103004673495888988e-02
6.061196077304582125e-02
6.112627723875144886e-02
6.116806116575996405e-02
6.128446768658856597e-02
6.052991921703020778e-02
6.188073158264160295e-02
6.044205186578134603e-02
6.162148707856734270e-02
6.107104580538968291e-02
6.291649546474217813e-02
6.236341766392191482e-02
6.112561829698582444e-02
6.166584985330701013e-02
6.250219478582343113e-02
6.143836518749594411e-02
5.996262556873262206e-02
5.389924713720877641e-02
6.016045372622708803e-02
5.795750250108540336e-02
6.048002809596558088e-02
6.262240076127151278e-02
5.642774521062771803e-02
5.926254965985814499e-02
6.052194315319259915e-02
6.023854296654462814e-02
6.082898564636707306e-02
6.124988704298933023e-02
6.128359362483024736e-02
5.952706965617835660e-02
5.963529913375775066e-02
5.584014357688526359e-02
5.737714297138154368e-02
6.066969775905211443e-02
6.012666164897382398e-02
5.651792213320731839e-02
5.653372174128890038e-02
6.084022996947169304e-02
6.030616199908157143e-02
6.170293912291526656e-02
5.988731730418900973e-02
6.014368504596253467e-02
5.626653785196443491e-02
6.036017925168077336e-02
5.691980884100000110e-02
6.130212514350811409e-02
5.889446339569985589e-02
5.684805875644087514e-02
5.891480411713322096e-02
5.655449987389147420e-02
5.960338848332564360e-02
5.849758479744195799e-02
5.640043181677659168e-02
6.063443304349978857e-02
5.902702595728138990e-02
5.549513598283131732e-02
5.369011525375147476e-02
6.069887573830783090e-02
6.070918294911583496e-02
5.650239197226861881e-02
5.976053200041254315e-02
5.822277911938726624e-02
5.960376767131189690e-02
5.678133332791427540e-02
5.908495541661977490e-02
6.067033754661679129e-02
5.690741658521195068e-02
5.907909514692922387e-02
6.007411344908177714e-02
5.643754803265134401e-02
6.001965124160051068e-02
5.931543988796571937e-02
5.534464685867230421e-02
6.050959570954243111e-02
5.853824081520239697e-02
5.598409517357746945e-02
5.999422258076568537e-02
5.274840497101346976e-02
5.681352894753217975e-02
5.820760955102741857e-02
5.977322474742929187e-02
5.632053196119765626e-02
5.611809987264374661e-02
5.696942328164975033e-02
5.896114672844608717e-02
5.946965832263231139e-02
5.772738032974302630e-02
5.665646094518403397e-02
5.661288175421456265e-02
6.048542785768707547e-02
5.871270868616799282e-02
5.858064450634022785e-02
5.659017438689867979e-02
5.827325784290830063e-02
5.492325119363764691e-02
5.647536449444790635e-02
5.738162839164336754e-02
5.900334982822338925e-02
5.998554842857022756e-02
5.466112443245947639e-02
5.699393805116415024e-02
5.747653781436383447e-02
5.859518394184608930e-02
5.750935991915563650e-02
5.838067006940642761e-02
5.937847117893398086e-02
5.794427292421459874e-02
5.840681985331078185e-02
5.933360752339164601e-02
5.297631073432663984e-02
5.885678127718468183e-02
5.861712566887338632e-02
5.566969309002160748e-02
5.744239191214243340e-02
5.400315807200968543e-02
5.129242138937115808e-02
5.662706190099318915e-02
5.665126927196979800e-02
5.552502335049212118e-02
5.675190808251499852e-02
5.583440065383911410e-02
5.437273293112714762e-02
5.402746127607922083e-02
5.895826367971798015e-02
5.631170151755213876e-02
5.888266625503699170e-02
5.654926705174147944e-02
5.584614343630770611e-02
5.979111287742853303e-02
5.711668437967697826e-02
5.719387402447561469e-02
5.683093597181141515e-02
5.712030772119760375e-02
5.507286246865987500e-02
5.691648689098656455e-02
5.351559696719050685e-02
5.769424249107638764e-02
5.850205767589310851e-02
5.638537265670796189e-02
5.616705883294344226e-02
5.785221333305041319e-02
5.883821110861996856e-02
5.769474615032474385e-02
5.509135696726540771e-02
5.330041980681320124e-02
5.740489778108894686e-02
5.821107275163133615e-02
5.695585332189997269e-02
5.488622814106444703e-02
5.398799309817452902e-02
5.530227647783855782e-02
5.713450868303577429e-02
5.751659573676685261e-02
5.160852541836599694e-02
5.540904343749086108e-02
5.328922774642706056e-02
5.472704463948806219e-02
4.867422886503239288e-02
5.510648799439270967e-02
5.754372409234444208e-02
5.604488871370752467e-02
5.277044562002022876e-02
5.240610322604576793e-02
5.639885980635881563e-02
5.455063589227696075e-02
5.456981970928609371e-02
5.538168052832285332e-02
5.547464302120109353e-02
5.163533872303863181e-02
5.845052997271219658e-02
5.508343516848981242e-02
5.788714117370545587e-02
5.317106215904156274e-02
5.705709704197943488e-02
4.781998693943023682e-02
5.428983499296009818e-02
5.566710346999267922e-02
5.832211674811939306e-02
5.639086881031592918e-02
5.387605358846485337e-02
5.385301196947693547e-02
5.512099238112568717e-02
5.585180350268880572e-02
5.718289533009131981e-02
5.631899565147856918e-02
5.756121488908926692e-02
5.666126048502822393e-02
5.670810063990453648e-02
5.565459229983389655e-02
5.485711170670886511e-02
5.257049212232232233e-02
5.711029136242965626e-02
5.522282846892873770e-02
5.701936773645380901e-02
5.581869006467362476e-02
5.621544336900115291e-02
5.736549271581073417e-02
5.439774187592168880e-02
5.577011917096873217e-02
5.390633617838223868e-02
5.588713535107672076e-02
5.396185829304158549e-02
5.635806107893585881e-02
5.569332507438957969e-02
5.001189427760740353e-02
5.516002515020469732e-02
5.769254900515079221e-02
5.623984943764905042e-02
5.273153272767861638e-02
5.784721849486231665e-02
5.579567980021238327e-02
5.516364341601729532e-02
5.478521808981895447e-02
5.241665088882049156e-02
5.516472306723396030e-02
5.688686932747562958e-02
4.856807161122560224e-02
5.225299422939618660e-02
5.686720501010616297e-02
5.426923759902516770e-02
5.450093623561163420e-02
5.379340453073382100e-02
5.733638025509814329e-02
5.436160089448094368e-02
4.964709545796116424e-02
5.473030249898632599e-02
5.341233264965315752e-02
5.320321985830863548e-02
5.578649171317617145e-02
5.308084498780469423e-02
5.607203785330057422e-02
5.689214544060329504e-02
5.349089436543484621e-02
5.614071426292260164e-02
5.550771512401600494e-02
5.500074865606923574e-02
5.000104481975237852e-02
5.402259031931559013e-02
5.599602473278840475e-02
5.471498499003549232e-02
5.421214951202273091e-02
5.714603741653263846e-02
5.480125139777859006e-02
5.327023826539516171e-02
5.591713646426797052e-02
5.442331169421474324e-02
5.710502522997558394e-02
4.913171177419523722e-02
5.593532814333836145e-02
5.386459206541379524e-02
5.513595375232398232e-02
4.987075071160992218e-02
5.629411980820198808e-02
5.664477505100270344e-02
5.624778548566003455e-02
5.430638932933409824e-02
5.589189510792493681e-02
5.303899001640578065e-02
5.287501729714373655e-02
5.460122236981988092e-02
5.534802299613753723e-02
5.270760605732600218e-02
5.342730156456430846e-02
5.395938446745276312e-02
5.520484239483872818e-02
5.371843486403425627e-02
5.606693606823683063e-02
5.689838564333816323e-02
5.663733679490785128e-02
5.551718211111923013e-02
5.468530193902552267e-02
5.310639791811506277e-02
5.521985000620285855e-02
5.172877646982669553e-02
5.596986045129596909e-02
5.441138801785806722e-02
5.572181950944165435e-02
5.321852380099396235e-02
5.109329232946038107e-02
5.442760887866218700e-02
5.659941762375334667e-02
5.337832989171147069e-02
5.125766932033002515e-02
5.587550142469505793e-02
5.101952889623741216e-02
5.575272787051896439e-02
5.404114342915514874e-02
5.283432584255933623e-02
5.409621375923355513e-02
5.060590440407395502e-02
5.585790012652675635e-02
4.973686158967514925e-02
5.516118058003485064e-02
5.367177127239605022e-02
5.559254024798671728e-02
5.283122109249234477e-02
5.551371855350831913e-02
5.167186404578387460e-02
5.342699140310287753e-02
5.432771158715089116e-02
5.424808530757824904e-02
5.471067305964728150e-02
5.496731197151045328e-02
5.033835405483842035e-02
5.480423263895015107e-02
5.426266609380642897e-02
5.292831066374977661e-02
5.310942136372129307e-02
5.580136734060943404e-02
5.419072542960445132e-02
5.513962035377820148e-02
5.049523018921415335e-02
5.377232998919983381e-02
5.507909742494423999e-02
5.157159104322393828e-02
5.124514250395198478e-02
5.490459632128476958e-02
5.377204633938769546e-02
5.253828683247168535e-02
5.345356912973026758e-02
5.479428614489734173e-02
5.382511969655752460e-02
5.222660273623962873e-02
5.088005174572269446e-02
5.433513419702649255e-02
5.521982622643311495e-02
5.276650021163125509e-02
5.083067446636656966e-02
5.206124748413761688e-02
5.506844481763740334e-02
5.338483151669303622e-02
5.281949751079082628e-02
5.354065381300945892e-02
4.733541687019169469e-02
5.419700316463907375e-02
4.969959347508847575e-02
5.549825167593856745e-02
5.118955060218770975e-02
5.414399642807742052e-02
5.099400860878328806e-02
5.311886818769077229e-02
5.143890160446365489e-02
5.254236327794691019e-02
5.238796503593524251e-02
5.266529121436178823e-02
5.397316670666138516e-02
5.351302706015606536e-02
5.446597780101001401e-02
5.515524181537330428e-02
5.340125417957703596e-02
5.444662581818799502e-02
5.267195276295145306e-02
5.236931061372161050e-02
5.185416055222352022e-02
5.446616612995664602e-02
5.148910554125905176e-02
5.420843401613335139e-02
5.410219829839964939e-02
5.456686473141113963e-02
5.583892489473025328e-02
5.210258319663504945e-02
5.529618497627476759e-02
5.055247287576396936e-02
5.412267812838156972e-02
5.327795253445704454e-02
5.464145268003146177e-02
5.387548928459485326e-02
5.322130496303240782e-02
5.507190867016712593e-02
5.446984345714251524e-02
5.248492343040803837e-02
5.450934067678948197e-02
5.225308112179239545e-02
5.225250104752679481e-02
5.421018847264349322e-02
5.388481017823020663e-02
5.054074991494417191e-02
5.495309173129499236e-02
5.298271734888355261e-02
5.334915407001972198e-02
5.515155731700360775e-02
5.191533823187152730e-02
5.395691047112147198e-02
5.381148668626944270e-02
5.156353372149169445e-02
5.488510001450776915e-02
5.402121106162667552e-02
4.971443391405046264e-02
4.353587593262394501e-02
5.373324678900340962e-02
5.432839204246799059e-02
5.140290535055101057e-02
5.304573494940996448e-02
5.388105229164163318e-02
5.409019434203703874e-02
5.433753784745931625e-02
5.391118039066592621e-02
4.677248566100995070e-02
5.342078097164630612e-02
5.516600163343052254e-02
