1.236555713832378389e+00
1.236868800342082908e+00
5.388735691979527065e-01
3.112179328314960136e-01
1.879056545384228116e-01
1.359431665018200897e-01
1.246742484830319908e-01
1.036507352497428591e-01
9.418624004907906466e-02
9.045502918027341355e-02
8.395871658064424370e-02
8.610571682639420188e-02
8.502751207351684493e-02
8.084248109534382387e-02
8.134987360425292857e-02
8.361621941439807693e-02
7.801177822425961472e-02
7.727285845950246368e-02
7.867465504631400430e-02
7.732593531347811688e-02
7.637697175703943298e-02
7.770487124286591663e-02
7.960814097151160118e-02
8.358806957490742817e-02
7.659236229769884885e-02
7.535896991752087659e-02
7.634743754193186460e-02
7.467456829175353472e-02
7.745152122154831675e-02
7.610222304798662518e-02
7.899424557574093175e-02
7.627255565673113358e-02
7.375714647583662964e-02
7.346760641597210872e-02
7.521860349364578591e-02
7.527429870702326276e-02
7.342837001383305251e-02
7.358766210824251031e-02
7.624622664973139397e-02
7.565862670540809964e-02
7.231535362452268245e-02
7.424706893414259601e-02
7.408454138040541925e-02
7.406632016599178081e-02
7.692569288425148144e-02
7.436808318272232488e-02
7.673513405770063245e-02
7.359834385290742187e-02
7.507611605711281277e-02
7.577091711573302746e-02
7.228641966916621309e-02
7.399240540713071523e-02
7.304741654172539067e-02
8.043761747702955767e-02
7.282318758405745274e-02
7.169385423325001783e-02
7.245410367101430549e-02
7.289079173933714351e-02
7.374693396780640509e-02
7.456148826703429267e-02
7.118712278828025208e-02
7.827712472714483394e-02
7.212550940737127991e-02
7.085067836567759958e-02
7.302173806168138492e-02
7.259835585020482651e-02
7.226089884527027440e-02
7.268081434443593447e-02
7.315415008738636315e-02
7.096211050450801361e-02
7.568473130650818503e-02
7.123699915781617209e-02
7.116358518041669690e-02
7.431017663516104044e-02
7.240729586035013488e-02
7.874033359996975012e-02
8.185856918431819174e-02
7.443728304654359529e-02
7.091301844455301373e-02
7.285034360177815305e-02
7.485682790726423674e-02
7.024273142218590005e-02
7.004750759527086923e-02
7.377503565605729452e-02
7.112958943471311968e-02
7.058364752121269736e-02
7.055987066961824650e-02
6.986651563923805541e-02
7.076313618756831236e-02
7.034740205109119016e-02
6.952501020766795048e-02
7.230336404405533768e-02
6.995997909456491692e-02
7.117339238338173113e-02
6.961287631466984982e-02
7.038081752322614126e-02
7.127491731196641811e-02
7.116133251786231628e-02
6.974575584195553957e-02
7.202412127703428091e-02
