2.966204392537474810e-01
1.136316491104662485e-01
8.847255459055304583e-02
8.093276521191000716e-02
7.589800387620926347e-02
7.282967425882816426e-02
7.173926068469882456e-02
7.124306978657841960e-02
7.129367630928755417e-02
7.079402850940823277e-02
6.957478720694780516e-02
6.898558134213089721e-02
6.818233322352171277e-02
6.936299640685320012e-02
6.836323210969567910e-02
6.879250728525221348e-02
6.798317179083823714e-02
6.685460309498011955e-02
6.600953334011137874e-02
6.679873403161763756e-02
6.694002043455839213e-02
6.468148449435830172e-02
6.446899006143212707e-02
6.359116575680673344e-02
6.783748361282050665e-02
6.571882356889545418e-02
6.518977260217070913e-02
6.447974760085344037e-02
6.400035930797458306e-02
6.459804666228592673e-02
6.348776057362556791e-02
6.269457362592220639e-02
6.427286957390605793e-02
6.268171115778387037e-02
6.329675884917378148e-02
6.313884167931974045e-02
6.380537120625376368e-02
6.455596246756613310e-02
6.204247161746025141e-02
6.310456118546425852e-02
6.301216041669249757e-02
6.275725000537932252e-02
6.314194940961898039e-02
6.219894052483141561e-02
6.265495162457228318e-02
6.215788225643336523e-02
6.209355545230210022e-02
6.376711138524114586e-02
6.189777283929288193e-02
6.290883227251470311e-02
6.267246173694729361e-02
6.193057990632951093e-02
6.109724495559930996e-02
5.977709784172475366e-02
6.395740531384945526e-02
6.268426664173602780e-02
6.232698082923888994e-02
6.016339000314473856e-02
5.914647186174988580e-02
6.214098314754665231e-02
6.123907132074236925e-02
5.905229886993765970e-02
6.242288115434348889e-02
6.230236125178634926e-02
5.980635705403983260e-02
6.071783957071602567e-02
6.184379333630204284e-02
6.102351347915828395e-02
6.097244076430797383e-02
6.172116048634052055e-02
5.858890547417103939e-02
5.955896129831671909e-02
6.055480543524027065e-02
5.968955106101930114e-02
5.921553716994822081e-02
5.882749995216727396e-02
5.997706553898751736e-02
6.222411458380520261e-02
6.084839115850627228e-02
5.883569152094423466e-02
6.131545300595462461e-02
5.956447366625070711e-02
5.903239768929779280e-02
5.787699660286307196e-02
5.963863041251897534e-02
6.062942962162196775e-02
6.016496261581778804e-02
5.923906413838267437e-02
6.008273217827081458e-02
5.976957337930798725e-02
5.958560753613710570e-02
5.915353273041546595e-02
6.024646538309753191e-02
5.924500064924359544e-02
5.994091437198221378e-02
5.893498772755265125e-02
6.012488016858696938e-02
5.905615540221333809e-02
6.050453024916351008e-02
5.965040859766304604e-02
