1.604194014643629262e-01
9.005421681950490087e-02
7.602093198647101591e-02
7.528068770344058247e-02
7.425255622093876462e-02
7.123909829805294414e-02
7.396310762191812826e-02
6.866508962586521936e-02
7.040255189562837079e-02
6.707250821093718729e-02
6.540353480726480984e-02
6.616688457007209589e-02
6.820250529795884864e-02
6.734724381938576865e-02
6.877258645991483899e-02
6.901854393382866881e-02
6.521523242816329446e-02
7.189278854057193358e-02
6.267423161615927329e-02
6.896123562008142638e-02
6.621598675847054083e-02
6.568893867855270241e-02
6.516310552755991137e-02
6.772644789889455119e-02
6.680322547132770683e-02
6.956349686409035726e-02
6.470657058681050788e-02
6.439326346541444923e-02
6.874616694326202149e-02
6.485796436046560587e-02
6.707658712441721960e-02
6.995059766496221354e-02
6.161329650009671893e-02
6.258888161430756214e-02
6.067837005481124119e-02
6.372955664992333014e-02
6.153896378974119813e-02
6.196143255258600158e-02
6.084958234181006564e-02
7.179314849277337873e-02
6.234262991075714688e-02
7.241595546404520911e-02
6.250503464291493061e-02
6.088378605743249156e-02
6.797131589303413712e-02
6.117489282662669919e-02
6.618508716424306715e-02
6.147336744392911667e-02
6.741979926203688078e-02
6.107307986045876907e-02
6.392172815278172882e-02
6.835359820475181425e-02
6.343622287114461522e-02
6.065818514054020089e-02
6.151807146767775125e-02
6.021543632571895593e-02
6.222400167336066684e-02
6.831221132228772197e-02
6.141411932185292244e-02
5.969333552444974766e-02
6.380039515594641830e-02
6.583333978429437017e-02
5.832311265791455951e-02
6.136418713877598435e-02
8.529142468546827005e-02
7.122244289144873119e-02
6.289278332764904056e-02
6.465555300936103034e-02
6.135516741002599445e-02
5.923556497941414450e-02
6.069692856321732416e-02
6.338733151555060730e-02
6.269990166649222485e-02
6.143253690252701432e-02
6.122135642915964293e-02
5.730830324192841968e-02
7.545447455719113405e-02
5.974253024285038072e-02
5.956771433353424267e-02
6.049707476049661498e-02
5.653198923294742995e-02
6.538585653528571073e-02
6.374025344227751688e-02
6.398982662707566882e-02
5.903263413036863305e-02
5.988865044588843889e-02
6.475010171532630254e-02
6.274111376454433175e-02
6.447667799890041684e-02
5.805492945636311908e-02
6.474959443633755696e-02
6.230340109517176761e-02
7.061883570005496324e-02
5.840774461006124907e-02
6.629629665985703468e-02
5.602076255405942506e-02
5.905946101993322234e-02
6.006960717961191965e-02
5.976797444745898108e-02
6.129463481716811851e-02
5.691385628034670990e-02
6.012448462347189798e-02
6.380241567889849419e-02
6.131508561472098079e-02
5.898543291414777567e-02
6.198458896329005902e-02
5.987224054212371416e-02
5.983895010625322336e-02
5.995717644691467285e-02
5.922003947198391238e-02
6.550539686034123621e-02
5.937976984307170164e-02
6.208063689370950378e-02
7.654062045738101172e-02
6.027772859980662368e-02
6.122018907219171219e-02
5.718385964632034107e-02
5.818148634086052484e-02
5.961365781724452945e-02
5.617455179182191671e-02
7.108698045834899171e-02
6.694267448037863333e-02
6.337705820798873735e-02
6.059731161842743519e-02
6.317610319703817479e-02
6.183577062562108095e-02
5.817990313594539886e-02
6.331712001624206776e-02
6.041804807260632570e-02
5.943371840442220055e-02
6.184850620726744380e-02
5.941647832592328315e-02
5.727372824524839395e-02
5.684313274919986642e-02
5.872294627750913182e-02
5.634533997625112284e-02
5.799204381182789664e-02
6.199075660047431713e-02
5.992433898771802603e-02
6.067320315788189700e-02
6.547853376716375462e-02
5.419728279113769642e-02
5.923015460371971325e-02
6.164174261502921442e-02
5.658552085049450148e-02
5.733378354460001020e-02
6.110798499236504144e-02
6.544365779186288312e-02
5.637220440432429147e-02
5.695554889738559806e-02
5.876214136059085269e-02
6.379735275482137369e-02
5.772259164601564740e-02
6.301230771467089542e-02
6.302250734219948247e-02
5.638916270186503793e-02
6.058666316792368778e-02
6.063722024982174524e-02
5.709486301988363210e-02
6.132013336444894214e-02
5.708428662270307458e-02
6.115545465921361917e-02
5.831564871594310112e-02
6.116807868083318223e-02
5.894745239367087802e-02
5.367337428033351621e-02
6.206403953333695933e-02
6.247317818924784383e-02
6.371098451937239060e-02
5.730740785598754938e-02
6.150808382779359568e-02
5.626789245754480057e-02
5.570822741836309322e-02
5.728511641422907169e-02
5.615350958580771906e-02
5.864007025336225726e-02
5.703012611716985758e-02
6.827131037289897730e-02
6.668097494170069361e-02
5.817884195595979940e-02
6.409610522910952346e-02
7.882299862802027990e-02
5.992610969270269206e-02
5.555927607541282648e-02
5.738112820001940034e-02
5.628366741041342103e-02
5.701741709063450764e-02
5.700524087374408966e-02
5.480689803138374949e-02
5.684593616674343819e-02
5.638724215949575402e-02
6.126887113476792851e-02
5.923203760137160656e-02
5.680713761597872002e-02
5.565714153771599004e-02
5.926338107635577279e-02
5.734720138832926500e-02
6.404783988371491599e-02
6.014950954044858550e-02
5.566736435517669057e-02
5.702126805981000413e-02
5.839888632297515758e-02
5.787474220618605419e-02
5.999360557645559006e-02
5.738335632408658737e-02
5.402827536066372865e-02
5.865757920468846892e-02
5.776736492291092984e-02
5.663271701584259715e-02
5.418696288019418661e-02
5.699556090558568350e-02
5.471567276865244023e-02
6.489221420139074104e-02
6.241762677828471134e-02
6.089580444619059618e-02
5.508095646277069712e-02
5.676867240418990296e-02
5.756656451150774650e-02
6.080513730645179665e-02
5.631485967896878581e-02
6.024146007994810731e-02
5.669054786364237375e-02
5.375518993784984129e-02
5.687380367269118803e-02
5.720386268571019117e-02
5.592650011181831554e-02
5.944659489517410689e-02
6.022193933526674703e-02
6.163860815266768156e-02
6.225781179964542250e-02
5.581070082262158671e-02
5.926198810338974277e-02
5.611816411837935309e-02
5.618411183357238659e-02
5.619887743145227099e-02
5.486894658456246271e-02
5.618855502145985586e-02
5.568722956503430882e-02
5.499057932135959642e-02
6.292288652310769337e-02
6.470894162853559062e-02
5.536154933894674168e-02
5.686729827895760370e-02
5.582841347282131717e-02
5.846773292248447912e-02
5.772343029578527046e-02
5.565779546896616747e-02
6.591468100746472603e-02
5.400829552983243964e-02
6.289484195411204626e-02
5.778114079808195636e-02
6.110081566497683331e-02
5.527183695385853163e-02
5.888036372760931808e-02
5.900217068381607283e-02
5.779155787390967414e-02
5.533532927744090613e-02
5.455518521989385222e-02
5.811519909029205788e-02
5.638429906840125572e-02
6.714997225751478949e-02
5.721723898003498732e-02
5.630747569104035954e-02
6.868003645290930714e-02
6.385673116892576218e-02
5.589414093022545410e-02
5.722870239987969121e-02
5.671593820365766758e-02
5.653630102674166158e-02
5.672421264772613964e-02
5.788276519005497445e-02
6.238737252851327131e-02
5.874343378469348148e-02
5.518528200685977880e-02
6.009199038768808093e-02
6.703290340180198537e-02
5.720377489924430986e-02
5.620339902738730187e-02
5.697787715122103885e-02
5.926734404638409753e-02
5.455821365738908191e-02
5.492498086144526753e-02
6.080913980801900404e-02
5.724149563039342831e-02
5.585075294598937368e-02
5.768622479711969786e-02
6.132674765462676342e-02
5.770878432939449687e-02
5.462715084043642116e-02
6.111966503163179104e-02
5.628476563220222856e-02
5.569310467069348014e-02
5.843945771455764937e-02
6.182133610981205979e-02
6.366584236423174226e-02
5.947908654808998358e-02
5.443337142467499085e-02
5.712024487555027175e-02
5.978229207297166420e-02
5.967043615877628410e-02
6.307463731616735902e-02
5.920237880821029031e-02
5.535343220457434460e-02
5.668835775926708842e-02
5.919849149261911803e-02
5.343525181214014985e-02
5.731992013752460619e-02
5.740177121634284368e-02
5.860629136363665337e-02
6.163330201680461418e-02
5.540962747919062764e-02
6.136540855591495619e-02
5.894236072587469982e-02
5.522689273270468130e-02
5.843595754355192240e-02
5.619322635854284015e-02
5.766793623566627419e-02
5.311051548148194856e-02
5.464532641693949783e-02
5.912671322313448052e-02
5.743904049818714802e-02
6.054673814525207004e-02
5.438939073123037760e-02
5.857544663672645952e-02
5.610426619338492599e-02
5.523214146494865445e-02
5.610093706597884394e-02
5.901400232066710688e-02
5.377251671627163859e-02
5.783961593483884917e-02
5.636795065055291015e-02
5.691271059215068789e-02
5.590171379968524035e-02
5.939710745277504422e-02
5.708761035775145043e-02
5.462548768768708124e-02
5.445771723364790234e-02
5.545950315892696214e-02
5.414428441474834763e-02
5.653019388827185132e-02
6.392724324017763637e-02
5.589925314610202922e-02
5.692058719073733036e-02
5.625809510548909764e-02
5.956999842387934729e-02
5.356108007952570943e-02
5.447908844798803052e-02
5.987689113244414052e-02
5.391945532212654574e-02
5.547764161601662775e-02
5.678973127156496103e-02
5.307253184728324275e-02
5.653542156020800041e-02
5.557741628338893486e-02
5.579016516606012666e-02
5.459908616418639865e-02
5.712194750706355018e-02
5.492384482795993617e-02
6.021739891109367110e-02
5.407677005355556593e-02
5.906819097697734583e-02
6.113381740326682967e-02
5.687473719939589722e-02
5.628685093795259692e-02
5.519629658510287473e-02
5.549290154750148585e-02
5.498184309030572370e-02
5.624753666110336725e-02
6.108966701974471308e-02
5.393450282514095084e-02
6.053715011725822881e-02
5.512313306952516118e-02
5.373280865140259155e-02
6.423268158609668488e-02
5.497148237501581214e-02
5.520074453825751792e-02
6.225362910578648157e-02
5.490387233595053068e-02
5.490864322210351617e-02
5.444807232668002345e-02
6.221147801106174935e-02
6.148879821101824183e-02
5.461832884078224315e-02
5.588395735248923024e-02
5.761747135470311060e-02
6.059759117042024662e-02
5.719516826793551167e-02
5.478390909110506662e-02
5.448480006307363649e-02
5.762395121467610293e-02
5.981172984465956549e-02
5.744596371427178327e-02
5.500132633373141372e-02
5.452755425435801273e-02
5.555167355264226808e-02
5.475612648452321540e-02
7.197089588890473455e-02
5.668830105413993209e-02
5.137358694647749247e-02
5.715682005509734043e-02
5.353925877561171998e-02
5.655941021318237200e-02
5.590818831076224682e-02
5.592552780484159880e-02
5.494674412844081923e-02
5.462870809249580073e-02
5.796113867002228998e-02
5.356434927632411358e-02
5.587570257795353851e-02
5.570522991319497297e-02
5.451227258269985415e-02
5.408523881807923012e-02
5.296663902389506240e-02
5.639462597668171151e-02
5.663278446222345247e-02
5.654238335788250303e-02
5.343258217598001458e-02
5.752650305628776578e-02
5.512514054775238120e-02
5.511088792855541041e-02
5.427378384706874753e-02
5.756586605682969399e-02
5.650513781855504014e-02
5.418462012584010501e-02
5.423108669618765393e-02
5.793560352797309798e-02
5.417110079899430108e-02
5.450408216876288098e-02
5.553278494005402244e-02
5.548631357649962126e-02
5.556418753539522221e-02
5.418663196886579214e-02
5.458625634511311830e-02
5.730902484928568352e-02
5.425220446040233263e-02
5.497987454757094494e-02
5.897869845231373809e-02
6.731938831508159360e-02
5.410247267223894374e-02
5.257524328306317080e-02
5.526735320066412244e-02
5.400136179601152525e-02
5.431884052852789524e-02
5.509277263656258555e-02
5.587057531500855961e-02
6.265100684016942922e-02
5.676731841017802760e-02
5.805045267567038314e-02
5.432454042757550727e-02
5.611586036781469888e-02
5.734331481469174402e-02
5.588059004706640714e-02
5.646161548793315887e-02
5.886208200827240666e-02
5.893061981846888647e-02
5.807588427017132404e-02
5.914752785116433875e-02
5.823354616761207414e-02
5.285056945557395358e-02
5.649164615198969813e-02
5.788231262937187926e-02
5.515617265055577229e-02
5.324109332635998393e-02
5.872347014645735302e-02
5.727784781716763890e-02
5.539136490474144692e-02
5.569496328011155212e-02
5.436771260574459891e-02
5.627996377646923148e-02
5.988911917433142884e-02
5.315469177439809123e-02
5.761095914989709799e-02
5.828332151596744837e-02
5.378208394472797776e-02
5.643892755111058757e-02
5.723661348844567842e-02
5.344790017232298879e-02
5.448412807658314927e-02
5.756741305192311642e-02
6.202165014420946143e-02
5.426583920915921400e-02
5.599747353543838013e-02
5.709918651729822131e-02
5.569394332977632700e-02
5.630597129464149503e-02
5.927018938896556899e-02
5.510018707563479889e-02
5.337558577458063891e-02
5.806072006002068603e-02
5.589072105785210937e-02
5.572136920566360396e-02
5.599793725647032178e-02
5.236721135055025234e-02
5.495344578598936741e-02
5.573583394909898542e-02
5.632981121850510337e-02
5.797384884829322182e-02
5.546410477409759870e-02
5.555453813945254032e-02
5.636546917259693118e-02
