9.973105057660076878e-02
8.579551844547192441e-02
8.316364764339394255e-02
7.918216971059639786e-02
7.987504657357931415e-02
7.830303743895557222e-02
7.464701810644733260e-02
7.739368045909536531e-02
7.777915172692802248e-02
7.728617323769462755e-02
7.408738575047917052e-02
7.561175970153675985e-02
7.560380372322267339e-02
7.217949829581711552e-02
7.239417940792110262e-02
7.297622598707675934e-02
7.360675072090493154e-02
7.206474797179301950e-02
7.290992316686445429e-02
6.925688381824228468e-02
7.236771506981717894e-02
7.125571765419509707e-02
7.193215721183353339e-02
7.176787898772292451e-02
6.779309093124336050e-02
7.165910974144935885e-02
6.990044313586420144e-02
7.085418757051228922e-02
6.896366032047404615e-02
7.075571470583479072e-02
6.920517262899213151e-02
6.980512005587419244e-02
6.815443440443939849e-02
6.909492168989446459e-02
6.827548483593595674e-02
6.803244807653957560e-02
6.891825555099381773e-02
6.680483680425418347e-02
6.837236500448651277e-02
6.754404989381630753e-02
6.866914079421096440e-02
6.721836299531989967e-02
6.738351171629296255e-02
6.816290174093511678e-02
6.691559938093026572e-02
6.763296661277612420e-02
6.361382315970129375e-02
6.704676060212982902e-02
6.537707503885030469e-02
6.653567205907570670e-02
6.434974039180410554e-02
6.494094278249475105e-02
6.614869168649116504e-02
6.587703319059477758e-02
6.357034313388996993e-02
6.404688787750072165e-02
6.554823543669449637e-02
6.492308666929602623e-02
6.529651511874463854e-02
6.585140744638111332e-02
6.490142402342624628e-02
6.319865558503402758e-02
6.613679321275817147e-02
6.504568546596500855e-02
6.424201208477219038e-02
6.517172414395544511e-02
6.405036870597137499e-02
6.466257562860847075e-02
6.407712650381856834e-02
6.341962548386718967e-02
6.242072579140464650e-02
6.419681585911247990e-02
6.204892519033617521e-02
6.416689695583449593e-02
6.252625121010674247e-02
6.337627588460842398e-02
5.801492478284570736e-02
6.278093535867002029e-02
6.069766153684920396e-02
6.144545310073428607e-02
6.204479349156220847e-02
6.402507629245519916e-02
6.303652927486433355e-02
6.220297122167216253e-02
6.243492905050516267e-02
6.262626700724165107e-02
6.373602933146887972e-02
6.210960369143220944e-02
6.234174106890956468e-02
6.269538560882211009e-02
6.242278641503717918e-02
6.265886151749226751e-02
6.182259914154807773e-02
6.128628584038880306e-02
6.014845960049165774e-02
6.122295329761173743e-02
6.261499925620025997e-02
6.255578906792733096e-02
6.208831733092665811e-02
6.129604953651626720e-02
6.231515326847632957e-02
