9.240522076189517930e-01
1.077722855905691723e-01
8.360897270962595884e-02
8.073222101976473830e-02
7.875861642261346163e-02
7.369640480726957765e-02
7.814952558527389626e-02
6.958929057543476737e-02
7.856917367006341357e-02
6.949435566862424696e-02
7.445176538700858104e-02
6.613041780268152925e-02
7.160556811839341451e-02
6.926325561478734183e-02
6.692487598086396816e-02
6.709906115507086044e-02
7.194292011981208435e-02
6.798530433947841400e-02
6.374591610704859190e-02
6.642321285481254944e-02
6.293362978224953386e-02
7.048191032682855905e-02
6.433287328730026566e-02
6.999180588250358825e-02
6.514490870758890551e-02
6.495471478129426213e-02
6.799999597171942078e-02
6.951073244834939102e-02
6.370136375849445864e-02
7.002184197927514842e-02
6.562866287305951785e-02
6.338396123299995522e-02
6.304920598243674013e-02
7.006883954008420734e-02
6.134854075188438116e-02
6.608602056900660104e-02
6.655371501420935532e-02
6.419745613510409454e-02
6.257483823224901931e-02
6.095010577390591600e-02
6.030089293917020171e-02
6.390253063912193499e-02
6.188390066226323594e-02
6.246792336304982790e-02
6.806250933557748961e-02
6.141624026000500058e-02
6.053284536426266349e-02
6.322385047872861041e-02
6.076912875597675900e-02
6.332797362158695820e-02
6.120472803091009384e-02
6.123239192490776556e-02
6.082594839235146850e-02
6.101498075450460107e-02
6.265028469885389195e-02
6.196489514783024705e-02
6.345506709689895108e-02
6.403853332002958088e-02
6.306998356555898466e-02
6.594350429251789880e-02
6.075508543600638411e-02
6.124052314087748833e-02
6.343404658759634052e-02
5.850549604122837200e-02
6.027771271144350546e-02
6.064788466319441518e-02
5.998814241960644805e-02
5.893999626239140865e-02
5.936556188079217949e-02
5.969663695121804614e-02
5.868179930994908006e-02
6.171397777895133024e-02
6.987231363231936887e-02
6.282778152575095587e-02
6.047260722766319846e-02
6.332432569315035731e-02
5.901238745078444398e-02
6.024027148261665993e-02
5.958796950057149155e-02
6.029250709650417483e-02
6.188425519814094028e-02
6.177422803516189470e-02
6.155956021199623929e-02
6.152735377661883859e-02
5.893393485496441209e-02
5.934719194968541417e-02
6.232210195312897633e-02
5.819628609965244587e-02
5.714762226367989945e-02
6.073961272835731728e-02
5.898096880565086714e-02
5.815953103204567903e-02
6.898730712011456878e-02
6.198682600011428540e-02
6.042939436932404790e-02
5.918427351241310752e-02
5.985933561498919808e-02
5.915337475016713142e-02
5.973215889185667232e-02
6.074087219312786917e-02
6.210915862272183008e-02
5.936977438007792068e-02
5.850962603464722467e-02
6.244083877652883280e-02
5.978248295374214566e-02
6.224400221991042287e-02
5.804413809130588853e-02
5.860358498990535930e-02
5.719239444161455105e-02
6.034238244096438303e-02
6.314599360960225505e-02
6.813654467463493847e-02
6.156233923509717154e-02
6.105504810810089000e-02
5.729528230304519604e-02
5.842572379236420088e-02
5.731522483751178010e-02
6.348259150981902521e-02
6.062642025450865751e-02
5.846268902222315211e-02
6.218930238236983904e-02
5.912959098815918219e-02
6.098227943914631688e-02
6.220716537907719501e-02
5.580679142226775691e-02
5.793558303266763826e-02
5.628469067315260838e-02
5.651880330095688382e-02
6.306639961898326263e-02
5.911331991975506128e-02
6.452368131528297968e-02
6.039090266451239281e-02
5.631144299482306048e-02
6.002147506922483194e-02
5.679844643920659714e-02
6.011220611321429347e-02
6.142810870582858518e-02
6.158228878552714919e-02
5.822240942468245861e-02
6.174371834844350621e-02
5.659335032105446139e-02
6.581930891921122795e-02
5.820144146680832076e-02
5.938117881615956328e-02
6.235027161737283219e-02
5.908689432467023606e-02
6.043161294112602694e-02
6.239986203610897036e-02
5.910369226398567294e-02
6.118720297391216228e-02
5.680290635675191990e-02
6.362185473864277740e-02
6.030427877480785265e-02
5.945716205363472256e-02
6.049140303706129068e-02
5.781069798395037374e-02
6.271791395420829585e-02
5.712984287490447538e-02
5.464886633058389093e-02
5.487229478855927545e-02
5.862613792220751352e-02
5.630095137283205875e-02
6.415148491039872336e-02
6.267557139197985072e-02
5.790005242452025275e-02
5.943972877847651659e-02
5.583511418352524180e-02
6.423171708360314591e-02
5.703936768074830549e-02
5.717924423515796661e-02
6.000745442385475165e-02
6.022973578423261587e-02
6.045911438142259620e-02
5.717359280834595492e-02
5.776682353888949045e-02
5.885999665906031797e-02
7.012489866154889007e-02
5.980312980401019524e-02
6.477101633946101555e-02
5.781772506112854010e-02
6.156407212217648861e-02
5.831682452311118259e-02
5.663554552321632685e-02
5.607739232480526276e-02
6.004464937994877238e-02
5.552918474810818877e-02
5.728148671487966886e-02
5.711147240052620588e-02
5.536344969024260820e-02
5.926909804654618280e-02
6.282841280723611144e-02
5.767427685980995589e-02
5.473802087828517210e-02
5.876952289603650653e-02
5.881512929374972665e-02
5.966193920932710143e-02
6.247050623719890838e-02
5.977833474675814385e-02
5.558063137655457064e-02
5.636222975018123638e-02
5.743901114289959309e-02
5.931395559882124413e-02
5.569589901405076066e-02
5.712336928273240716e-02
5.597359719375769038e-02
5.859155210355917326e-02
5.632261009886860986e-02
6.076754755030075450e-02
5.728533108408252056e-02
5.839438366393247953e-02
6.087632391601800752e-02
5.783486348576843961e-02
5.642501846576730706e-02
6.246466483920812274e-02
5.856124805907408221e-02
6.027473224326967971e-02
5.540739746453861303e-02
5.628627854088941868e-02
6.272130337854225912e-02
5.607495471835136081e-02
5.704750339500606199e-02
5.764693158368269787e-02
5.631538291151325093e-02
6.482648170553147182e-02
5.788172625626127055e-02
6.267759699374436666e-02
6.117132054331402002e-02
6.174641395608584243e-02
5.780877197161316677e-02
5.529068052768706942e-02
5.963637818271914914e-02
6.036378191784023961e-02
6.231138191496332635e-02
5.989832110082109889e-02
5.673427157104015545e-02
5.908394863208134978e-02
5.520212422435482463e-02
5.589776140327255144e-02
5.601426313941677143e-02
5.815858616804082948e-02
5.627558221730093180e-02
5.795414492487907521e-02
5.646438743919134085e-02
5.915833366413911221e-02
5.634678515295187679e-02
5.673870488380392679e-02
6.191681098813812262e-02
5.681273775796095299e-02
5.686711988101402632e-02
5.399020252749323762e-02
5.759644034008185032e-02
5.751086526550352324e-02
5.791428507305682039e-02
5.708182555933793284e-02
5.701042819768190051e-02
5.938974936182300074e-02
5.939626690000295722e-02
5.469213449085752465e-02
5.616698337718844386e-02
5.466479056514799567e-02
5.902004889833430135e-02
5.882455280671516906e-02
5.465209847937027576e-02
5.589842024569709883e-02
5.566178941167890942e-02
5.845022770265738410e-02
5.885282692809899741e-02
5.690803137297431591e-02
5.487706684817870301e-02
5.820424826815724650e-02
6.052614680801828712e-02
5.605436961787442496e-02
5.621619423230488771e-02
5.422036125635107395e-02
5.534270697583754811e-02
5.870756490776936343e-02
5.808455939715106986e-02
6.214259900152683397e-02
6.009360180236399118e-02
5.846867250278592332e-02
5.826712852343916837e-02
5.590679372350374626e-02
5.720447770630320006e-02
7.347793301567434598e-02
5.636490105961759756e-02
5.706012439603606878e-02
5.912319981803496743e-02
5.695016639928023039e-02
5.681691781307260380e-02
6.147190566485127156e-02
7.543271663288275697e-02
6.397798979034026445e-02
5.892109839866558479e-02
5.967211709668238800e-02
5.673822512850165700e-02
5.620404460467397917e-02
5.924826233026882216e-02
5.735786462202668162e-02
5.640856782595316671e-02
5.770322457576791686e-02
5.512580729710558902e-02
5.885847099746267103e-02
5.763857576064765342e-02
5.566699343423048979e-02
5.704472931101918498e-02
5.401672486526270384e-02
5.493635552624861335e-02
5.618828321807086551e-02
5.634951259319980615e-02
5.490986587479710496e-02
5.703833906600872666e-02
5.553755120684703006e-02
5.607282217592000906e-02
6.300902285302678596e-02
5.890638426567117170e-02
5.782656759023666049e-02
5.495446553453803284e-02
5.875989198684692522e-02
5.860202825317779862e-02
6.085920625676711354e-02
6.077209173391262542e-02
5.657926156496008441e-02
5.601487971221407597e-02
5.414097753353416809e-02
5.606650323296586552e-02
5.495539986838897384e-02
6.117763729766011183e-02
6.036811281616489416e-02
6.049600491610666181e-02
5.904661769047379188e-02
5.638893903543551467e-02
5.846544137224554682e-02
5.550626264885068217e-02
6.638423522313435798e-02
6.050441946213443861e-02
6.187963299142817952e-02
6.327159348254401960e-02
5.389605572447180720e-02
5.551935670897364949e-02
5.607268430292606382e-02
5.479473977039257815e-02
5.879000055293242405e-02
6.267737209176023339e-02
6.057812573388218769e-02
6.188034012292822211e-02
5.540447350591420905e-02
6.075490675866603713e-02
5.743226007247964615e-02
5.736243842790524072e-02
6.170172736048698536e-02
5.428037137103577242e-02
6.049091581255197636e-02
5.613840000703931160e-02
5.501699277510245512e-02
5.689819288750489618e-02
5.624699136242270608e-02
5.355387718727191299e-02
5.884182006431122602e-02
5.411133759965499473e-02
5.896333238730828291e-02
7.129251090188820639e-02
5.523773241167267284e-02
5.500973831241329215e-02
5.398520085339744701e-02
5.980391077697277263e-02
5.656691748338441017e-02
5.459535484512646752e-02
5.873152484496434872e-02
5.535156009408334632e-02
5.624000738064448279e-02
5.452205610151092396e-02
5.624319365868965526e-02
6.230262869969010325e-02
5.854670018268127996e-02
5.528306740646560941e-02
5.707023871752123223e-02
5.434530608355998826e-02
5.891621728738149349e-02
5.444021896148721479e-02
5.584910703202088794e-02
5.432841467360655791e-02
5.470565060774485594e-02
5.814215232307712311e-02
5.499474032782018101e-02
5.969217172513405223e-02
5.359718134005864165e-02
5.653589640433589331e-02
5.512456719453136256e-02
5.567243119701743154e-02
6.161192286138732904e-02
6.042598648307224291e-02
5.978749855731924079e-02
5.668218625709414704e-02
5.904100991785526248e-02
5.558285843580960950e-02
6.062187633787591984e-02
5.468746661519011121e-02
5.919004830842216486e-02
5.531073077892263712e-02
6.086414750044544242e-02
5.654516494522492109e-02
5.492844521999359214e-02
6.003418831154704038e-02
5.561032276600599150e-02
5.930923044681549183e-02
5.444912744686007666e-02
5.479216789826750478e-02
5.542053430030743216e-02
5.383406974375248150e-02
6.044123454640309284e-02
5.435673180346687478e-02
5.683876703182855900e-02
5.397915250932176778e-02
5.546374519666035646e-02
6.001256968205173625e-02
5.922004081308841761e-02
5.549914914493759427e-02
5.841823660458127926e-02
5.542602928355336300e-02
5.821967237628996455e-02
5.362852838511267956e-02
5.504754444584250561e-02
5.613957372183601274e-02
5.583241373921433992e-02
5.488192551458875162e-02
5.993651801720261546e-02
6.058771692216396304e-02
5.678877521927157973e-02
5.816842075126866379e-02
5.697623039906223735e-02
5.598976152017712260e-02
5.755221643795569580e-02
5.436485139963527502e-02
5.484984918187062186e-02
6.006803635507822203e-02
5.336284770319859455e-02
5.512872039650877631e-02
5.322419714803496710e-02
5.484291527109841358e-02
5.515775114297866849e-02
5.474731813805798486e-02
5.363188973007102650e-02
5.406481442352135958e-02
5.389466826803981925e-02
5.564189693890511657e-02
5.732694668695330342e-02
5.528704574331641530e-02
5.610185405860344809e-02
5.983591206371784155e-02
5.305406184556583221e-02
5.373253262601793145e-02
5.526622431352734566e-02
5.543509854003787068e-02
5.492381307296454601e-02
5.978321099653840370e-02
5.608840594068169316e-02
5.424346236512064823e-02
5.745018949111302398e-02
6.027174990003307531e-02
6.166820588521659124e-02
5.256357372117539256e-02
5.776525653588274883e-02
5.407855236281951250e-02
5.590510960978766625e-02
5.655111984970669081e-02
5.791819768026471027e-02
5.467717303584019445e-02
5.674540819600224634e-02
5.711930513381958258e-02
5.694296440109610641e-02
6.436594520385066631e-02
5.745865944152077354e-02
5.872234872231880953e-02
5.451560993989308657e-02
5.534346147129932947e-02
5.734156568845113350e-02
5.677546088273326824e-02
5.192595365146795983e-02
5.584580808877945279e-02
5.977929327016075212e-02
5.533728083906074707e-02
5.526477200910449167e-02
5.624706802889704871e-02
6.200512035439411512e-02
5.849036023641625975e-02
5.993834514170885003e-02
6.065153376199305252e-02
5.497684334715207538e-02
5.518469890579581066e-02
5.514987032860517446e-02
5.862703358444074780e-02
5.498251667246222690e-02
5.810268595193823077e-02
5.542946760232250053e-02
5.322491625634332563e-02
5.534379708891113553e-02
5.475091187904278234e-02
5.424372216997046942e-02
5.444523400937517632e-02
5.558200138310591398e-02
