1.022166001300017085e-01
8.967715494334697890e-02
8.609143947561581633e-02
7.922180401782194514e-02
8.046040604511896233e-02
7.927695639431477093e-02
7.884567111730575451e-02
7.870735868811606917e-02
7.701388984918594582e-02
7.726317393283049784e-02
7.071235987047354288e-02
7.442943781614302923e-02
7.398706451058387201e-02
7.442110516130924502e-02
7.598750983675320314e-02
7.400605179369450226e-02
7.014410197734832764e-02
7.409149366120497404e-02
7.358135866622129984e-02
7.095422940949598634e-02
7.296744269629319712e-02
6.606979809701442330e-02
7.071328731874625129e-02
6.894379119078318519e-02
7.238025866448878631e-02
7.036141142249106861e-02
7.002013241251309195e-02
6.886006683111191295e-02
7.020450092852115187e-02
6.592552800973255911e-02
7.052768503626187513e-02
6.982755740483602425e-02
6.921728722751140095e-02
6.611149487396081326e-02
6.931280170877775204e-02
6.603574621180693938e-02
6.411731968323389208e-02
6.952584097782771311e-02
6.687747212747732761e-02
6.824967590471109347e-02
6.839221388101578147e-02
6.629208770891030500e-02
6.637613502641519225e-02
6.776077337563038427e-02
6.187896875043710082e-02
6.797741000850995863e-02
6.727390336493650758e-02
6.358124230057000947e-02
6.754015969733397073e-02
6.684165301422277661e-02
6.785066237052281291e-02
6.742353049417336430e-02
6.684800883134206506e-02
6.709802336990833282e-02
6.455169147501389759e-02
6.681884783009688078e-02
6.506001313527425001e-02
6.376439229895670968e-02
6.376982443034648340e-02
6.499137676010528775e-02
6.576693172256152520e-02
6.393425693114598851e-02
6.436420223365227344e-02
6.332982053359349772e-02
6.458144656072060952e-02
6.467828731983900348e-02
5.873293814559777531e-02
6.383846327662467957e-02
6.504209924489259831e-02
6.496682936946550357e-02
6.452629836897055826e-02
6.527922138571738697e-02
6.260140185554821657e-02
6.345762954403956491e-02
6.403198089450597152e-02
6.134662992010513766e-02
6.508170725156862957e-02
6.502901432414849581e-02
6.090910957505305673e-02
5.930193978051344350e-02
6.434738752742608092e-02
6.126859719554583056e-02
6.159512913475433810e-02
6.026665080338716729e-02
6.314451627433299852e-02
6.456434734165668321e-02
6.455584462732076589e-02
6.391023870557546727e-02
6.325939522435267137e-02
6.358205636342366407e-02
5.904866070797046285e-02
6.297815394898255426e-02
5.794951179375251032e-02
6.026701827843983922e-02
6.072812781979640417e-02
6.156025155136982813e-02
6.279679968953132130e-02
6.013385129471619794e-02
6.287470523267985056e-02
5.924896437674760652e-02
6.343885431687036613e-02
6.044348546614249779e-02
5.880758379896482146e-02
5.834196887910365892e-02
6.177359681576490708e-02
5.998867987344662367e-02
6.239419536044200215e-02
5.956714512159427127e-02
6.130287623653809387e-02
5.524732684095700480e-02
5.796942058950662474e-02
5.869842701901992199e-02
6.063036999354760176e-02
6.104214328030745096e-02
6.251089437554280259e-02
6.075940292328595865e-02
6.234405633062124058e-02
6.172918478647868024e-02
6.187564703325430793e-02
6.234831285973389814e-02
5.837005008012056267e-02
6.078585546463727979e-02
5.814898749192555505e-02
5.923787284642458018e-02
5.724890378614266861e-02
6.126883736501137490e-02
6.102044922610123934e-02
6.146606528510650119e-02
5.967606668670972364e-02
6.104173909872770420e-02
6.174085713922977670e-02
5.858633828659852438e-02
6.212021119892597448e-02
6.087082693974177339e-02
5.996215570718049781e-02
6.044956107934316286e-02
6.056004529198010661e-02
5.812023566414912384e-02
6.150649497906367225e-02
6.153121935824552857e-02
5.949343717346589067e-02
5.925441800306240764e-02
6.158051236222187447e-02
5.998007224251826475e-02
5.779435786108175904e-02
5.797795592496792633e-02
5.917149980862935338e-02
6.002416979521513207e-02
6.057169752816358999e-02
5.609908821682135088e-02
5.945240086565414805e-02
5.869472790509462634e-02
5.875319957733154269e-02
5.969140391796827483e-02
5.678140586862961275e-02
5.808538916210333192e-02
5.794759534299373516e-02
6.031061778465907075e-02
5.839495528489350995e-02
5.948356286933025039e-02
5.884553396453460344e-02
5.774601871768633710e-02
6.006278591851393206e-02
5.829772024104992734e-02
5.962571848183870205e-02
5.868010133504867470e-02
5.877322163432836810e-02
5.384907599538564515e-02
5.930205314109722459e-02
5.964668851345777262e-02
5.912986230105161944e-02
5.580495850493510240e-02
6.033013974626859344e-02
5.888590426494677565e-02
5.754902180284261759e-02
5.612121521184841588e-02
5.569538025806347603e-02
5.836996705581744271e-02
5.788090672343969290e-02
6.000724410017331534e-02
5.768932228287061009e-02
5.888329517096280857e-02
5.957452766597270966e-02
5.774364819129308019e-02
5.930416632443666347e-02
5.838324103504419216e-02
5.983446409304937069e-02
5.865415616581837188e-02
5.901120995481808768e-02
5.858439687639474536e-02
5.666718975951274412e-02
5.919276310751835773e-02
5.847931778679291148e-02
5.831660843143860601e-02
5.545265850921472089e-02
5.668378711988528856e-02
5.665116788198550773e-02
5.652710987875859266e-02
5.821641813963651657e-02
5.890562719355026816e-02
5.937274357924858526e-02
5.709148606906334217e-02
5.940413299947976816e-02
5.609393456329902355e-02
5.886421078195174655e-02
5.863814823329448894e-02
5.889876040319601963e-02
5.827532666424910246e-02
5.612169132878382788e-02
5.583031648149092835e-02
5.618107335021098325e-02
5.800566063572962922e-02
5.824848574896653725e-02
5.784376428773006090e-02
5.722116185973087632e-02
5.476233883450428580e-02
5.628650210797786491e-02
5.679599709808826752e-02
5.383055706818898334e-02
5.769785777976115665e-02
5.868233854571978242e-02
5.631478585302829992e-02
5.709038315961758453e-02
5.373398115237553591e-02
5.683853390316168791e-02
5.676463895787795672e-02
5.293829907973607307e-02
5.787112051000197627e-02
5.849087561170260297e-02
5.797315948953231379e-02
5.754079124579827148e-02
5.614069148898124390e-02
5.533517909546693120e-02
5.424616622428099499e-02
5.754176347206036574e-02
5.392361783732970565e-02
5.695621949930985972e-02
5.664477452635765381e-02
5.721788115799426866e-02
5.677936803549528400e-02
5.779510375112294901e-02
5.857161490867535125e-02
5.725889911254247039e-02
5.461881818870703564e-02
5.780537658681472041e-02
5.697868317365646640e-02
5.521875536690155906e-02
5.670584345857302561e-02
5.569223225116729653e-02
5.715857408940792223e-02
5.643752582371235060e-02
5.565180119127035446e-02
5.744508945693572316e-02
5.502745419740676797e-02
5.495286719252665680e-02
5.660039330522219359e-02
5.704855281859635974e-02
5.614451697717110640e-02
5.695012868692477664e-02
5.773942168802023017e-02
5.418551420172055405e-02
5.551859879245360507e-02
5.619154689212640247e-02
5.672793455421924758e-02
5.639744449406862425e-02
5.731327248116334372e-02
5.780285800496737236e-02
5.595734794934590500e-02
5.607533026486635069e-02
5.587376861522595078e-02
5.684775907546282120e-02
5.593300274262825306e-02
5.809627426167329051e-02
5.647333142658074456e-02
5.558663294961055379e-02
5.839393327633540104e-02
5.558055978268384989e-02
4.884769135465224371e-02
5.417052562038103536e-02
5.552339860548576034e-02
5.666672745098670638e-02
5.694436995933453011e-02
5.639453195035457750e-02
4.456750916937986945e-02
5.497833706438541579e-02
5.445666866997878053e-02
5.788256075233220999e-02
5.747861675918101987e-02
5.360389615098635346e-02
5.335480298846959762e-02
5.508783577630917139e-02
4.995203295101722368e-02
5.387122965107361133e-02
5.534802662829558378e-02
5.710582491010427614e-02
5.598303294430176380e-02
5.676138247052828212e-02
5.091383298238118249e-02
5.441782097021738429e-02
5.579330491522947744e-02
5.628945060074329321e-02
5.544595162073771150e-02
5.699614050487677303e-02
5.669928893446922469e-02
5.654643340657154738e-02
5.609704534212748422e-02
5.638923001786073225e-02
5.542329695075750434e-02
5.747014095385869631e-02
5.313604989399512563e-02
5.565855032453934093e-02
5.544515475630760332e-02
5.628608021885156409e-02
5.288824796676636075e-02
5.083056643605231989e-02
5.653101727366447588e-02
5.598723761737346705e-02
5.555771081397931077e-02
5.161315703143676270e-02
5.470940918972094780e-02
5.581930495798587827e-02
5.616109034667412375e-02
5.506187555690606611e-02
5.530797757208347210e-02
5.624613756934801478e-02
5.794729077567657011e-02
5.552066350976626180e-02
5.439560150106748093e-02
5.369051409264405383e-02
5.688404777397711859e-02
5.607660240183273692e-02
5.388238185395797381e-02
5.673838023096323263e-02
5.090777496496836502e-02
5.424916713188091683e-02
5.408611579487720977e-02
5.575774438679217959e-02
5.437416229397058764e-02
5.576692856848240037e-02
5.411555142452319223e-02
5.512983936816454045e-02
5.568437735239664677e-02
5.253361812482277432e-02
5.548326216638087977e-02
5.229176963369051856e-02
5.394755636652310421e-02
5.222798610726992613e-02
5.698785610496998055e-02
5.680766936391592331e-02
5.067655128737291043e-02
5.585220766564210487e-02
5.410748788466056280e-02
5.647719892362753485e-02
5.619825460016727309e-02
5.161458687235911946e-02
5.554250193138917518e-02
5.627422993381818450e-02
5.652565260728200508e-02
5.623260804762442860e-02
5.497867976625760156e-02
4.762794196605682484e-02
5.520977706958850317e-02
5.631860822439193476e-02
5.521888398875792608e-02
5.536698967218398743e-02
5.631858207285404122e-02
5.514345561464627926e-02
5.537721006820599257e-02
5.470785032957792282e-02
5.587237646182378198e-02
5.557754540195068010e-02
5.529118220011393359e-02
5.151078363259633391e-02
5.332698004941145709e-02
5.560328733175992633e-02
5.329674975325664199e-02
5.436945335318645045e-02
5.485683489590883338e-02
5.652551731715600020e-02
5.492949329316616086e-02
5.624875194082657598e-02
5.647333229581515124e-02
5.411018881946802472e-02
5.422561439375082892e-02
5.117015372961759845e-02
5.458181566248337252e-02
5.417559489607810808e-02
5.473961963007847181e-02
5.576909642666578321e-02
5.126836888492107558e-02
5.507192306220531214e-02
5.189259411146243672e-02
5.326450413713852694e-02
5.369241975247859844e-02
5.547670920689900392e-02
5.241949786742527984e-02
5.636955267439285738e-02
5.542562093585729627e-02
5.439119378725687515e-02
5.427600003778934590e-02
5.524458276728789335e-02
5.202347761640946366e-02
5.604429484655459870e-02
5.562544248998164964e-02
5.413045961409806983e-02
5.562408111989498166e-02
5.437843561172485407e-02
5.607252838710943821e-02
5.634224445869525505e-02
5.090444690237442421e-02
5.518141525487105237e-02
5.428745004038015853e-02
5.547773357480764722e-02
5.422399530808130752e-02
5.546036767462889094e-02
5.435712294032176567e-02
5.552434720098972654e-02
5.396460534383853286e-02
5.494197835524877033e-02
5.305264919996261624e-02
5.621023918191592195e-02
5.369197027136882183e-02
5.460886009037494576e-02
5.509812788416942192e-02
5.529102127999067223e-02
5.379232477396726775e-02
5.139843164632718064e-02
5.505176763981580595e-02
5.228986981014410729e-02
5.551533013582229947e-02
5.461218266437450897e-02
5.669076539576053952e-02
5.212469822416702925e-02
5.346936379869778738e-02
5.347261841098467638e-02
5.445917015274365919e-02
5.589452862739562738e-02
5.606532814602056825e-02
5.348155196756124163e-02
5.540638654182354628e-02
5.193088716516892217e-02
5.397595665107170898e-02
5.512909839550653862e-02
5.563402906060219144e-02
5.489868387579917991e-02
5.139419518411159765e-02
5.714805498719215116e-02
5.394416564454634910e-02
5.376788534224033467e-02
5.364433841158946364e-02
5.469383414834737972e-02
5.541738353669643097e-02
5.508932543297608703e-02
5.416100996236006271e-02
5.337924775977929276e-02
5.360342257966597967e-02
5.591545239090919828e-02
5.377492046604553932e-02
5.566357914358377457e-02
4.796710035453240206e-02
5.155474539846181814e-02
5.474503828833500452e-02
5.357516353329022651e-02
5.455199424177407941e-02
5.471688636889060486e-02
5.272242563466231213e-02
5.566997485856214900e-02
5.354113647093375339e-02
5.386693178365627860e-02
5.451741799712181424e-02
4.762734296421210212e-02
5.284205622971058225e-02
5.419017384449641150e-02
5.483586646616459004e-02
5.481558094422022548e-02
5.671526250739892389e-02
5.239210839072862974e-02
5.410973863055308641e-02
5.230245890716711532e-02
5.293649340669313863e-02
5.357875429093837683e-02
5.445260299990574426e-02
5.413075045992930823e-02
5.073433147122462933e-02
5.521346206466357098e-02
5.415842649837335210e-02
5.308952869226535309e-02
5.477843803664048800e-02
5.367578953504562045e-02
5.429899384578069227e-02
5.201288620630899889e-02
5.503356075535217884e-02
5.306237646689017373e-02
5.453495580703020262e-02
5.520086808751027002e-02
5.235231384634971702e-02
5.296926966557900102e-02
5.487563761572043092e-02
5.409475240856408823e-02
5.350451962401469447e-02
