1.096276496723294219e-01
7.484240487217902471e-02
6.972470093518495782e-02
6.929307153448462098e-02
6.840699652209877857e-02
6.663842802867293857e-02
6.718639317899942343e-02
6.646961137652397655e-02
6.655624512583017960e-02
6.657010173425077781e-02
6.577142436057328845e-02
6.480449028313159388e-02
6.352956209331750426e-02
6.342377433553338106e-02
6.381740584969521068e-02
6.289986701682209747e-02
6.330452503636480044e-02
6.194174505770206479e-02
6.158327997662126768e-02
6.236658748239278655e-02
6.207129273563623262e-02
6.184662567451595927e-02
6.182089291512966184e-02
6.241226884536445196e-02
6.202833266928792222e-02
6.115045502781867731e-02
6.070063838735222789e-02
6.054505340754985643e-02
6.134861273691058492e-02
6.023835202679037742e-02
5.998472857289015997e-02
6.029847763478755895e-02
6.047919298522174553e-02
6.042956229299306647e-02
6.129636802710592552e-02
6.012145137414336149e-02
6.056514888070523711e-02
5.989903423935175053e-02
5.980708828195929749e-02
5.984654208645224377e-02
5.971099306829273645e-02
5.984757932834327415e-02
5.941152209416031976e-02
5.961014115251600520e-02
5.922285348176956066e-02
5.920653641223907332e-02
5.836109135299921008e-02
5.920755221508443300e-02
5.863336905837059077e-02
5.918629923835396628e-02
5.984936068765819156e-02
5.899436134845018054e-02
5.854440574534237191e-02
5.927451899275183733e-02
5.909455066546797503e-02
5.846294289454817550e-02
5.867795875295996749e-02
5.891700665466487186e-02
5.855932193808257441e-02
5.941806240007281581e-02
5.917414922267198729e-02
5.811529541388153752e-02
5.787685018032789203e-02
5.866224633529782545e-02
5.868520826101303323e-02
5.828008848242461487e-02
5.835361659526824840e-02
5.812581909820437737e-02
5.805779397487640520e-02
5.925602434203028346e-02
5.818704924546182211e-02
5.940511698834598231e-02
5.864614000543952321e-02
5.778775488957763051e-02
5.851163443177938295e-02
5.883798279799520858e-02
5.715305821970104866e-02
5.831764031201600723e-02
5.742184318602085169e-02
5.718925232067704340e-02
5.752821216359734618e-02
5.711268485523759986e-02
5.781732941046357349e-02
5.788751185871660737e-02
5.886371660046279403e-02
5.727276900783181274e-02
5.742570591159164989e-02
5.784615813754499097e-02
5.681241690181195597e-02
5.641704863868653858e-02
5.774144078604877273e-02
5.666356657631695104e-02
5.788001882843673424e-02
5.724333190359175150e-02
5.679252128116786535e-02
5.660868804901838386e-02
5.711923182941973376e-02
5.724113102070987197e-02
5.681127436459064428e-02
5.917025111615657751e-02
5.730013449676334830e-02
5.744925742968916976e-02
5.725403730757534781e-02
5.672165710479021294e-02
5.766678913496434827e-02
5.711304657161235532e-02
5.655332877300679739e-02
5.636334031820297574e-02
5.661139444448053809e-02
5.668058449402451487e-02
5.615134274587035151e-02
5.679999986663460815e-02
5.746725773438811358e-02
5.657144022174179221e-02
5.626930222846567714e-02
5.651801730506122307e-02
5.619431870058178707e-02
5.970116562210023292e-02
5.659871259704232077e-02
5.583941881544887686e-02
5.609816481359303220e-02
5.578096177428960856e-02
5.650144326500594616e-02
5.634791363030672295e-02
5.600414016284048502e-02
5.636030099354684408e-02
5.602847843430936586e-02
5.716664590872824053e-02
5.616929545067250729e-02
5.662638600915670395e-02
5.607567246071994138e-02
5.590353267267346438e-02
5.587493093684315487e-02
5.669194194488227229e-02
5.814633387140930032e-02
5.644985486753285181e-02
5.619804140180349045e-02
5.637735336087643795e-02
5.569754921831190919e-02
5.555602130480110507e-02
5.614020126871764604e-02
5.598556541837752115e-02
5.614559930749237621e-02
5.601803959347307488e-02
5.574881740845739897e-02
5.558523175306618463e-02
5.579155459068715905e-02
5.652378578670323034e-02
5.564596865326166403e-02
5.614156544208526861e-02
5.708400911651551751e-02
5.556185914203524284e-02
5.575643941760063255e-02
5.651412103325128417e-02
5.663994674570858173e-02
5.535142082720995171e-02
5.548106923699378662e-02
5.588894699700176771e-02
5.640903705731034612e-02
5.513903493061661498e-02
5.583181941881775606e-02
5.564408136531710791e-02
5.522487639449536606e-02
5.558489806018769575e-02
5.559661721810698481e-02
5.598759858869015865e-02
5.548356330953538307e-02
5.591663833707571224e-02
5.527527999132871711e-02
5.658979826606810176e-02
5.578140748664736637e-02
5.672255760990083107e-02
5.728838221170007988e-02
5.546482033096254011e-02
5.530451994389295328e-02
5.562187292613089001e-02
5.567402819171547723e-02
5.535852761939168143e-02
5.566867269575595523e-02
5.704240834340452981e-02
5.564643378369510396e-02
5.571644213050604144e-02
5.594302278943359685e-02
5.529446951113640984e-02
5.614681195467710606e-02
5.604556232690811185e-02
5.529875492677092247e-02
5.524929254315793375e-02
5.599713685922324408e-02
5.518745869398117287e-02
5.496795159764587824e-02
5.533402343280613422e-02
5.592118564061820257e-02
5.536131703294813744e-02
5.473816059529781203e-02
5.548735610209405700e-02
5.500321878120303237e-02
5.532026999630033914e-02
5.524072821252048321e-02
5.584890255704522133e-02
5.477746491320431566e-02
5.549030581489205333e-02
5.503091934137046420e-02
5.557526794262230424e-02
5.509137089364230661e-02
5.586703756824135808e-02
5.600119256414472918e-02
5.528768888674676085e-02
5.494511339813470951e-02
5.513860965147614202e-02
5.462176958099007607e-02
5.488384001888334945e-02
5.467448052950203696e-02
5.619482387788593547e-02
5.583092728629708568e-02
5.498794010840356294e-02
5.486580849625170148e-02
5.524346209131181240e-02
5.536993511021136988e-02
5.467546670697629591e-02
5.524487965740263601e-02
5.488848484121262861e-02
5.481577828526496693e-02
5.519177363254129665e-02
5.481874851509929009e-02
5.529405347071587873e-02
5.474084858782589380e-02
5.492187420837581213e-02
5.498899272643029829e-02
5.494076523929834061e-02
5.475288062356412078e-02
5.496294571086764169e-02
5.666309557855129381e-02
5.454569213092327201e-02
5.519303094595670589e-02
5.664118127897381505e-02
5.494709167629480140e-02
5.537773420102894140e-02
5.471806216984987509e-02
5.501862695440649931e-02
5.486854412592947344e-02
5.457781943492591437e-02
5.545085523277520911e-02
5.507420565932989037e-02
5.465671574696898127e-02
5.569768738932907859e-02
5.568525425158440956e-02
5.452877595089376112e-02
5.485457467846572427e-02
5.499097463674842978e-02
5.461563242599368206e-02
5.420154239982366562e-02
5.501517022028565296e-02
5.483948849141597609e-02
5.597566656768322019e-02
5.428216998465359294e-02
5.592313729226588981e-02
5.522092176601290509e-02
5.500781600363552348e-02
5.429070813581347160e-02
5.482377837412059224e-02
5.440995098091661736e-02
5.494526260532438949e-02
5.524153427220881291e-02
5.426356209442019518e-02
5.418021569028496492e-02
5.450311955064535141e-02
5.467944837175309908e-02
5.417582104913890029e-02
5.386443484574556656e-02
5.442173958756029578e-02
5.536796539090573649e-02
5.437544738873839600e-02
5.511859514750540312e-02
5.463057160377502580e-02
5.588938852772116356e-02
5.461276532150804996e-02
5.448213327676057482e-02
5.380648462101816909e-02
5.500571972690522504e-02
5.429533482529223104e-02
5.539999959059059564e-02
5.471758733503520600e-02
5.500270007178187370e-02
5.475373160094022806e-02
5.338190871290862671e-02
5.424558904021978267e-02
5.428373838774860211e-02
5.446897229179739619e-02
5.401174203492700721e-02
5.441268518567085599e-02
5.466162308119237173e-02
5.459601600654423459e-02
5.458303470164537624e-02
5.468234265223145818e-02
5.443910767324269123e-02
5.420508775860070905e-02
5.477606111206114597e-02
5.490957719273865251e-02
5.492624248377978718e-02
5.389287699945270738e-02
5.432943341322243186e-02
5.519916811957955444e-02
5.453586726449430322e-02
5.467350363731384583e-02
5.406889764592051617e-02
5.519211378879845115e-02
5.442281720228493019e-02
5.405692426487803542e-02
5.454400458373129257e-02
5.377817035652696781e-02
5.435158790089190256e-02
5.410271741449832611e-02
5.440953218378126455e-02
5.427203039638697768e-02
5.437538282945752338e-02
5.408774234354495752e-02
5.457877056673168803e-02
5.415807517245412039e-02
5.435919843614101660e-02
5.435748943127691885e-02
5.507236491888761742e-02
5.460473858751356546e-02
5.419810095801949612e-02
5.405115177854895314e-02
5.414374501444399468e-02
5.415657473728061055e-02
5.432793902233243322e-02
5.408159709535539234e-02
5.591073782183229868e-02
5.399150021374225783e-02
5.389066093601286439e-02
5.430561437271535369e-02
5.442835836671292699e-02
5.374732526950538186e-02
5.401034274138510199e-02
5.411445093341171741e-02
5.378227054141462155e-02
5.361918102949857906e-02
5.398302002809941824e-02
5.466504662297665823e-02
5.366635475307703074e-02
5.413028699345887040e-02
5.506770627573132765e-02
5.442717903293669418e-02
5.492983941920101532e-02
5.382078854367136622e-02
5.475631931796669932e-02
5.428014580160379216e-02
5.397888559848069978e-02
5.419821448624134036e-02
5.396013448014855274e-02
5.398077631369233020e-02
5.559324416331946905e-02
5.425966171547770556e-02
5.322350134141742850e-02
5.371682131662965098e-02
5.398476655595004642e-02
5.377411659806966698e-02
5.353528350591659629e-02
5.398202076554298179e-02
5.399176970124244801e-02
5.377774723805486823e-02
5.502817681990564147e-02
5.443090863525867212e-02
5.376645239070057536e-02
5.419827806763351241e-02
5.386337320320308542e-02
5.459983395412564000e-02
5.494161481037736217e-02
5.367276616394520139e-02
5.374252076260745831e-02
5.405009623616933989e-02
5.383291759528219950e-02
5.387803960591554947e-02
5.442985433153808145e-02
5.382004514336585776e-02
5.420988094061612861e-02
5.351896971464156771e-02
5.362183855846524433e-02
5.343488696031272606e-02
5.441905177198350096e-02
5.396065070293843552e-02
5.443894157186150717e-02
5.397409956902265299e-02
5.372628687880933590e-02
5.449052161537110833e-02
5.405131204053759825e-02
5.419167498126625793e-02
5.386438517831265704e-02
5.395612533204257460e-02
5.457654387690127201e-02
5.416987430304288920e-02
5.512050231918692866e-02
5.396968943998217694e-02
5.405793345533311395e-02
5.403288676403462942e-02
5.457906175404787091e-02
5.368830922059714822e-02
5.359759289771318103e-02
5.362854436039924538e-02
5.449851898476481410e-02
5.427824392914772089e-02
5.340162299573421312e-02
5.421425563283264332e-02
5.407216259278357223e-02
5.441633023321628543e-02
5.367912199348211233e-02
5.376997051760554203e-02
5.444628759287297587e-02
5.327969814650714703e-02
5.584800055250525169e-02
5.411775423213839586e-02
5.434026760049164018e-02
5.343647418543696209e-02
5.352111777290701616e-02
5.410743574611842632e-02
5.416018606163561233e-02
5.352220186963677073e-02
5.334228171966969717e-02
5.383196528069675302e-02
5.437083116732537719e-02
5.334003195166588107e-02
5.418626356869935684e-02
5.383870037272572850e-02
5.431488846428692008e-02
5.322476934641599822e-02
5.364902080968022430e-02
5.368212180212140333e-02
5.386076223105192018e-02
5.299225591123104401e-02
5.355344649404287366e-02
5.420297299511731004e-02
5.432249561883509270e-02
5.394431659020483549e-02
5.401328014209866302e-02
5.413815670646727335e-02
5.395374549552798410e-02
5.367780655622482466e-02
5.390930123627185599e-02
5.383753150701522938e-02
5.364231276325881481e-02
5.349735341034829450e-02
5.371973679400980639e-02
5.325067478232085871e-02
5.303432356566190747e-02
5.394818243570626004e-02
5.450726883485913082e-02
5.384738338179886202e-02
5.371411609463393882e-02
5.407906538806855901e-02
5.409899804741144513e-02
5.326694514602423047e-02
5.390246718190610381e-02
5.350164755247533571e-02
5.365010277368128383e-02
5.395502319559455223e-02
5.414253690280020070e-02
5.326375398784875814e-02
5.384283266961574499e-02
5.346572565846145070e-02
5.363260006532073049e-02
5.358863542787730555e-02
5.415216169320046652e-02
5.387584120966493889e-02
5.343707543797791143e-02
5.405697399750351850e-02
5.448208967223763799e-02
5.468792964704334569e-02
5.352473049424588680e-02
5.367854834534227515e-02
5.352132725529372415e-02
5.440323592163622685e-02
5.355916806496680005e-02
5.329045060090720903e-02
5.436311730183660679e-02
5.372282818891108147e-02
5.360981255769729781e-02
5.329753122292459067e-02
5.311273917555808799e-02
5.367319096811115631e-02
5.338127329014241695e-02
5.392985390499234477e-02
5.360113667324185177e-02
5.427688634023070113e-02
5.338020279072225316e-02
5.325595326721668105e-02
5.406480439007282229e-02
5.371654981747269603e-02
5.327647065743804089e-02
5.356736874207854160e-02
5.420747113414108725e-02
5.421680654399096966e-02
5.330545011907816128e-02
5.543962589465081803e-02
5.471278539858758644e-02
5.453083956614136751e-02
5.358865732327103282e-02
5.349674320779741060e-02
5.325841333717108023e-02
5.357797735370695841e-02
5.321007640101015762e-02
5.406914541497826604e-02
5.350990992970764554e-02
5.352078719064592982e-02
5.289133843034506122e-02
5.381091102957725331e-02
5.341653077863156573e-02
5.385884131304919525e-02
5.388372011482715773e-02
5.313305148854851473e-02
5.372667206451296751e-02
5.378468181006610532e-02
5.364535253494977923e-02
5.388621863909065501e-02
5.418442447669804402e-02
5.345861269161104878e-02
5.297344121150672491e-02
5.351692671887576386e-02
5.320461154915392260e-02
5.376917023211717772e-02
5.314674943685531588e-02
5.335404378361999905e-02
5.366594837047159589e-02
5.368015169166028694e-02
5.358857234008609915e-02
5.463431949727236975e-02
5.295385087840259047e-02
5.323548132553696660e-02
5.379085304215550090e-02
5.342134119942784642e-02
5.372303891927003583e-02
5.339535875245928626e-02
5.412001297809183875e-02
5.423307229764759430e-02
5.355235315859317724e-02
5.331729509867727534e-02
5.373699341900646520e-02
5.347848266363144226e-02
5.320611091330647302e-02
5.402121420949697328e-02
5.489309106022119411e-02
5.358897909522056247e-02
5.344446510076522605e-02
5.319243673235177911e-02
5.353303653188049710e-02
5.268325268290936780e-02
5.410739111714064908e-02
5.377507834695279682e-02
5.311057583428919343e-02
5.308866985142231265e-02
5.342058459296822326e-02
5.305504443123936625e-02
5.401914088986813772e-02
5.293283706530928917e-02
5.359022656455635775e-02
5.407581550069153614e-02
5.360673364251852119e-02
5.357800222933292722e-02
5.319452820345759586e-02
5.352969329804182358e-02
5.330401111394166697e-02
5.275318271480500948e-02
5.306533456780016672e-02
5.309864497743546630e-02
5.302333950996399037e-02
5.318535540252924271e-02
5.368045309558510531e-02
5.342983294278383366e-02
5.330933178775012354e-02
5.353875704109668787e-02
5.344880573451518679e-02
5.284189464524388646e-02
5.359810155816376043e-02
5.286647080443799412e-02
5.345331653952598711e-02
5.355874971486628000e-02
5.490432505495846521e-02
5.326970113441348298e-02
5.326441429555416052e-02
5.275273550301790015e-02
5.356291892006993099e-02
5.295477066189050591e-02
5.296196761541068637e-02
5.388126193545758613e-02
5.413259735330939321e-02
5.376614673994481453e-02
5.289591803215443894e-02
5.340499424375593635e-02
5.312089044600724896e-02
5.267932012677192799e-02
5.361002948135137891e-02
5.336115044541656777e-02
5.313554090447723810e-02
5.317294528707861706e-02
5.322504410520195739e-02
5.348734448663890195e-02
5.281444632448255988e-02
5.308779602870344894e-02
5.302283487282693358e-02
5.307211801409721097e-02
5.286037185229361390e-02
5.324430859647691361e-02
5.260184807702898702e-02
5.343886094167828865e-02
5.275014384649694132e-02
5.402995488606393559e-02
5.317788835614919996e-02
5.339269794523716223e-02
5.343190249986946860e-02
5.280014094896614413e-02
5.283328484743833597e-02
5.315347008407116103e-02
5.380680992268025570e-02
5.450907316058874186e-02
5.241180858574807921e-02
5.448132005520164856e-02
5.310484929010272220e-02
5.299896360374987264e-02
5.311728034168481521e-02
5.255567919462919568e-02
5.302303071133792484e-02
5.323544031009078137e-02
5.340390780940652143e-02
5.272526040673256031e-02
5.375639629550277993e-02
5.308408486656844560e-02
5.304424014873802828e-02
5.379531961865723078e-02
5.375123874284327280e-02
5.333675604313611873e-02
5.337992561981082240e-02
5.252570329234004104e-02
5.378527045249938826e-02
5.312059018760919432e-02
5.286641839891672440e-02
5.343443365767597958e-02
5.274110945872962503e-02
5.228872035630047210e-02
5.326725931838154765e-02
5.325516661629080967e-02
5.331378648057580327e-02
5.278590702451765870e-02
5.324286647140979989e-02
5.411512481048703221e-02
5.314215461723506562e-02
5.312911136075854079e-02
5.306374066509306209e-02
5.291957260109483863e-02
5.374363568611442710e-02
5.287951485253870182e-02
5.309141340665519265e-02
5.426460459828377075e-02
5.365387355908751710e-02
5.275312614627182539e-02
5.280845055356622048e-02
5.352907558903097912e-02
5.312520155683159856e-02
5.313887227326631602e-02
5.321032223291695396e-02
5.411688425578176781e-02
5.305549554526806100e-02
5.252894193865358802e-02
5.298614507541060670e-02
5.362749028019606762e-02
5.287312946282327064e-02
5.326317830011248478e-02
5.331890318542718832e-02
5.239063721150159780e-02
5.280501628294587135e-02
5.294850461184978652e-02
5.271576038561761463e-02
5.257994367741048586e-02
5.288725934922695188e-02
5.331275400705635242e-02
5.316707884892821201e-02
5.230837563984096217e-02
5.299842229112982500e-02
5.272745574824511811e-02
5.299228988587856293e-02
5.341351177543401940e-02
5.338610020466148798e-02
5.411429737694561232e-02
5.411488713696598757e-02
5.310225670225918182e-02
5.299756483174860450e-02
5.360115954652428655e-02
5.352123199030756756e-02
5.363131640478968620e-02
5.500324768945574760e-02
5.288622369989752492e-02
5.364345058798789673e-02
5.332327890209853649e-02
5.294013652019202709e-02
5.427122836001217060e-02
5.259924191050231734e-02
5.285336239263415531e-02
5.377466600388288581e-02
5.314429865218699145e-02
5.321271647699177265e-02
5.298862988129258295e-02
5.298726051114499569e-02
5.386456641368567860e-02
5.246850958094000789e-02
5.367202640511095635e-02
5.312401866540313045e-02
5.256478512659668728e-02
5.320161634124815492e-02
5.256444793194532672e-02
5.364253211766481511e-02
5.323409945704042634e-02
5.296247767284512770e-02
5.299276980571449025e-02
5.351508163847028959e-02
5.383065595291555011e-02
5.324099915102124131e-02
5.273695849813520714e-02
5.246843130327761423e-02
5.335912494920194010e-02
5.305208383128046795e-02
5.252820242196321737e-02
5.278533987700938929e-02
5.363480214029550663e-02
5.243725915439426816e-02
5.256760120391845703e-02
5.304352636449038982e-02
5.326873787678778477e-02
5.276198399253189536e-02
5.280206090770661609e-02
5.286319679580629011e-02
5.249451513402163955e-02
5.262209924869239164e-02
5.229843464680015985e-02
5.299458051100373185e-02
5.315298356115818329e-02
5.302719122730195633e-02
5.262965409085154644e-02
5.435027087107300453e-02
5.323125245049595972e-02
5.294359591789543629e-02
5.221567778848111574e-02
5.278579046949744003e-02
5.338634776882827254e-02
5.301245135255158031e-02
5.226921003311872649e-02
5.326450301334261644e-02
5.238662329502404014e-02
5.246659729629755270e-02
5.320072390139102964e-02
5.371202628128230600e-02
5.319329003803432293e-02
5.290104066021740492e-02
5.293310806155204773e-02
5.285215950571000437e-02
5.251425208523869542e-02
5.288525666110217849e-02
5.270970609970390686e-02
5.297981515526771490e-02
5.524747012183070516e-02
5.263366486877203015e-02
5.288429638370871488e-02
5.340067107230424964e-02
5.348296185955405541e-02
5.273624312132597219e-02
5.402745383791625333e-02
5.277031846344470978e-02
5.206490674056112739e-02
5.255999542772769872e-02
5.311153914779424834e-02
5.276193850673735475e-02
5.302777133882045912e-02
5.287621760740876531e-02
5.307979777455330145e-02
5.280778342857957164e-02
5.273989251814782675e-02
5.222980893217027409e-02
5.237107311375439195e-02
5.237846262753009796e-02
5.285463127307593600e-02
5.392016737721860159e-02
5.288752514868974575e-02
5.271898940205574369e-02
5.231947235763072940e-02
5.270417230203747888e-02
5.250568695366382432e-02
5.295582702383398732e-02
5.247108716517687177e-02
5.221159696578979437e-02
5.320920924656093176e-02
5.296566007658839309e-02
5.281815878115594248e-02
5.284836419858038314e-02
5.360635618679225611e-02
5.224732290022075093e-02
5.193224495276808905e-02
5.414834915660321490e-02
5.241439072415232658e-02
5.310748660936951554e-02
5.285201196558773212e-02
5.319924593903124083e-02
5.324069580063223867e-02
5.290768314152956286e-02
5.265437585301697282e-02
5.283881109207868437e-02
5.227152043953538219e-02
5.240345983766019067e-02
5.284392208792269147e-02
5.258941192179918123e-02
5.250990962609648760e-02
5.275132938288152468e-02
5.333047332242131511e-02
5.341118021868169335e-02
5.366628038696944630e-02
5.313507755286991929e-02
5.286906380206346512e-02
5.243447734043002462e-02
5.305819375440478519e-02
5.239147216081619512e-02
5.252918809652328685e-02
5.283839012496173437e-02
5.278604237362742591e-02
5.242786545306444418e-02
5.280408880673349153e-02
5.310199177823960587e-02
5.237786103039979851e-02
5.268909873440861397e-02
5.267300561070441950e-02
5.271072458475828393e-02
5.258565146476030377e-02
5.310342862270772679e-02
5.240008950233459445e-02
5.277208241634070984e-02
5.339198578149080554e-02
5.212550212629139118e-02
5.285573616623878701e-02
5.277826878242194986e-02
5.273187153972685309e-02
5.255022844299674090e-02
5.250811045989393910e-02
5.275575122795998773e-02
5.215111823752522496e-02
5.243526491336524681e-02
5.265423775650560773e-02
5.347745238803327389e-02
5.287536676041781902e-02
5.267035285942256451e-02
5.266826405189931060e-02
5.301013326272368403e-02
5.281083267182111463e-02
5.302839004434645176e-02
5.294972889125346832e-02
5.282866887748241536e-02
5.278448676690459390e-02
5.248134763911366241e-02
5.249650848098099537e-02
5.301641396246850602e-02
5.302061881870031440e-02
5.209944635629654153e-02
5.233723732642829585e-02
5.383317536674439574e-02
5.242215514183044128e-02
5.227405302226543343e-02
5.257612956687807843e-02
5.320653811097145192e-02
5.266870342195033999e-02
5.221345116384327328e-02
5.216491010040044674e-02
5.266432370059192375e-02
5.266742673702538152e-02
5.363780515268445209e-02
5.272471831180155361e-02
5.265414914116263445e-02
5.318795172497629842e-02
5.268390851095319100e-02
5.246369391679763655e-02
5.271835250779986076e-02
5.240914710797369563e-02
5.242329679429531125e-02
5.270862194709479559e-02
5.251568698324263207e-02
5.345379344187677073e-02
5.281839095056056754e-02
5.232862267643213078e-02
5.273761034011840987e-02
5.214400326833128901e-02
5.288717945106327645e-02
5.262699032202362848e-02
5.230794567614793777e-02
5.255146143957972749e-02
5.248465683311223651e-02
5.259284542873501889e-02
5.263454021885990985e-02
5.227529418654739551e-02
5.213958013802767050e-02
5.286108973436057235e-02
5.240309178829193060e-02
5.276908254250883834e-02
5.244369628839194719e-02
5.284034730866551260e-02
5.314210238866508285e-02
5.275075689889490577e-02
5.248903435654938415e-02
5.229291493073105757e-02
5.268424276262521910e-02
5.317755119875073461e-02
5.223436911590397663e-02
5.256982932798564406e-02
5.250567139126360167e-02
5.219945213757455627e-02
5.249241699464619187e-02
5.243893112055957040e-02
5.227545382454991396e-02
5.346163159236311940e-02
5.208315428346395326e-02
5.269943622872233502e-02
5.260606278665364011e-02
5.243371028453111538e-02
5.237099856138229675e-02
5.366053633391856814e-02
5.192016236484051084e-02
5.257545031607151198e-02
5.331397248432040437e-02
5.233463081531226913e-02
5.241155963391065653e-02
5.338946103118360348e-02
5.339648795314132917e-02
5.246265259571373379e-02
5.213696978986263192e-02
5.286992348730563951e-02
5.240971845574676768e-02
5.275861906819045294e-02
5.272610737010836879e-02
5.249931300990283434e-02
5.261296880431473588e-02
5.331244672648608601e-02
5.363828655332326945e-02
5.221231881529092567e-02
5.283812156878411881e-02
5.278254771605134232e-02
5.318374464288353615e-02
5.284780846908688351e-02
5.375875961966812555e-02
5.268758652731776043e-02
5.254544985480606722e-02
5.256742555648088316e-02
5.301072423346340351e-02
5.264576642774045773e-02
5.270805616863071669e-02
5.247472923249005966e-02
5.244714536704123131e-02
5.254844835959374821e-02
5.298526857979595633e-02
5.263688797131180902e-02
5.336825581267476415e-02
5.353038405999541172e-02
5.244792378507554670e-02
5.240190385840833021e-02
5.271655224263668144e-02
5.290081923827529009e-02
5.233479855582118256e-02
5.194387310184538087e-02
5.248747597448527591e-02
5.265432953834534024e-02
5.374956899322569370e-02
5.252746608108282284e-02
5.306150592863559390e-02
5.275513380765915056e-02
5.205001804046333058e-02
5.442056489177048151e-02
5.335409601218998182e-02
5.252985632978379726e-02
5.232021428644657163e-02
5.253425088711082686e-02
5.389638205058872727e-02
5.233940734528005206e-02
5.277720393612980732e-02
5.206063292920589530e-02
5.289235042408108739e-02
5.225468379445374206e-02
5.286208200268447538e-02
5.229689128696918266e-02
5.238546838983893644e-02
5.273086460307240680e-02
5.268224252387881251e-02
5.248336387798190061e-02
5.279038366861641546e-02
5.246881498023867746e-02
5.271986179053783639e-02
5.266097660176456002e-02
5.203680505976080589e-02
5.191475026309490259e-02
5.237343358807265703e-02
5.275003238581121162e-02
5.268532678484916937e-02
5.283716702833771844e-02
5.304960707202553694e-02
5.263512931764125630e-02
5.228532845154404418e-02
5.331925399601459420e-02
5.221620952710509522e-02
