8.504862498492002376e-02
6.789377583190799037e-02
6.480283932760358412e-02
6.348619028925896191e-02
6.271133186295628492e-02
6.149932349100709073e-02
6.078232940286398128e-02
6.017786158248782102e-02
5.913917424157261876e-02
5.942100279033184218e-02
5.829943146556616079e-02
5.861540282145142472e-02
5.803008768707514087e-02
5.782247841358184592e-02
5.784455003216862345e-02
5.692864503711461688e-02
5.678995706140994859e-02
5.692095749080181011e-02
5.651270236819982279e-02
5.657161787152290011e-02
5.626375909894704846e-02
5.635861394926905410e-02
5.603188492357730893e-02
5.505214530974626708e-02
5.604889377951621787e-02
5.460267886519432068e-02
5.515798699110746606e-02
5.498303474858403511e-02
5.533894397318363245e-02
5.488285569474100900e-02
5.443327719345689153e-02
5.501079861074686245e-02
5.464778538793325230e-02
5.467852581292390740e-02
5.424438448622823095e-02
5.429623920470476317e-02
5.436208693310618650e-02
5.432447740808129394e-02
5.386878274381160653e-02
5.331488773226737699e-02
5.374723359942436274e-02
5.388175783678889053e-02
5.365574866533279197e-02
5.375550432130694195e-02
5.357875268906354960e-02
5.342726068571210241e-02
5.280362324789166645e-02
5.285302016884088627e-02
5.321957852691412000e-02
5.350818419829010686e-02
5.305365722626447650e-02
5.322803391143679508e-02
5.283273968845605961e-02
5.281776748597621918e-02
5.246988315135240472e-02
5.289653284475206996e-02
5.272948481142521182e-02
5.289417864754795973e-02
5.287977343425154936e-02
5.256446978077292109e-02
5.237353153526783101e-02
5.255456134676933511e-02
5.233904430642723898e-02
5.266795573756098692e-02
5.279856234788894709e-02
5.199790660291910005e-02
5.234147267416119909e-02
5.209861194714903582e-02
5.208808265626430761e-02
5.235496602952480205e-02
5.210122676566242977e-02
5.164015291258692436e-02
5.211649449542164747e-02
5.201469531282782582e-02
5.219535127282142611e-02
5.201572418212890847e-02
5.195634318515658656e-02
5.170060286298393953e-02
5.155283754691481618e-02
5.173905145376920395e-02
5.178400103002786525e-02
5.167254043743014363e-02
5.113395906984805755e-02
5.141207629814743829e-02
5.077747020870446854e-02
5.143416669219732368e-02
5.121015707030892455e-02
5.159465258941054594e-02
5.140675311908125822e-02
5.150096744298934826e-02
5.142469974234700064e-02
5.082395585253834946e-02
5.137294627726077950e-02
5.137414081022143031e-02
5.106558125466108267e-02
5.141637260094285289e-02
5.101839322596788545e-02
5.132209455594420600e-02
5.123163463547825841e-02
5.089149879291653827e-02
5.083314971998333792e-02
5.093304475769400846e-02
5.126316258683800975e-02
5.100374223664402851e-02
5.121895052492618505e-02
5.063395204022527046e-02
5.087438968941569023e-02
5.101908979937434113e-02
5.102725513279438019e-02
5.037057045847177783e-02
5.127650815993547301e-02
5.065266883000731774e-02
5.076170358806848804e-02
5.109441615641117235e-02
5.069656211882829500e-02
5.085270293056964874e-02
5.094179090112447433e-02
5.000497821718454666e-02
5.097439276054501617e-02
5.052792467176914215e-02
5.087811544537543945e-02
5.067901823669671707e-02
5.062857462093234284e-02
5.058905353769659746e-02
5.011804623529315245e-02
4.986229989677667951e-02
5.032982390373945403e-02
5.049238212406634979e-02
5.059620542451739172e-02
5.027488324791193341e-02
5.036061184480786213e-02
5.067564887925982142e-02
5.066300919279456000e-02
5.049946628510951913e-02
4.937174042686819780e-02
5.014522718265652934e-02
5.036964988335967258e-02
5.061212090775370903e-02
5.057188179343938966e-02
5.026848090812564146e-02
5.049000974744558001e-02
4.995868992060423230e-02
5.054774591699242453e-02
5.030109545215964012e-02
5.015392662957310344e-02
5.019972078502177998e-02
5.042748622596263802e-02
4.956803714856505144e-02
5.039592873305082099e-02
4.932862641289829930e-02
5.002255227416754074e-02
5.016498006880283633e-02
5.038576353341341074e-02
4.962446477264165906e-02
4.971830787137150598e-02
5.024164684116840668e-02
5.013429237529635346e-02
5.014703325927257621e-02
5.015401292592287091e-02
5.010317632928490417e-02
4.949862401932478284e-02
4.943502912297845220e-02
4.976903380826115664e-02
5.028127633035182897e-02
5.011352911591529513e-02
5.001074925065040339e-02
5.017184296622872325e-02
4.956429528072476415e-02
4.990403447300195694e-02
4.970572516322135925e-02
4.972719168290495872e-02
4.939944978803396253e-02
4.974600914865732332e-02
4.968555936589837130e-02
4.983953280374407713e-02
4.971651295199989995e-02
4.986350379884243317e-02
4.951842483133077344e-02
4.890143359079957008e-02
4.872796524316072575e-02
4.998793113976716940e-02
4.980317585170269262e-02
4.952919505536556438e-02
4.981648197397589573e-02
4.979746220633387427e-02
4.966881159693002645e-02
4.933391550555825400e-02
4.946312777698039925e-02
4.952165180817246631e-02
4.997332463040948108e-02
4.950661795213818356e-02
4.984289258718490462e-02
4.965693008154630633e-02
4.955732423812150844e-02
4.927245507016778103e-02
4.969258518889546616e-02
4.948242167010903636e-02
4.959225405007600812e-02
4.986444773152470811e-02
4.944029496982693672e-02
4.940202588215470564e-02
4.956313529983162602e-02
4.966737467795610123e-02
4.952618399634957369e-02
4.957375029101968034e-02
4.912269676104188271e-02
4.878154117614030838e-02
4.962849797680973785e-02
4.955411832779645781e-02
4.935154991224408039e-02
4.928068349137901955e-02
4.908149208873510694e-02
4.932147022336721282e-02
4.882933888584375243e-02
4.926314348354935563e-02
4.869867799803614949e-02
4.945976827293634137e-02
4.922331955283880400e-02
4.920535555109381565e-02
4.920073857530951611e-02
4.910260157659649544e-02
4.936018187552690395e-02
4.930235875770449389e-02
4.913175843656063246e-02
4.918906055390834947e-02
4.927629623562097827e-02
4.924629684537649293e-02
4.918471170589328034e-02
4.886369107291102520e-02
4.936054170131683183e-02
4.941721081733703447e-02
4.898923942819237431e-02
4.792459791526198359e-02
4.914609501138329783e-02
4.910444008186459763e-02
4.828715765848756031e-02
4.918704627081751934e-02
4.893145048990845541e-02
4.918897433206439324e-02
4.901891225948929592e-02
4.902344085276126584e-02
4.907601829618215422e-02
4.887194553390145080e-02
4.907424336299300027e-02
4.921875193715095215e-02
4.906935568898915939e-02
4.848294219002127758e-02
4.907815225422382244e-02
4.919657843187451307e-02
4.900348469614982522e-02
4.904063902795315066e-02
4.906674539670348445e-02
4.880279000848531529e-02
4.848162312060594337e-02
4.844413191080093606e-02
4.843178927898406788e-02
4.888395255431533110e-02
4.859184313565492741e-02
4.915098300203681048e-02
4.911715582013129883e-02
4.888864079490304326e-02
4.920845879241823873e-02
4.887241180986166139e-02
4.895713608711958070e-02
4.889293907210230661e-02
4.907945949584245626e-02
4.907805021852254534e-02
4.888419779017567912e-02
4.887526409700512775e-02
4.913824537768959888e-02
4.865485208109020937e-02
4.854924254119396404e-02
4.853043371811509299e-02
4.873666491359471969e-02
4.861009834334253932e-02
4.857276672497391756e-02
4.896925689652562030e-02
4.876711890101433078e-02
4.881078219041228017e-02
4.842411622405052435e-02
4.875649720430374340e-02
4.887189950793981857e-02
4.916819287464022775e-02
4.856276685371994917e-02
4.859629167243838255e-02
4.843785068020224627e-02
4.860122960060835051e-02
4.846207145601511002e-02
4.905444025993346835e-02
4.886998340487479914e-02
4.844984045252204163e-02
4.852670751512050407e-02
4.880460893735289601e-02
4.844958789646625769e-02
4.900313245132565526e-02
4.868970993906259620e-02
4.856015376746654344e-02
4.879099763929843625e-02
4.858040446415543695e-02
4.882917357608675818e-02
4.854306694120168880e-02
4.882699850946664588e-02
4.903904730454087396e-02
4.853143110871314947e-02
4.857832074165344127e-02
4.837509658187627570e-02
4.848300533369183374e-02
4.847202751785516933e-02
4.874870307743549291e-02
4.875261079519987301e-02
4.844605267047882163e-02
4.841537453234195931e-02
4.854007266461848880e-02
4.909014716744422580e-02
4.880274360999464767e-02
4.835351847112178553e-02
4.820041218772530556e-02
4.843368450179696277e-02
4.849988086149096406e-02
4.855636799708008822e-02
4.875809881836176002e-02
4.775301130488514983e-02
4.846106048673391037e-02
4.833903098478913030e-02
4.850656421855092243e-02
4.777522701770067076e-02
4.840627551078796609e-02
4.860285710543393867e-02
4.885459585115313474e-02
4.822875903919339458e-02
4.834897378459572514e-02
4.842549538239836887e-02
4.844062082469463570e-02
4.822930410504341209e-02
4.829149005934595812e-02
4.880687132477760232e-02
4.802490612491965016e-02
4.822562541812658310e-02
4.855306785553693827e-02
4.881199622526764814e-02
4.843542572110891287e-02
4.850485470145940448e-02
4.887208584696054597e-02
4.804538358002900800e-02
4.838691622018814059e-02
4.799362797290086802e-02
4.849307697266340422e-02
4.855953618884086692e-02
4.839270340278744448e-02
4.831815898418426181e-02
4.845334595069289430e-02
4.837665466591715979e-02
4.838890301063656502e-02
4.828220356255769757e-02
4.781433630734682055e-02
4.845308536663651272e-02
4.812905011698603852e-02
4.867410879582166616e-02
4.793253885582089702e-02
4.822849491611123224e-02
4.828165572136640382e-02
4.849500533193349533e-02
4.799828542396426118e-02
4.763482687994837622e-02
4.822246160358190786e-02
4.825550450012087988e-02
4.815463904291391456e-02
4.817401856184005959e-02
4.857192605733871155e-02
4.741387585178017533e-02
4.848850280046462791e-02
4.736353021115064649e-02
4.831114143133163202e-02
4.836410844698548622e-02
4.830165214836597276e-02
4.817006750032305773e-02
4.811867879703640716e-02
4.846434418112039594e-02
4.841382473707198791e-02
4.824790716171264982e-02
4.860839791595936155e-02
4.798030056059360282e-02
4.824451066553592932e-02
4.840538024902343861e-02
4.812093352898955123e-02
4.803314398974180277e-02
4.832520760595798714e-02
4.794153932482004415e-02
4.814876571297645874e-02
4.844904730096459555e-02
4.854091467335820004e-02
4.822963790968060743e-02
4.819226434454321889e-02
4.736866153776645577e-02
4.808934317901730759e-02
4.832516254857182475e-02
4.807832989841699656e-02
4.797869024798274290e-02
4.804834431037306730e-02
4.790175477042794144e-02
4.807071333751082587e-02
4.824770834296941702e-02
4.814092105254531156e-02
4.812507966533303289e-02
4.794917782768606807e-02
4.810685604810714666e-02
4.784443816170096120e-02
4.790617559105157797e-02
4.812754577025771252e-02
4.785523200407624383e-02
4.821767825633287152e-02
4.727219389751553813e-02
4.820131799206137796e-02
4.783538093790411921e-02
4.798039240762591584e-02
4.791263613849878339e-02
4.758579049259423904e-02
4.762812640517950086e-02
4.820317501202225907e-02
4.791391171514988029e-02
4.771955946460366277e-02
4.778899401426315446e-02
4.800651192665100070e-02
4.792043989524245179e-02
4.830508368089794780e-02
4.737480279058217669e-02
4.807871134951710590e-02
4.823955016210675073e-02
4.805965332314372090e-02
4.717300543561577658e-02
4.792721644043922147e-02
4.814658408984542198e-02
4.816772574558854381e-02
4.797798683866858621e-02
4.765262803062796787e-02
4.809740744531154633e-02
4.808737223967909924e-02
4.780204115435481016e-02
4.799314806237817144e-02
4.808058878406882425e-02
4.712411006912588934e-02
4.787060460075735768e-02
4.800133977085351694e-02
4.783473538234830208e-02
4.770330445840954836e-02
4.807839468121528903e-02
4.822413068264722741e-02
4.779986036941408917e-02
4.808841565623879488e-02
4.777257867157459065e-02
4.754058761522173687e-02
4.757368523627519830e-02
4.787015877664089342e-02
4.767802219837904282e-02
4.739155629649758478e-02
4.778943905606865966e-02
4.700860412791371679e-02
4.804853353649377740e-02
4.810027442872524123e-02
4.827832469716668296e-02
4.800820898264646780e-02
4.768584687262773791e-02
4.806340076029300828e-02
4.771342104300856785e-02
4.771378904581070196e-02
4.778381953015923417e-02
4.757656812667846596e-02
4.801017768681049153e-02
4.745266707614063939e-02
4.786292932927608407e-02
4.777498181909322489e-02
4.793486488983034893e-02
4.718928473070263530e-02
4.763011436909437429e-02
4.784263806417584503e-02
4.721054987981915252e-02
4.834985643625259316e-02
4.806027926504612136e-02
4.787192769348621452e-02
4.734555924311280306e-02
4.772595338523388103e-02
4.792593844234943612e-02
4.773240551352500582e-02
4.751295661553740779e-02
4.765933627262711192e-02
4.753229957073926842e-02
4.798330323770642197e-02
4.708814134821295849e-02
4.802831230685114527e-02
4.812267696484923141e-02
4.773440510034561435e-02
4.717457108199596405e-02
4.744810292497277093e-02
4.787254931405186820e-02
4.745935548096895384e-02
4.715130895376205139e-02
4.764092324301600484e-02
4.796374354511499100e-02
4.739527335390448376e-02
4.791183894500136708e-02
4.778320284560323011e-02
4.787204794585704637e-02
4.753915470093488665e-02
4.756716484203935003e-02
4.764239402487874253e-02
4.695382330566644918e-02
4.798113379627465952e-02
4.798516569659114217e-02
4.773812279105186379e-02
4.769361924380063900e-02
4.793466733768582400e-02
4.796592647209763777e-02
4.746676335111260636e-02
4.729518257081508775e-02
4.730893544852733668e-02
4.766238406300545016e-02
4.737442253157496397e-02
4.750085223466157802e-02
4.727002358064055776e-02
4.785224530845880175e-02
4.770281972363590861e-02
4.787809664383530645e-02
4.828367540612817088e-02
4.739069040864705984e-02
4.772141449153423365e-02
4.751890964806079753e-02
4.773191863670945417e-02
4.800290379673242264e-02
4.770342184230685206e-02
4.763938222080468798e-02
4.753572907298803107e-02
4.720621624961495594e-02
4.736805148422718048e-02
4.749966284260153521e-02
4.708374772220849658e-02
4.789004985243081741e-02
4.781241245567798698e-02
4.766602018848061645e-02
4.753696320578455758e-02
4.766484871506691118e-02
4.735396116971969660e-02
4.699653849005699241e-02
4.749211164191365075e-02
4.754398947581648521e-02
4.747092762961983847e-02
4.748445535078645030e-02
4.731715027242899135e-02
4.758044814690947505e-02
4.744015932083130160e-02
4.768269594758749175e-02
4.782982178032398057e-02
4.760011991485953164e-02
4.755606986582279483e-02
4.742016030475497412e-02
4.792286986485123912e-02
4.756149055436253298e-02
4.717521479353308650e-02
4.740792047232389450e-02
4.735710045322776007e-02
4.764475544914602984e-02
4.715302178636193026e-02
4.768526552245020561e-02
4.801634358242154454e-02
4.756133750081062428e-02
4.762230353429913743e-02
4.722936924546956849e-02
4.737519958987831958e-02
4.721299977973103523e-02
4.722175754606723619e-02
4.775165066123008423e-02
4.732022423297167074e-02
4.777081532403826963e-02
4.722083853557705602e-02
4.745054671540856195e-02
4.792068699374794905e-02
4.726861542090773916e-02
4.786561099812388503e-02
4.742970632389188063e-02
4.736520627513527565e-02
4.771589856594801032e-02
4.748140180483460121e-02
4.763338975608348569e-02
4.743448453024029510e-02
4.779901212081313217e-02
4.698055401444434925e-02
4.725954806432128286e-02
4.745336053892969946e-02
4.726138928905129766e-02
4.752380657941102787e-02
4.712804552167654260e-02
4.751923080533743127e-02
4.699060462415218659e-02
4.751463353633880726e-02
4.743825843557715471e-02
4.737713841721415825e-02
4.757025955244898602e-02
4.737045560032129149e-02
4.765386722981929807e-02
4.758352644741534881e-02
4.765320649370551054e-02
4.742051918059587284e-02
4.729873381555080303e-02
4.757286692038178305e-02
4.739683402702212639e-02
4.708354175090789795e-02
4.748281843960285020e-02
4.712510526180267029e-02
4.731125030666590014e-02
4.653705881908536124e-02
4.735338440164924001e-02
4.759078236296773040e-02
4.732309747487306595e-02
4.738831102848053284e-02
4.730507539585232513e-02
4.656667517498135761e-02
4.753832750022411041e-02
4.604746857658028464e-02
4.730982167646288761e-02
4.734504899010062023e-02
4.738523427397012960e-02
4.731694595888256971e-02
4.732553178444504766e-02
4.702219363301992500e-02
4.723440315574407855e-02
4.697002375498413734e-02
4.723495958372950221e-02
4.697961309924721801e-02
4.731237020343542071e-02
4.649252660572528867e-02
4.726288190111518212e-02
4.727106049656867870e-02
4.731911448761820516e-02
4.737827066332101628e-02
4.716513721272349441e-02
4.745836896821856166e-02
4.726444564759731126e-02
4.727857962250709561e-02
4.730196947231888466e-02
4.754650540649890678e-02
4.755523748695850150e-02
4.726640645414590530e-02
4.687706153839826806e-02
4.687669258564710478e-02
4.726393764838576067e-02
4.699799586087465009e-02
4.694559233263134734e-02
4.728706089779734917e-02
4.712530439719557485e-02
4.730916569009423200e-02
4.726750275120138872e-02
4.761862924322485952e-02
4.696085143834352604e-02
4.709640718996524478e-02
4.679249703884124506e-02
4.683005791157483777e-02
4.740456352010369301e-02
4.720554955303669226e-02
4.731049278751015691e-02
4.749165117740630770e-02
4.741976531222462377e-02
4.676576884463429229e-02
4.770717063918709921e-02
4.728883514180779596e-02
4.738417776301503265e-02
4.715989403426647242e-02
4.730044847354292897e-02
4.662486337125301694e-02
4.742230627685785349e-02
4.733724357560276791e-02
4.743423456326126969e-02
4.723372021690010886e-02
4.717475306242704253e-02
4.707278022542595725e-02
4.752596553415060210e-02
4.688313506543636405e-02
4.757642555981874549e-02
4.687045384198427339e-02
4.736523034051060704e-02
4.732492476701736367e-02
4.710495099425315857e-02
4.690182147547602987e-02
4.726002903655171505e-02
4.681706627830863054e-02
4.590338690206408750e-02
4.716917891055345813e-02
4.743630208075046845e-02
4.653113773092627803e-02
4.723559264093637328e-02
4.682361811399459589e-02
4.677617268636822395e-02
4.726336622610688432e-02
4.689830962568521805e-02
4.664023576304316548e-02
4.700505046173929918e-02
4.648545738309621533e-02
4.749374954029917523e-02
4.683196282014250728e-02
4.668073415756225641e-02
4.771484386175870590e-02
4.706001881510019080e-02
4.750893807038664846e-02
4.732030257582664490e-02
4.637970585376024329e-02
4.762545354664325659e-02
4.687078844755888235e-02
4.755030393600463701e-02
4.724624177441000966e-02
4.692018494009971702e-02
4.712913056835531939e-02
4.662371518090367012e-02
4.728826517239213129e-02
4.727663863450289050e-02
4.727353552356362149e-02
4.728947166353464349e-02
4.690664613619446865e-02
4.725896287709474564e-02
4.732475971803069142e-02
4.717200675979256463e-02
4.718587951734662389e-02
4.700432285666465704e-02
4.716883037239313209e-02
4.730604140087962123e-02
4.724382478743791719e-02
4.741003163158893918e-02
4.679074058309197481e-02
4.734227707609534042e-02
4.727842418476939368e-02
4.710392812266946116e-02
4.733023403212428121e-02
4.700203731656074635e-02
4.722781840711832296e-02
4.727096665650606239e-02
4.737365864217281397e-02
4.751162221655249457e-02
4.711795365437865257e-02
4.697106497362255745e-02
4.716954123228788570e-02
4.654656723141670227e-02
4.723290834575891162e-02
4.731544679030776079e-02
4.719380278140306723e-02
4.726119134575128278e-02
4.664663719013333043e-02
4.698386915028095190e-02
4.666733402758836691e-02
4.697809547185897994e-02
4.735658768564462995e-02
4.707443280145526265e-02
4.726304974406957821e-02
4.745654808357357979e-02
4.720280529931187435e-02
4.709339784458279471e-02
4.693510802462697029e-02
4.703374795615673093e-02
4.668425202369690108e-02
4.705552848055958443e-02
4.740738159045577299e-02
4.705535514280199949e-02
4.575503123924136439e-02
4.747801387682556995e-02
4.698010288178920690e-02
4.695151638239622449e-02
4.717535266652703174e-02
4.721421135589480567e-02
4.652680722996592466e-02
4.715633522719144682e-02
4.647628355771302872e-02
4.711373923346399983e-02
4.717999136075377159e-02
4.737209267914295474e-02
4.739529358223080330e-02
4.675928885117173334e-02
4.715833259746432526e-02
4.704810911789536476e-02
4.721961505711078783e-02
4.720042193308472689e-02
4.682816136628389220e-02
4.706563349813222552e-02
4.702608469873666847e-02
4.699374070391058866e-02
4.713940558955073690e-02
4.687591310590505378e-02
4.699522964656353136e-02
4.717321276664734192e-02
4.716382741928100419e-02
4.727310335263609775e-02
4.671709120273589977e-02
4.688431847840547617e-02
4.662831271067261613e-02
4.728877097368240634e-02
4.688523773103952380e-02
4.725068025290966173e-02
4.638073870912193947e-02
4.725886810570955471e-02
4.709004038944840376e-02
4.657935664057731573e-02
4.692171104252338548e-02
4.677276616916060253e-02
4.719385040923953362e-02
4.678855959326028852e-02
4.651821862906217742e-02
4.695396212860941665e-02
4.725305350497364942e-02
4.716913487762212920e-02
4.712140999734401592e-02
4.704555198550224027e-02
4.717966020107269148e-02
4.709552315995096938e-02
4.693041732534766058e-02
4.685104833915829797e-02
4.680839922279119575e-02
4.680263519287109625e-02
4.690585047006606834e-02
4.680629827082156968e-02
4.690913897007703559e-02
4.702284090220928275e-02
4.694092869758605818e-02
4.726963702589273564e-02
4.733982482925057356e-02
4.693027924746275004e-02
4.719167109578847885e-02
4.700227299705148076e-02
4.690260836854576870e-02
4.716276142746209793e-02
4.711006024852395363e-02
4.627641672268510004e-02
4.693713746964931627e-02
4.699483841657638855e-02
4.717423545196652163e-02
4.676722263917326705e-02
4.688348736613989071e-02
4.668872987851500206e-02
4.673454001545906261e-02
4.728956371545791487e-02
4.694795327261089973e-02
4.738672258332371490e-02
4.663692701607942415e-02
4.675844030454754524e-02
4.720239514485001509e-02
4.652729483321309256e-02
4.688947970047593200e-02
4.747375920414924344e-02
4.726422613486647856e-02
4.641076030209660697e-02
4.682372026145457944e-02
4.649643540382385198e-02
4.695862267166375781e-02
4.685345405712723621e-02
4.700324434787035016e-02
4.687179356813430536e-02
4.631260776892304198e-02
4.670210590586066496e-02
4.670402484014630345e-02
4.733552655205130327e-02
4.688783619552850529e-02
4.707518212497234511e-02
4.724480418488383182e-02
4.692432388663291681e-02
4.634857492521405470e-02
4.681613251566887207e-02
4.682151759043336192e-02
4.669355366379022293e-02
4.684744223952293229e-02
4.672388574108481130e-02
4.644977947697043197e-02
4.726282898336649219e-02
4.712272351607680460e-02
4.673094982281326970e-02
4.700966967269778335e-02
4.633502712473273194e-02
4.705255724489688929e-02
4.692393489181995170e-02
4.643722729757428225e-02
4.686436010524630547e-02
4.703084019944071825e-02
4.680402798578143370e-02
4.701267383992671633e-02
4.710320716723799539e-02
4.682948451489209879e-02
4.690619563683867677e-02
4.646407132968306819e-02
4.702023072168230733e-02
4.642197337001562063e-02
4.714158130809664726e-02
4.660912683233618681e-02
4.691958006471395187e-02
4.642685031518339889e-02
4.685945393517613328e-02
4.664357014000415635e-02
4.685694530606270003e-02
4.669966032728552902e-02
4.700565285980701224e-02
4.705274723470211085e-02
4.675465330481529125e-02
4.645000653341412739e-02
4.711945936083793834e-02
4.654957188293337711e-02
4.586229560896754043e-02
4.718275170773267996e-02
4.671786438673734831e-02
4.688478715717792761e-02
4.686151161789894187e-02
4.693284742534160892e-02
4.710437327623367282e-02
4.672864763066172933e-02
4.677574003115296530e-02
4.693316172808408709e-02
4.683553364127874402e-02
4.682672295719385314e-02
4.697546735405921936e-02
4.690982695668935443e-02
4.694517163559794315e-02
4.689599530771374619e-02
4.665631188079714942e-02
4.694028593599796489e-02
4.716683775186538558e-02
4.693386159837245608e-02
4.709726493805646563e-02
4.614242900162935507e-02
4.665011275559663440e-02
4.673143334686755829e-02
4.698338128626346893e-02
4.698131682351231603e-02
4.680875051766633654e-02
4.640865860506892399e-02
4.649355087429284800e-02
4.673171682283282224e-02
4.669021112844348037e-02
4.703104009851813427e-02
4.688134847208857287e-02
4.684634152799845019e-02
4.671333773061633193e-02
4.704945379868150090e-02
4.692001547664403915e-02
4.627977874130010522e-02
4.577475560829043222e-02
4.663146717473864306e-02
4.684478020295500950e-02
4.695911284536122970e-02
4.662871072068810324e-02
4.686884883791208462e-02
4.631775652989745390e-02
4.655507337301969389e-02
4.665759688243269893e-02
4.660953616723418486e-02
4.734798865392804423e-02
4.682941759005188748e-02
4.670889982953667363e-02
4.667899552732705792e-02
4.742050126194954224e-02
4.699375238269567351e-02
4.633039448410272709e-02
4.676431775093078946e-02
4.644315611571073199e-02
4.654772765934467316e-02
4.678477486595511436e-02
4.631872376427054183e-02
4.666585488244891222e-02
4.645361956208944598e-02
4.632017832249402806e-02
4.674497380852699058e-02
4.658927973359823504e-02
4.668315647169947458e-02
4.603154521435499219e-02
4.715615868568420743e-02
4.663403611630201340e-02
4.671463718637824253e-02
4.685432234779000199e-02
4.583978392183780948e-02
4.616524856537580768e-02
4.674179466441273634e-02
4.697732668370008247e-02
4.648737598210573446e-02
4.629244012758135934e-02
4.678836479783057833e-02
4.666334755718708205e-02
4.646800775080919127e-02
4.647045105695724737e-02
4.631405485793948368e-02
4.640454564243554764e-02
4.702340207993984528e-02
4.661374948918819289e-02
4.670367669314146042e-02
4.710865482687950218e-02
4.671332845464348793e-02
4.676976868882775501e-02
4.634796397760510694e-02
4.657215949147939377e-02
4.684820668771862845e-02
4.660346396267413954e-02
4.646870674565434234e-02
4.608209779486060337e-02
4.669897297397256064e-02
4.641185266897082662e-02
4.669316649436950489e-02
4.628050148487090898e-02
4.631511356681585617e-02
4.692593362182378991e-02
4.652004584670067083e-02
4.700024705380201340e-02
