3.023682632048924623e-01
1.462654992192983505e-01
8.902539412801464824e-02
1.104693040251731873e-01
9.505569807564219487e-02
7.578206057970722498e-02
7.788727701952059823e-02
9.034893853589892609e-02
7.630365756029884594e-02
9.045446447407205770e-02
7.484662617867191003e-02
8.325459590181708003e-02
7.066125142698487238e-02
9.751244857286413270e-02
6.403875506172578003e-02
6.847921182711919075e-02
6.458521661038199579e-02
7.447647181029121155e-02
6.480091000596682749e-02
6.708376453568537512e-02
6.746059459323684726e-02
7.536110317955414806e-02
6.420254352192084069e-02
6.582793445015946987e-02
7.129988106588522334e-02
6.232099982599417082e-02
7.078192903970678684e-02
6.512669123088320189e-02
6.831924414262174894e-02
7.379738050202529209e-02
7.112385296573241200e-02
6.349884357924262535e-02
6.205719506368041066e-02
6.394834699109196163e-02
6.680514318247636474e-02
6.349700199440121151e-02
7.204909807691971257e-02
6.249062378580371585e-02
6.248100997880100954e-02
6.455460360894600680e-02
6.528972831244270192e-02
6.294716636960705214e-02
6.588106503710150497e-02
6.585238269840677783e-02
6.278334911912679395e-02
6.480986842264731262e-02
6.514167332400878918e-02
6.655183669179677575e-02
6.019617748757203485e-02
7.951026085764169304e-02
6.152546978866060834e-02
6.055305475989977704e-02
6.053412010893225587e-02
6.294110718493660384e-02
6.143457414582371989e-02
6.527807272970675978e-02
6.038023285567760412e-02
6.543144355217615782e-02
5.945157352834939957e-02
6.505521272619564643e-02
6.508619311576088751e-02
6.184961153194308559e-02
6.299460126707950858e-02
6.414821619788806106e-02
6.603865466391047045e-02
6.678219730655352016e-02
6.003186854844291820e-02
6.317046448588371776e-02
6.122314456850290465e-02
6.269154505804180877e-02
6.055890823403994178e-02
6.648529730116327363e-02
7.471702653914689962e-02
6.656539552224179090e-02
6.247353150198856758e-02
5.948568278302748813e-02
5.826091455606122876e-02
6.218787486975391882e-02
6.189638030404846086e-02
6.134077437842885838e-02
6.397920251513521117e-02
6.143666081751386621e-02
6.595608798166116560e-02
7.490791291619340597e-02
6.207656730587284011e-02
6.205513161917527304e-02
6.309911267211039398e-02
6.110833305244644381e-02
5.870887902254859347e-02
6.479633420084913997e-02
5.854618781867126920e-02
6.323507641131678736e-02
6.092445960268378508e-02
7.042265238240361103e-02
6.974492009729146846e-02
6.755290292824307763e-02
6.407883534207940712e-02
6.094050737718741118e-02
6.197840072214603341e-02
6.286207864060998352e-02
6.025038682545225122e-02
5.971875185767809568e-02
6.473113495856523680e-02
6.225908001884818133e-02
6.174190515031417054e-02
7.083446248124043720e-02
6.599308604995410277e-02
6.555704139173031131e-02
6.387668967247009388e-02
6.671269328643877894e-02
6.227825975666443498e-02
6.075246561939517953e-02
5.818747271473208998e-02
5.910966337037583396e-02
5.929616466785470746e-02
6.572477246324220923e-02
6.478442584474881916e-02
5.749267334118485229e-02
7.533738348633051141e-02
5.763989724839727047e-02
6.141581437860926113e-02
6.569041826762259118e-02
6.004408107139170420e-02
6.086792447293798425e-02
5.789011706287661846e-02
5.952251822998126662e-02
6.226481532057126511e-02
6.012713841473062842e-02
6.467573039233684429e-02
6.391115957871079667e-02
6.147384291514754184e-02
6.048684226348996495e-02
6.002793290962775419e-02
6.503373037092387288e-02
6.043990999460220614e-02
5.791699903706709618e-02
6.053118453050652936e-02
5.899606947787106037e-02
6.225616306687394713e-02
5.725749603472649746e-02
6.430857639138896908e-02
5.971023884291450090e-02
5.705040095063547423e-02
6.226207350691159714e-02
6.187543308362365019e-02
5.866237474295000337e-02
5.606710552548369031e-02
6.182682938873768075e-02
5.775181651115417203e-02
5.823338083922863229e-02
6.653732546915611112e-02
6.665727574999133487e-02
5.787988446652889141e-02
5.835531162718932130e-02
5.802103574698169730e-02
5.971426866638163827e-02
5.930839865778883557e-02
5.948887925284604417e-02
5.801962895318865665e-02
5.843482678756117821e-02
6.370930965058504980e-02
6.376940601815779541e-02
5.919202456871668766e-02
5.824282649283607505e-02
5.746598765254020552e-02
6.679818884159127723e-02
6.183413192629814287e-02
6.166203439856569185e-02
6.907666948934396145e-02
5.885810235515236827e-02
5.784051019698381590e-02
6.201961342245340680e-02
5.886779756906131839e-02
5.768711987261970764e-02
6.110958276937405315e-02
5.964987305924296379e-02
6.088252550611893132e-02
5.821254606048265751e-02
5.817702567204832698e-02
5.814111266906062808e-02
6.086841568971673722e-02
5.816028854809701665e-02
6.178007450575629528e-02
5.979438842584689634e-02
6.090255703156192968e-02
5.821827850614984950e-02
5.602283313870429909e-02
5.873288276915748785e-02
6.271855133275190675e-02
6.071035775045553751e-02
5.888326349357764222e-02
6.545104078948497939e-02
5.908365779866774775e-02
7.099977382769187551e-02
6.052406161402662521e-02
5.872003930931290333e-02
6.594203664610782945e-02
5.756285116076469144e-02
5.782079743842283986e-02
6.125208682070176075e-02
5.758391793817281556e-02
6.190930195773641093e-02
5.807801917195320324e-02
5.699421790738900401e-02
5.547039064889152521e-02
6.303886629951496734e-02
6.027689002454281186e-02
5.547446028018990921e-02
6.471854055300355069e-02
5.880963550259669936e-02
5.797455634300907601e-02
5.657820904627442610e-02
6.472214766467611347e-02
6.436639259879788078e-02
6.076772835726539090e-02
6.390727801558872267e-02
5.991203790841003601e-02
5.742324529836575348e-02
5.983778695886333987e-02
5.519006907939910667e-02
5.799795704583327050e-02
5.677702492413421592e-02
6.214883322517077147e-02
5.797115505983432143e-02
5.875445321823159761e-02
6.048271882658203674e-02
6.767556090528766000e-02
5.793359713628887936e-02
5.771779810388882881e-02
6.185678740342458182e-02
5.921261328272521551e-02
5.861321857819954545e-02
5.657215179565051877e-02
5.661060600851972741e-02
6.609778558835387174e-02
5.813098053758342793e-02
5.576523260523875286e-02
6.071629352246721290e-02
5.870529799411694505e-02
5.786121305078267829e-02
5.977387633174657822e-02
5.736240340396761561e-02
5.984517453548809235e-02
6.954340640455485001e-02
6.345670230686664692e-02
5.727047312383850425e-02
5.821354495051006550e-02
5.789680021504561153e-02
6.069033787896235821e-02
6.104697073499361359e-02
5.906784771631161390e-02
5.739522904157638716e-02
6.283200112481912569e-02
5.775572851921121492e-02
5.716488738854726137e-02
5.750470078239838106e-02
5.460293416244288434e-02
5.613974859317143878e-02
5.541601521894335552e-02
5.638578498736023653e-02
5.785692076198756945e-02
5.780030069872736653e-02
7.604880739624302055e-02
5.739449547603726193e-02
5.504259912297129742e-02
5.589724597831566971e-02
6.216778912891944564e-02
5.610221529379486732e-02
5.536312623570362884e-02
6.360915655270218960e-02
6.061190315832694353e-02
6.254536284754673436e-02
5.559700301537911366e-02
5.987551459732155107e-02
6.355963393424947372e-02
6.176725481326381106e-02
7.111583766837914489e-02
5.838246476526061379e-02
5.848112106944124144e-02
5.785499145587285480e-02
6.103970526407162533e-02
6.089145814068615270e-02
5.578696026156346188e-02
5.981079149370392006e-02
6.292692049716909486e-02
6.314435338291028710e-02
6.409941285227735430e-02
5.825714956969022668e-02
6.491250322510798421e-02
5.642331395919124304e-02
5.636330679059028959e-02
5.542164511357744461e-02
5.835230028877655406e-02
5.847542793489992480e-02
5.482096690684556961e-02
6.033103205884496334e-02
6.796485094974438756e-02
5.771317927166819822e-02
5.778563148031631846e-02
5.921942103033264737e-02
5.611626162504156773e-02
5.599571680029233334e-02
6.082506718114018274e-02
5.745274091760317614e-02
5.571988830342888832e-02
5.705458760571976290e-02
5.676525688419739590e-02
5.911582097100714916e-02
5.781620411512752161e-02
7.047554954265554394e-02
6.296379909229775362e-02
5.478021572654445670e-02
6.239667757724721986e-02
5.866475853137671781e-02
5.437577853910625231e-02
5.526132763673861914e-02
5.662227275160451601e-02
5.791674661139647323e-02
5.292369938145081304e-02
6.083849720035990061e-02
5.975694643954435753e-02
5.574150537451108556e-02
5.609657788028319519e-02
6.156401315393546930e-02
6.444233246768514556e-02
5.753200578813751770e-02
5.634444772576292088e-02
5.626576133693257653e-02
5.405543866877754455e-02
5.773876084635654743e-02
5.985103131582339420e-02
5.571613244712352725e-02
6.161709319800138390e-02
5.808073651045560920e-02
5.693108192334572770e-02
5.667897829785942948e-02
5.786060534417629408e-02
5.536295484130581562e-02
5.504473685597380261e-02
5.915646384780605394e-02
5.836255315070350974e-02
5.935941869392991066e-02
5.669808702543378126e-02
5.669036968921621622e-02
6.452759306256969363e-02
5.748840239519874273e-02
5.743978265052040316e-02
5.450107013185818972e-02
6.102158313927551203e-02
6.022189927287399658e-02
6.218641728162765253e-02
5.736365491213897549e-02
5.652776178593436895e-02
5.798112907136480226e-02
5.771014300795893059e-02
5.491942418739199916e-02
5.515466539810100904e-02
6.190823998302221604e-02
5.474373096600174821e-02
5.917055748403072385e-02
5.659139774118860516e-02
5.548675242190559409e-02
5.870371484508116883e-02
5.500604591021935469e-02
5.618927613521615405e-02
5.543275003631909642e-02
5.757136730477213638e-02
5.469319688466688090e-02
6.032369178098936913e-02
6.448197250564892402e-02
5.656442100803057288e-02
5.446167904262741444e-02
5.641849048435688269e-02
5.782759655267000198e-02
5.764189302921295111e-02
5.836147737999757001e-02
6.054840488048891106e-02
5.876742944742242153e-02
5.770255122023323913e-02
5.491241140291094891e-02
6.132528519878784751e-02
5.849407030890385606e-02
5.558386240154504498e-02
6.248380841687321829e-02
5.687411839142441500e-02
5.325390176226695721e-02
5.818968794929484795e-02
5.551209401339292360e-02
6.342996239041288897e-02
5.780023921901981249e-02
5.580055345781147202e-02
5.417891018092632627e-02
5.534447316701213843e-02
5.750920986135800439e-02
5.755979726711908662e-02
5.749821792046228702e-02
5.424083139747381405e-02
5.810119424015283696e-02
5.715213380753993849e-02
5.276498206270237995e-02
5.803495932991305922e-02
5.760687633107106076e-02
5.525025591254234536e-02
6.020356647049387305e-02
5.108790978789329307e-02
5.618373677755395673e-02
5.599479324494798654e-02
5.457765348255634585e-02
5.503942671542366022e-02
5.982331937799851423e-02
6.037063542753458301e-02
6.036871032168467793e-02
5.640082132692138261e-02
5.885548886532585011e-02
5.757783453911542726e-02
5.681462982979913756e-02
5.783649990335106711e-02
5.822282414883375029e-02
6.058364638748268277e-02
5.686160149052739421e-02
6.015880217775702171e-02
5.777603293458620504e-02
5.817138499269882551e-02
5.809844529566665638e-02
5.747158841540415952e-02
6.231599585463603458e-02
6.473218346635500886e-02
5.629793239136537258e-02
5.842377529790004215e-02
5.751438489804665266e-02
5.625087862834334679e-02
5.664799521987636671e-02
5.687999737138549339e-02
5.733126734072963721e-02
5.683421023190021737e-02
5.351166886898378605e-02
5.640097172620395921e-02
5.794414918869733588e-02
5.634391743068893621e-02
5.397668168259163457e-02
5.583936027561624965e-02
5.558043864245216376e-02
5.660817333186666384e-02
5.783762263755003880e-02
6.409941255425413709e-02
5.713829149181644251e-02
5.825177380194266480e-02
5.920965343092878669e-02
5.765648955479264065e-02
5.808689845725893697e-02
5.688692728678385740e-02
5.761241260295112826e-02
5.555336477234959491e-02
5.710877965825299218e-02
5.399430788432558331e-02
5.429251017669836643e-02
5.641123295451203751e-02
5.387573154953619048e-02
5.976325564086436976e-02
5.482603703935941264e-02
5.933620489512880791e-02
5.591312563046813011e-02
5.917304969703157669e-02
6.541378576929370026e-02
6.717042077332735506e-02
5.551096353679895595e-02
5.485666217903296255e-02
6.299203900620341245e-02
5.759777972474694474e-02
5.486332992712656537e-02
5.885241179727018074e-02
5.510679282248020366e-02
5.879777216042081367e-02
5.828334590730567533e-02
6.485984925180673932e-02
6.544541053473949821e-02
5.987379663934310620e-02
5.899785049259662767e-02
5.538662515580654311e-02
5.817451016977429057e-02
5.410423843810955452e-02
5.904344001164039263e-02
6.384680987646182415e-02
5.522558872587978590e-02
6.057709532479445269e-02
5.390280832226077706e-02
5.416283633870382780e-02
5.882188322643439049e-02
5.896830164827406712e-02
5.490664800629019987e-02
5.812567957366505944e-02
6.097942809263864894e-02
5.974883452989161042e-02
5.850893935809532709e-02
5.646290260677536144e-02
5.804715467616915897e-02
5.546527717883387859e-02
5.982042683288454898e-02
5.561183309803406638e-02
5.561085681120554736e-02
