9.832860216498374994e-02
8.281808530290921122e-02
7.709284471968809449e-02
7.483819273610910205e-02
7.258249856531620581e-02
7.378258019685744740e-02
7.225838710864385117e-02
7.174291551113128051e-02
7.188187013069788356e-02
7.084459898372491571e-02
6.963301889598369487e-02
6.922557088236014344e-02
6.932318011919656742e-02
6.723688321808973800e-02
6.965547087291876216e-02
7.024034614364306484e-02
6.765182881305614737e-02
6.872562398513158699e-02
6.725030049681662847e-02
6.747871324419975336e-02
6.790151971081892501e-02
6.826360476513704256e-02
6.697883110493421666e-02
6.718754515051841847e-02
6.517991993576288667e-02
6.705919548869132552e-02
6.679863102734089064e-02
6.415995317200819115e-02
6.514296325544516320e-02
6.681885485847791073e-02
6.361234879742065640e-02
6.648045582075913507e-02
6.753703318536281863e-02
6.405327678968508742e-02
6.630436453968285848e-02
6.615337873498598753e-02
6.450124066323041638e-02
6.364460979898770021e-02
6.545391693711280490e-02
6.485456046958763821e-02
6.299540991584459682e-02
6.416661130885283060e-02
6.400011200457811356e-02
6.294643368571996300e-02
6.238208193331956641e-02
6.282008009652297054e-02
6.259884805728992141e-02
6.031119971225658988e-02
6.197740228225787767e-02
6.145686492323875622e-02
6.366786112387974594e-02
6.170898801336685557e-02
6.418441272030274425e-02
6.270777321110168612e-02
6.308606253316005608e-02
6.151842917005220790e-02
6.288207416733106181e-02
6.271240563442309623e-02
6.257444949199755801e-02
6.054028466343879672e-02
6.240660036603609684e-02
6.258373985687891439e-02
6.036144337306419833e-02
5.729223178078730883e-02
6.116014116754134311e-02
6.075786385685205682e-02
6.205259539186954582e-02
5.928705992798010554e-02
5.982141307244698281e-02
5.914431821554898966e-02
5.997849687933921869e-02
5.749757170677185364e-02
6.169878533730904085e-02
5.771088590224583703e-02
5.928482575962940732e-02
6.146766275167465238e-02
6.048529379069805118e-02
5.989065100749333542e-02
6.034000154584646253e-02
5.839700572192668693e-02
5.971372496336698615e-02
5.873995881527662583e-02
5.886239926020304242e-02
5.663633052259683942e-02
6.126476398358742664e-02
5.889384247362614011e-02
5.595450505614280728e-02
5.949914524952570893e-02
6.135116193443537064e-02
5.847767899433771455e-02
5.962275998046000919e-02
5.867921984444061934e-02
5.778867757568757063e-02
5.983857133736213141e-02
5.782447629918655019e-02
5.567425896724065293e-02
5.720982915411392672e-02
5.910388621191183661e-02
5.926589465389649203e-02
5.780351720750331879e-02
5.956749930977821295e-02
5.846399364372094343e-02
6.011587761342525316e-02
5.834472476194302315e-02
5.870778102427721273e-02
5.738412244866291506e-02
5.693411838263272989e-02
5.666098734984795215e-02
5.864596941818793485e-02
5.743649585793415835e-02
5.945321341355641609e-02
5.767955037454763900e-02
5.886843242992957637e-02
5.445407545814911349e-02
5.818845023711522596e-02
5.911637234191099988e-02
5.485015682876109855e-02
5.875691364208857070e-02
5.769406288862228421e-02
5.678305089473724421e-02
5.860857418427864451e-02
5.476613198717435183e-02
5.827246667196353536e-02
5.764014405508836175e-02
5.849421386917431909e-02
5.818205931534369685e-02
5.698117453604936711e-02
5.586962806681791682e-02
5.811788417398929679e-02
5.455439462016026253e-02
5.735720643152793230e-02
5.777055827279885952e-02
5.649154732624690062e-02
5.430657935639222195e-02
5.628197144716978045e-02
5.851922313372293766e-02
5.579017778237660430e-02
5.725058874736229514e-02
5.438467764606078753e-02
5.784729181478420745e-02
5.844949363420406940e-02
5.649399684121211157e-02
5.607659518718719621e-02
5.528725073983271898e-02
5.664234057068824602e-02
5.900721374899148969e-02
5.586420834064483726e-02
5.799679151425758683e-02
5.512033486117919046e-02
5.590176017334063524e-02
5.183639480421940726e-02
5.385303291181723490e-02
5.848328247666358809e-02
5.636084306985139625e-02
5.691132074842850108e-02
5.758474116524060771e-02
5.654889435817798266e-02
5.575825857619444437e-02
5.431373727818330360e-02
5.670228887349366975e-02
5.219820679475863784e-02
5.557817492634058165e-02
5.246756420781215069e-02
5.641672088454167261e-02
5.493138189117113823e-02
5.640758695701757891e-02
5.661230951547622375e-02
5.571321291228135270e-02
5.572238830228646439e-02
5.661974005401134574e-02
5.233917059997717641e-02
5.552488246311743786e-02
5.582219023257493917e-02
5.785522952675819369e-02
5.710570660730202724e-02
5.615492989619572800e-02
5.004832953214645441e-02
5.562804297854503227e-02
5.681200380126635169e-02
5.600217806796232989e-02
5.504732192804415863e-02
5.560439517100652235e-02
5.710080567747354702e-02
5.357776373624801441e-02
5.630619946867227582e-02
5.550734169781208066e-02
5.544590479383865872e-02
5.585009860495726564e-02
5.589166548103094434e-02
5.348557426283757216e-02
5.559877277662356870e-02
5.569917429238557816e-02
5.630735374987125286e-02
5.142474534610907283e-02
5.459414509435494417e-02
5.451357098917166549e-02
5.351053862522045512e-02
5.553123922397693035e-02
5.721096742898226090e-02
5.153202152500550165e-02
5.690147737661997718e-02
5.560566441466410770e-02
5.553518419464429506e-02
5.426583486298720144e-02
5.571388342728217369e-02
5.186429133017857879e-02
5.238451729218165237e-02
5.606767766177653961e-02
5.331484978397687396e-02
5.360846369216839408e-02
5.456944146504005139e-02
5.633160833269357931e-02
5.528658447166284046e-02
5.070275825758775029e-02
5.301732175052165791e-02
5.145509110142787446e-02
5.559874631464481465e-02
5.580474796394507137e-02
5.279946781694889318e-02
5.492691197743018727e-02
5.526076701780160277e-02
5.375622044006983513e-02
5.448022115975618279e-02
5.448922819147507257e-02
5.472019171963135586e-02
5.396753139793872972e-02
5.266847917189200479e-02
5.470120546718438420e-02
5.454437753806511829e-02
5.442092036207517303e-02
5.558210262407858870e-02
5.433074958622455264e-02
5.418693009763955737e-02
5.490090875575939777e-02
5.214654548714558330e-02
5.390958764900764116e-02
5.280418166269858909e-02
5.131785073628028493e-02
5.399862644573052983e-02
5.307962485899527655e-02
5.412492016951243184e-02
5.390681338806947026e-02
5.250734284520149064e-02
5.429901416103045247e-02
5.148441128432750674e-02
5.329716268926858874e-02
5.160229070732991197e-02
4.936243529121080859e-02
5.340543455133835160e-02
5.455650211622317669e-02
5.369682356715202443e-02
5.511262341092030420e-02
5.383811737100283046e-02
5.401639056702454977e-02
5.376390540351470154e-02
5.348278120160102761e-02
5.424127874275048306e-02
5.507746110359827696e-02
5.432249411940574813e-02
5.394809084633986340e-02
5.242056392133236098e-02
5.360700443387031444e-02
4.947918282200892970e-02
5.307006783783435599e-02
5.534261262665192416e-02
5.338580595950285362e-02
5.054818929483493456e-02
5.462338613967100687e-02
5.356250515828529790e-02
5.103501141071319774e-02
5.399715625991424045e-02
5.291921942184368843e-02
5.409846309572458045e-02
4.861463950326045530e-02
5.299912028014659715e-02
5.068952179203430747e-02
5.172820450117190938e-02
5.449114826818306917e-02
5.248369074116150668e-02
5.491698666165272663e-02
5.291206562270720642e-02
5.156296900163093860e-02
5.229379208137591856e-02
5.314025857796271513e-02
5.291583191603422415e-02
5.124078712115685136e-02
5.031127174695333021e-02
5.068600043654442056e-02
5.207679613182942396e-02
5.175414424389600948e-02
5.254735937962929510e-02
5.459736928343773138e-02
5.086710669100284743e-02
5.421475249032179505e-02
5.376475140452385143e-02
5.390245425204436003e-02
4.819126911461353580e-02
5.428330579151709884e-02
5.256139587610959840e-02
5.280181357016166394e-02
5.380667758484681401e-02
5.374406615893045913e-02
5.298850660522778921e-02
5.148415293544530980e-02
5.329130156586567302e-02
5.269575548668702786e-02
5.441011937956015398e-02
4.908533758173386219e-02
5.157533044616380985e-02
5.157251067459583255e-02
5.023452290644248031e-02
5.258499591300885151e-02
4.832759396483500558e-02
5.070973811050256269e-02
5.091074199726184496e-02
5.361399607112009996e-02
5.234486158937215472e-02
5.266439675043026875e-02
5.186866307010253030e-02
5.217402238398790443e-02
5.097420043001572171e-02
5.364621408283710285e-02
5.188782480855783086e-02
4.939519474903742574e-02
5.191928120950857484e-02
5.224992362161477721e-02
5.278951545556386654e-02
5.336695229013761060e-02
5.290006921937068229e-02
5.172810257722933874e-02
5.121056314557790451e-02
5.277593258768319834e-02
5.315985837330421127e-02
5.363908307005961495e-02
5.334610311935345656e-02
5.142482463270425797e-02
5.282026189068952937e-02
5.295596309006214003e-02
5.250035238762696538e-02
5.157790172845125309e-02
5.209486165394385665e-02
5.254582469662030797e-02
5.264049425721168546e-02
5.298581358045339335e-02
5.178532200555006904e-02
5.284381940960884011e-02
5.201211178054412215e-02
5.234981996317704389e-02
4.810370996594429127e-02
4.932433880865574188e-02
5.200028448055187685e-02
5.173677644381920182e-02
5.261710795263449536e-02
5.084411253531773839e-02
5.096868950873613413e-02
5.237317624191443338e-02
5.161025479435920466e-02
4.903068295369545498e-02
5.231935590505600031e-02
5.074384671946366443e-02
5.086669715742270226e-02
5.231294115384419602e-02
5.161929719150066403e-02
5.295738472292820659e-02
5.249618265777826476e-02
5.263405797382195855e-02
5.123468818763891874e-02
5.138020609815915213e-02
4.573076302806536320e-02
4.660253958155711335e-02
5.293721999973058367e-02
4.910347333798805586e-02
5.140320581694444307e-02
5.081417186806599234e-02
4.855671070516109217e-02
5.116939608007669421e-02
5.136661283671856149e-02
5.225568467130263517e-02
5.181014017512401010e-02
5.258868145445982911e-02
5.155406602968772012e-02
4.879259447256723697e-02
5.198044637838999255e-02
5.207556081314881902e-02
5.250269673764705602e-02
5.128907001266876792e-02
5.170398225386937247e-02
5.132304303348064756e-02
4.641734177867571504e-02
5.219516705721616995e-02
5.259279485791921310e-02
5.255266717324653947e-02
5.034679591655730896e-02
5.021899830549955701e-02
5.135495296368996349e-02
5.238290175795554809e-02
5.261075368771950256e-02
5.137040295948584745e-02
5.090397025148073878e-02
5.302031510819991272e-02
5.068299019088347984e-02
5.316220945368210771e-02
5.300908538202444426e-02
5.027062828342120093e-02
4.920548025518655527e-02
5.199355418483415925e-02
5.159223965058724187e-02
5.194045496483643692e-02
5.269102552284796875e-02
5.074146568775177168e-02
5.150009232262770659e-02
4.580172346283992169e-02
5.186191089451312741e-02
5.227292661865551998e-02
4.866989567875862344e-02
4.962632982681194904e-02
5.119212510685126200e-02
4.739691420147816581e-02
4.589806467294692965e-02
5.036111804346243837e-02
5.054330141594012837e-02
5.079978002856175290e-02
5.121808150162299178e-02
4.869828005631764850e-02
5.142065687725941303e-02
4.930639199912548176e-02
4.916183099150657487e-02
5.107278540730476185e-02
5.206614288191000611e-02
4.855184126645326753e-02
5.136858501782019804e-02
5.025900572538375549e-02
5.258042596280574493e-02
5.133982498198747663e-02
5.191001461197932570e-02
5.139539810518423818e-02
5.289869903276363944e-02
4.813039734959602411e-02
5.234354045242071291e-02
5.175642923762401038e-02
5.094186915705601476e-02
5.135185763239860646e-02
5.071478894601265386e-02
5.109366143743197114e-02
5.105495392034450908e-02
5.113460209220647978e-02
4.923104013005892565e-02
4.874446329971154207e-02
5.216787595301866642e-02
5.079572593172391320e-02
5.041463973621527345e-02
4.663549799472093554e-02
5.184906636675198910e-02
4.978172291070222938e-02
5.244736810525258558e-02
5.087526738643646101e-02
4.904283337295055334e-02
4.964291470746199503e-02
4.684004426002502663e-02
5.040659071256717305e-02
5.095128877709309556e-02
5.135903875033060589e-02
5.215464940915504749e-02
5.248999665180842378e-02
5.148687623441219191e-02
5.087610541532436997e-02
4.731459852308034925e-02
4.609615014245112968e-02
5.002921967456738089e-02
5.175093843291202894e-02
4.848064805070559369e-02
5.066381550083557533e-02
4.952729936689138218e-02
4.986038319766521176e-02
4.254627663642168017e-02
5.074481508384148104e-02
4.943530750771363280e-02
5.141711427519719130e-02
5.108934295674165404e-02
4.970768502602974231e-02
5.073334639271100122e-02
4.772923000156879120e-02
4.651341245820125175e-02
5.189898860951264875e-02
5.180406098564465517e-02
5.215708403537670790e-02
4.936797810097535294e-02
5.264051807423432428e-02
5.080472004910310119e-02
5.071555638064940974e-02
5.001179462919632529e-02
4.932460773736238591e-02
5.140278240044911934e-02
5.144593399018049240e-02
4.945616539567709163e-02
4.695477756361166738e-02
5.024845377852519418e-02
4.883391475925842606e-02
5.119372718036174774e-02
5.040205994000037520e-02
