1.046826576193173736e-01
7.798378070195516321e-02
6.922895781074961397e-02
6.497128543754418506e-02
6.475278070817390430e-02
6.058390103280544142e-02
5.943297895913322859e-02
5.784817462166150226e-02
6.019021775573492328e-02
5.475891176611184796e-02
5.334753471737106734e-02
5.696998654554287500e-02
5.807554802546898570e-02
5.614509079605341235e-02
5.658043756460150175e-02
5.526996956517298693e-02
5.646887061496575627e-02
5.392945266018311229e-02
5.341263581067323685e-02
5.204555736854672710e-02
5.659747781852881438e-02
5.502009488021333827e-02
4.888069120546181812e-02
5.388891523083050999e-02
4.957857479651769234e-02
5.628030160441994945e-02
5.233430173248052736e-02
4.539854234705368446e-02
3.987431131924192018e-02
5.430125175043940683e-02
5.139104211702942571e-02
5.070000765845179835e-02
5.317097442845503813e-02
4.290472821642955098e-02
5.364992609247565269e-02
4.983230832343300137e-02
5.406244735543926788e-02
4.740007100626826564e-02
4.850355007996162010e-02
5.291806686048706326e-02
5.187222718571623398e-02
5.440853064258893007e-02
5.286276837189992500e-02
4.488150089358289990e-02
5.093356498206655369e-02
4.530640368660290851e-02
5.028544552624225616e-02
4.066870554039875990e-02
5.340483151376247684e-02
5.159318360189597136e-02
5.026867870862285204e-02
5.344498126457134651e-02
4.889385942369699201e-02
5.468120397999882976e-02
5.293282441173990244e-02
4.079055062805612974e-02
5.357514983043074747e-02
4.966667412469784326e-02
5.217529945075512210e-02
4.957582807789246565e-02
4.818887698153654503e-02
4.998855215186873840e-02
4.844951226065555977e-02
4.757916210219263753e-02
4.846149310469627380e-02
5.203008605167269707e-02
4.108974620079000606e-02
5.267810582493741983e-02
4.784218327452739034e-02
5.016020257025956969e-02
5.178740341216325760e-02
4.839403470978140970e-02
5.025525990252693170e-02
5.127098485827445706e-02
4.246168903385599130e-02
5.044040121138095717e-02
4.809618260090550018e-02
4.850559802725910863e-02
5.338044402499993873e-02
5.019471083457271304e-02
5.067526536683241573e-02
5.172126699859897619e-02
4.470953866839409013e-02
5.234276050080855641e-02
4.954094535981615199e-02
5.075831360494097166e-02
4.806333075587947840e-02
4.933523411552111215e-02
4.641694271316131049e-02
4.920070103059212552e-02
4.749835655093193054e-02
5.111772827804088315e-02
4.948518366242448535e-02
4.825320827464262691e-02
4.683388496438662535e-02
4.856946316237251149e-02
4.913444152722756114e-02
4.599204311768213815e-02
4.914898425340652466e-02
4.982823921988407956e-02
4.774994505569338937e-02
4.607263030484318872e-02
4.808039342363675667e-02
4.689036163811882013e-02
4.742604261264204979e-02
5.016817348077893396e-02
4.567515819023052620e-02
4.468816745405395502e-02
4.453761652112007280e-02
4.941666818534334177e-02
4.660258246585726599e-02
4.526496247077981677e-02
4.727575139453013553e-02
4.814063919087251120e-02
4.548567660773793903e-02
5.004149467373887605e-02
4.812325999761621342e-02
4.632383588080604686e-02
4.790013687064250542e-02
4.506450605889161104e-02
4.925396957745154652e-02
4.911363174517949237e-02
4.779638607675830431e-02
4.911763016134500226e-02
4.532783931742111888e-02
4.880512105301022807e-02
4.489329317584633827e-02
4.441753051554163390e-02
4.586584145824114389e-02
4.978655781596898894e-02
4.778941376134752950e-02
4.617481747021277838e-02
4.825486550107598027e-02
4.710985859856009483e-02
4.690282357235749794e-02
4.880149864281217026e-02
4.851137154425184256e-02
4.397237049415707311e-02
4.922500954320033206e-02
4.709631797547141757e-02
4.270986414824922556e-02
4.654559893533587178e-02
4.746185410767793378e-02
3.935910932098826004e-02
4.884184996287028319e-02
4.507430534188946319e-02
4.757036107281843729e-02
4.681294979527592798e-02
3.172189036073783802e-02
4.456013267238934789e-02
4.834705656394362727e-02
4.594751407081882483e-02
4.906288196022311893e-02
4.427870142584045682e-02
4.461994596446553635e-02
4.717726074159145355e-02
4.376473963881532397e-02
4.699991007025042938e-02
4.751691886534293446e-02
4.777438861007491516e-02
4.447065616647402631e-02
4.318921314552426338e-02
4.667048295959830284e-02
4.340870901942252974e-02
4.819643987963596887e-02
4.263784692933161868e-02
4.721717427795132233e-02
4.444475111862023625e-02
4.192607039585709294e-02
4.628130268926421848e-02
4.679434110100070404e-02
4.709087982773781100e-02
4.411149903511007303e-02
4.803027442346016751e-02
4.454332903648416248e-02
4.352976965407530374e-02
4.650185555219650546e-02
4.448398590708772110e-02
4.906530650332570354e-02
4.743114669496814595e-02
4.689621732880671495e-02
4.579097311943769455e-02
4.797939540197451724e-02
4.364290324350197925e-02
4.139446225017309050e-02
4.792196437095602030e-02
4.166776609296599793e-02
4.345950052763025012e-02
4.744077964375416345e-02
4.371116608381271640e-02
4.801978198811411580e-02
4.581124683221181326e-02
4.628888452425598821e-02
4.345702668651938577e-02
4.477976576114694324e-02
4.625897888715068546e-02
4.533128840848803243e-02
4.661453915759920796e-02
4.184847408905625205e-02
4.297890858724713603e-02
4.728251943985620903e-02
4.225511255984504971e-02
4.326737988740205626e-02
4.341398384422064105e-02
3.873220626264810285e-02
3.850687872618437091e-02
3.777920883148908754e-02
4.521583147967855182e-02
4.651894827062885013e-02
4.061121443907420026e-02
4.795415578410029689e-02
4.638519293318191933e-02
4.576840580751498355e-02
4.632757722089687891e-02
4.429134248445431438e-02
4.764360636472701749e-02
4.254862700278560367e-02
4.605640598262349811e-02
4.089131864408652312e-02
4.037346501524249898e-02
4.733162944515546117e-02
4.751101707418759618e-02
3.607071312144398412e-02
4.708110283439358168e-02
4.603358581662177901e-02
4.221830274909734587e-02
4.298339169472455840e-02
4.225363051518797597e-02
4.511004770174622397e-02
4.489839073891441212e-02
4.400778040289878706e-02
4.574668885519107137e-02
4.087582292656103539e-02
4.599822986250122481e-02
4.503747737035155435e-02
4.169125206147630824e-02
4.580125153685609546e-02
4.015418008590738302e-02
3.762614121660590172e-02
4.276303059111039029e-02
4.657098256672421999e-02
4.194175905237595287e-02
4.595460835844278336e-02
4.354991683115561757e-02
4.542954582720994811e-02
4.469991168007254878e-02
4.560265773907303671e-02
4.310465905194481306e-02
4.513244253272811340e-02
4.613870866596699039e-02
4.464556432018677162e-02
4.259433386226495200e-02
4.526917813345789771e-02
4.013025732710957805e-02
4.746623802930116653e-02
4.320586388930678506e-02
4.169325685749451088e-02
4.568279792244235582e-02
4.490469377487897595e-02
4.042444936931133270e-02
4.745543735722700801e-02
4.644534814481934143e-02
4.476006816451748305e-02
4.377985798443357474e-02
4.040062443042794632e-02
4.084673170000314990e-02
4.565596937512358261e-02
4.252319553246100559e-02
3.639181051403284073e-02
4.574527923638622290e-02
4.715750853841503554e-02
4.484400851652026176e-02
4.576693521812558174e-02
3.989127563933531767e-02
4.396493112047513557e-02
3.995966414610544609e-02
4.507935432096322331e-02
4.442403282349308147e-02
4.028240218758583069e-02
4.231478810931245393e-02
4.629705271994074417e-02
4.257594691589474539e-02
4.290604324390490804e-02
3.848486511657635278e-02
4.660108865549166673e-02
4.575349393611152782e-02
4.466276376818616861e-02
4.176836072777708603e-02
4.195338512460390634e-02
4.410282056778669357e-02
4.480930194258690019e-02
3.977946912248929434e-02
4.395539459461967474e-02
3.902922809744874960e-02
3.897961893429358754e-02
4.402365293353795866e-02
4.456444677586356845e-02
4.541082462916771340e-02
4.414135615030924387e-02
4.349052406226595197e-02
4.454283642893035883e-02
4.150264154498775615e-02
4.487447027737895971e-02
4.510251485432188040e-02
4.387637786567211151e-02
4.398872985815008296e-02
4.254138326893250333e-02
4.299236238002777238e-02
4.165720598151286674e-02
3.951777843758463860e-02
4.434892522792021480e-02
4.434008526926239147e-02
4.182029012590646883e-02
4.411016438777248111e-02
4.266570884113510265e-02
4.313960457220673839e-02
4.128435427943865504e-02
4.542239891986052380e-02
4.434130831311146326e-02
4.387120855972170830e-02
4.206972212220231461e-02
4.457860713203747743e-02
4.165304728473226414e-02
4.323859922587871413e-02
4.462274977316459112e-02
4.406494349241256436e-02
4.310967906688650125e-02
3.255131927629311556e-02
4.652514600505431447e-02
4.414191907271743098e-02
4.100838337714473453e-02
4.213069925705591884e-02
4.526633908972144127e-02
3.896603866790731424e-02
4.472557880605260855e-02
4.329342128088076863e-02
4.449527794495224814e-02
4.557181438431143899e-02
4.116040704150994434e-02
4.392247051000595232e-02
4.134799347569544786e-02
3.733595646917819977e-02
3.319803445289532667e-02
4.470611093565821786e-02
4.149379671240846501e-02
4.465636257082224170e-02
3.883513292918602811e-02
4.098148255919416977e-02
3.605436636134982248e-02
3.902720212936401645e-02
4.489520139371355051e-02
4.396916752060254369e-02
4.272154824187358174e-02
4.297631348793705397e-02
4.145668394242723459e-02
4.061785691107312746e-02
4.062569169327616414e-02
4.336772169917822023e-02
4.042331414918105131e-02
4.158628700921932625e-02
4.371571863691012250e-02
4.243944793318708830e-02
4.141231734926501679e-02
4.363317598278323994e-02
4.285435322672128539e-02
4.433087039118011746e-02
4.410310819124182297e-02
4.164977235098679675e-02
4.155976887171466960e-02
4.074701908975839754e-02
4.062544157107671194e-02
4.514130633324384828e-02
4.319005903477469988e-02
3.966698062916596684e-02
3.681451746573050771e-02
3.825790140156944824e-02
4.385414356365800043e-02
4.104951157545049661e-02
4.329460980370640477e-02
4.418804322679837498e-02
4.308757729207476211e-02
3.750751176849007745e-02
4.317277713368336545e-02
4.366201420004169054e-02
4.253687864790359902e-02
4.368413537740707675e-02
4.183123894035815915e-02
4.640336524074276103e-02
3.622044594958424846e-02
4.540575478846828328e-02
3.798229290793339596e-02
4.493096098303794861e-02
4.380659262339273857e-02
4.383212998509407321e-02
4.403440095484256744e-02
4.299809879933794154e-02
4.084407215317090167e-02
3.777710416664679938e-02
3.910756120458245416e-02
4.136611303935448097e-02
3.151306062936783114e-02
4.657702886809905046e-02
4.083473083252708163e-02
4.088640619690219608e-02
4.473553299903869351e-02
3.546512182801962038e-02
4.511332763358950892e-02
3.808977923666437282e-02
4.026613744596640315e-02
4.297948672125737057e-02
4.180508581921458383e-02
4.146709938844044679e-02
4.178960053250193457e-02
4.478078897421558513e-02
4.436234872167309218e-02
4.218017511690656113e-02
4.148272499442100247e-02
4.000625244031350003e-02
4.551522427548964495e-02
3.736355014455815249e-02
3.989679478108883182e-02
3.946051082263390269e-02
4.627281855791807313e-02
4.292698067923386707e-02
4.305312900493542261e-02
4.337988877668976645e-02
4.089504464839895798e-02
4.508704664185643474e-02
3.679512257998188152e-02
4.379993795106808252e-02
4.213990727439522604e-02
4.274911329460640702e-02
4.154557365303238048e-02
4.447391508147120753e-02
4.316169116646051407e-02
4.183680946007371088e-02
3.149237170194586072e-02
4.541827359547217363e-02
4.332775548100471774e-02
3.964983904734253883e-02
4.290961713219682699e-02
3.890731437131762782e-02
4.141433748106161661e-02
3.846008097752928734e-02
4.434580548355977064e-02
4.147447859868406972e-02
4.342731476450959610e-02
4.336425792425870757e-02
4.140507727861404697e-02
4.216256970539689064e-02
4.407503555218379027e-02
3.911168972651164061e-02
4.137265539417664395e-02
4.254212345307072096e-02
3.906673491001129428e-02
4.286532547945777483e-02
3.640513587743043900e-02
3.051909278146922727e-02
4.466330735012889047e-02
4.262935447817047668e-02
3.683452013259132934e-02
4.307280648499726972e-02
4.144367165863514085e-02
4.246491380035877228e-02
4.204342265923818184e-02
4.137807336325446950e-02
4.009596705436706265e-02
4.078339468687772890e-02
3.228799803182482581e-02
4.165896503254771371e-02
4.116555570314327922e-02
4.068730554232994484e-02
4.008436985313892226e-02
4.336308346440394951e-02
4.036320149898529192e-02
3.799257033194104738e-02
4.368650587275624275e-02
4.124156599864363393e-02
4.153611510992050171e-02
3.443858915319045200e-02
4.233457269147038182e-02
3.759654068077603745e-02
3.974363713835676187e-02
4.329952737316489220e-02
4.328039182970921245e-02
3.880935932199160165e-02
4.393366860846678601e-02
4.038261156529188156e-02
4.307723507906000004e-02
3.537759725004434308e-02
4.428077492242057933e-02
4.353418943161765919e-02
4.272485819334784912e-02
4.117300581807891574e-02
4.326320393010973930e-02
4.337117426718274660e-02
4.237417215481400351e-02
3.700980922828118330e-02
4.376388508826493939e-02
4.402761692181229869e-02
