2.486087131897608327e+00
3.116817748347918027e+00
6.984096556901931985e-01
3.580050793786843655e-01
1.534071165074904763e-01
1.733181829005479846e-01
1.093359893808762279e-01
1.089646415412425934e-01
7.993159466733534835e-02
8.108361435433228404e-02
9.133245567480723082e-02
7.664655128493905178e-02
7.685708576813339576e-02
7.778931590418021458e-02
7.353496421749393386e-02
7.397154986858367476e-02
7.606752052282293730e-02
7.084842933341860272e-02
7.551240260402361515e-02
8.363229988142847904e-02
6.919887961198886717e-02
7.043728031218052243e-02
8.554749016960462582e-02
7.206285403420527313e-02
7.505799417383968164e-02
6.864896443982919372e-02
7.200794083997606732e-02
8.186465977070232769e-02
8.383292538113891468e-02
6.925784482931097996e-02
7.707792844623327644e-02
7.785183759406208437e-02
7.184270265822609303e-02
8.935167687013745308e-02
6.947062369436025897e-02
7.196459461624424292e-02
6.871615019316475170e-02
7.562949189295371799e-02
8.367491719002524697e-02
7.047612567742665701e-02
7.163978812595207801e-02
6.802349435786406162e-02
6.587545526524385409e-02
7.869962039093177097e-02
7.160232571884989072e-02
7.445084182545542995e-02
7.242270080372691099e-02
7.979150327853858082e-02
7.071677067627508972e-02
7.703454385822018635e-02
7.050645605350534806e-02
7.344707686454057805e-02
7.597440669313072770e-02
6.553228631615638788e-02
6.721172261983156260e-02
8.653626920965810931e-02
6.529554466406504998e-02
6.924949745958050573e-02
6.730932751670479219e-02
6.744707291324933407e-02
8.090479648982484839e-02
6.861125569790602063e-02
6.716020143901307859e-02
8.105117188766598757e-02
7.907528777296345124e-02
7.327062983065843471e-02
9.527994827677806200e-02
6.780614026511709580e-02
7.242835288867353893e-02
6.952711475392182872e-02
7.170816751817862822e-02
6.801708962768315825e-02
7.504066990688443295e-02
6.488791107510527567e-02
8.329378355915348364e-02
6.660580622032284681e-02
6.833666684726874552e-02
7.827849220484495163e-02
6.522273086632290884e-02
6.533767779668171738e-02
6.912940378611286130e-02
6.460160444180171324e-02
7.863502681255341020e-02
6.361681563779711390e-02
6.862293851872285078e-02
7.049466578289866059e-02
6.700065026680628033e-02
6.490501485144098415e-02
6.838038325930635708e-02
6.663011599952975428e-02
6.795740455389022439e-02
6.641613236938913312e-02
6.739314872771501319e-02
6.556866845116018916e-02
6.644536045069496244e-02
7.288936868930856461e-02
6.632520037392775070e-02
7.510490650311112126e-02
6.799460467572013278e-02
6.347023814916610829e-02
6.278024279512464667e-02
7.924088793496290861e-02
6.578050707156458954e-02
7.043804854775469193e-02
7.862516038119793382e-02
6.399885223557551239e-02
7.471403763939936382e-02
7.295984862372278945e-02
7.727705984686811247e-02
7.311229928707083103e-02
7.062611958632866727e-02
7.072459199776251482e-02
6.662100333720445688e-02
6.630291886627674713e-02
7.361437409495313888e-02
6.783547614390651737e-02
7.173345216860373130e-02
7.033112417285640461e-02
6.572767483070492134e-02
7.644274077688653635e-02
7.817535705864429862e-02
7.409140525385737863e-02
7.213003038118283305e-02
6.217868888750672368e-02
6.847580704217155756e-02
6.258435678978760408e-02
7.015799398223558636e-02
7.831366624062259529e-02
7.063117944945891680e-02
6.908285913368066022e-02
6.615807697797815301e-02
6.771047667910655432e-02
6.389626953750848770e-02
6.893103778362273670e-02
6.821289718771973709e-02
6.390932690973083474e-02
6.425225228071212991e-02
7.183424553523461153e-02
6.513245664536952695e-02
7.255893150965372906e-02
7.377805493151147476e-02
7.191714414705832614e-02
6.920795671020944784e-02
9.245887764729560088e-02
6.748350778594612576e-02
7.342925209552049470e-02
7.091307187452912386e-02
6.752984328816334647e-02
1.051087824006875365e-01
7.298801476446291348e-02
6.649411521231134159e-02
6.411418175945679532e-02
6.329477552945415864e-02
7.456973199422160803e-02
7.059199960281450914e-02
7.455428013578056790e-02
7.604198706336319502e-02
6.693270968894163286e-02
6.262229794636368918e-02
6.150686600555976130e-02
7.111794796461860801e-02
7.341418726369738912e-02
6.586217404653628427e-02
8.145208986476064339e-02
7.135951830695072551e-02
8.978647955382863810e-02
7.138281000157196965e-02
7.791090528791148884e-02
7.910244429484009077e-02
8.124985922127962723e-02
7.436711667726436659e-02
6.019520985583464573e-02
7.176904715597628992e-02
6.461022074023882455e-02
7.381729081893960431e-02
7.752352258811394392e-02
6.962762382502357683e-02
7.726197892179091642e-02
6.625906299178799252e-02
6.311974419901768274e-02
7.143606253278751705e-02
6.308045484746495346e-02
6.541032116239269001e-02
7.847893888751665548e-02
7.485738569249709984e-02
7.014443793644507819e-02
8.778939398626486867e-02
8.217900736257434391e-02
6.869219740852713918e-02
7.382823570941884905e-02
6.488680862511198022e-02
6.624322336787978605e-02
6.463341219971577289e-02
7.624478646243612601e-02
6.663027255485455547e-02
6.506289934739470371e-02
7.967452343553305116e-02
7.073776975274086165e-02
7.740134022509058409e-02
7.058862592714527928e-02
6.410975030312936196e-02
6.991420632228255438e-02
7.961674861299494754e-02
7.757185198366642331e-02
9.364044740796088895e-02
8.580671383999288748e-02
7.793651090313991059e-02
6.530652603755394969e-02
7.080222940693299549e-02
1.003040032026668443e-01
6.598205663263798093e-02
6.984762558713555891e-02
7.501682190845410103e-02
6.707244892294207672e-02
7.021484189977247881e-02
6.618945348386963412e-02
6.905175040165582867e-02
6.765465572476386802e-02
7.734288427978754099e-02
8.703996367131670853e-02
6.741768904030323584e-02
6.380474173153440065e-02
7.812557321041822822e-02
6.466373158618807238e-02
6.425176187107960180e-02
7.979447013388077381e-02
6.320529800529281483e-02
6.824173164243499401e-02
6.195113484437266699e-02
6.548522928729653969e-02
6.694861067148547007e-02
6.233415167778730281e-02
7.353749576335151528e-02
7.270121652012069557e-02
6.944415271282196322e-02
8.795751915002862631e-02
7.224866304546594120e-02
8.249809333433708036e-02
6.707691092354556295e-02
6.564855106174945221e-02
6.944576186438401744e-02
7.333240487302343513e-02
6.427543828263879155e-02
7.108413816740115354e-02
6.222805239881078199e-02
6.510888585820794050e-02
6.623606854739289007e-02
7.090020007764299970e-02
6.337723294273019115e-02
7.181151670093337269e-02
6.898397683476407971e-02
7.625956938291589271e-02
7.009777532269557965e-02
8.645027340700228713e-02
6.667295026282470116e-02
8.093487378830710455e-02
9.916768094524741617e-02
6.592256677026550604e-02
6.866270848860343834e-02
7.754323679332932040e-02
6.753443306932846446e-02
6.315709551796316878e-02
6.398120054354269892e-02
6.638669892524678984e-02
7.921175172862907066e-02
7.772374844178557562e-02
6.216408373167117696e-02
7.259665826335549854e-02
8.672507938618460865e-02
7.000425989429155671e-02
6.338642277444402062e-02
6.905643032863735542e-02
6.731831567982832221e-02
8.357353813946247212e-02
7.953039214635888865e-02
8.889377227053046893e-02
6.876566259190440566e-02
7.558127750332156725e-02
8.104486092925071439e-02
7.019139010148743585e-02
6.134200666720668327e-02
6.776208069796363365e-02
6.811872102941075868e-02
9.098913418129087050e-02
6.300829753279685308e-02
6.650997197255492654e-02
6.946368491897980668e-02
7.711570082853237695e-02
7.815197464699547014e-02
8.994793909912307539e-02
6.916277974223096481e-02
1.029891302001973014e-01
6.705721617055436512e-02
6.959672297971944421e-02
9.404496190448602411e-02
7.229775583371519931e-02
7.386134170616666383e-02
6.532843455672264488e-02
6.271259380504488889e-02
6.571939005826910041e-02
7.017335556447505673e-02
6.215630977104107807e-02
6.141149674231807104e-02
6.271134503806630178e-02
6.213861791727443712e-02
6.610277210672696468e-02
6.336278047412634284e-02
6.846266897395253404e-02
7.430845367722213601e-02
7.513538062572479304e-02
7.717381686593095813e-02
8.223942602053284368e-02
6.832722214050590548e-02
7.462643274416526362e-02
7.858799892788131958e-02
6.545398096243540409e-02
7.708785638834039777e-02
6.268922750527659848e-02
6.172728259116411209e-02
6.387485131621360723e-02
7.184762887035807399e-02
6.297739274178941471e-02
7.652224131549398289e-02
6.274934374727308972e-02
5.801389257734020782e-02
6.592521106203397263e-02
7.326921712607145643e-02
8.484602598473429957e-02
8.116103733889758198e-02
8.856806985413034905e-02
7.548199890802304024e-02
8.224848136926690700e-02
6.930560968195398353e-02
7.915337804704904168e-02
6.631131741528709100e-02
6.474796711777647262e-02
7.080438199763496032e-02
6.106598246221740800e-02
6.596538520107667058e-02
6.230765594169497545e-02
7.152092803890507111e-02
8.046305596828461082e-02
9.337979598591725217e-02
6.937441629047194636e-02
9.700715990116198784e-02
6.325140905256072810e-02
7.929786480963230133e-02
6.920598020466665889e-02
7.608687562247117009e-02
8.200299808134635382e-02
7.135255822911858170e-02
6.741326643774907257e-02
6.546313191453616287e-02
6.772591585293412375e-02
7.115297490730881913e-02
7.034378867285946690e-02
6.656831569348772848e-02
6.282312687486410474e-02
6.690691913478076513e-02
6.578094820802410370e-02
6.207987828180194095e-02
6.649140362938245341e-02
8.072992033635575937e-02
6.811747349177797728e-02
7.259469273189703142e-02
7.403978168343504362e-02
6.324513963734110233e-02
7.602296531510849276e-02
7.030327648545305064e-02
7.716540018717447935e-02
7.326482228313882517e-02
6.338884145642320611e-02
6.917190238833427485e-02
7.114165600078801999e-02
9.099190608908733213e-02
7.515681702022751487e-02
6.134936084349950497e-02
7.009831827133894411e-02
7.601405854957798969e-02
6.229250442857543757e-02
6.657962745676437866e-02
7.607567916003366015e-02
7.228696376706163218e-02
7.247736580980321253e-02
7.695902266229191768e-02
7.144159724315007898e-02
8.242938129231333622e-02
6.545025378465652022e-02
7.685958644375205651e-02
6.983919870108365457e-02
8.344982647026578937e-02
6.034715216606855587e-02
5.904810234283407872e-02
6.377368491763869829e-02
6.207009453947345129e-02
6.525915571177999530e-02
7.549219069381554736e-02
7.855466440940896133e-02
8.787110413114229690e-02
6.815930837144454357e-02
9.698667829856276457e-02
7.284137614692251517e-02
8.003989638139803742e-02
7.884374099473158426e-02
6.341845951353509980e-02
9.724034689987699764e-02
6.643778493007024277e-02
7.481277052933971161e-02
6.927445366357763701e-02
6.082307999953627531e-02
6.536871178075670530e-02
7.295282497381171127e-02
7.414773235407969010e-02
6.065625237300992234e-02
6.097541807840267669e-02
6.702873834719259849e-02
7.043410040438174979e-02
7.270682753995061365e-02
6.335367464149992134e-02
7.721662600214282413e-02
7.150380757326880998e-02
6.776856521144508649e-02
6.538965206593275181e-02
6.045204164460301482e-02
6.769241208210587113e-02
6.713056579232215548e-02
6.297352821255723654e-02
6.166537645583351768e-02
7.573276513877014171e-02
6.639337008198102630e-02
6.814329278965791659e-02
6.504829249655207091e-02
7.288738480458656355e-02
5.919078058252731644e-02
6.916034780442714691e-02
6.950907715285817301e-02
1.035683794567982402e-01
6.671886876846352954e-02
5.964385345578193665e-02
7.267111349230011286e-02
6.912998341644803479e-02
8.142765618239840297e-02
6.640311326210697473e-02
7.836503205510476910e-02
6.585635447253783414e-02
7.374364329501986726e-02
6.602197873406112638e-02
6.239293770864606098e-02
7.329453311239679525e-02
6.029609643543760306e-02
6.527379513407746692e-02
6.908379310121139094e-02
6.805134540423750378e-02
6.235523893187443212e-02
9.246681341280539590e-02
6.757574529076615377e-02
8.546129701038202020e-02
8.374516149361928286e-02
6.423944389447569514e-02
6.161869431535402925e-02
7.394465739838779195e-02
6.344533667589227766e-02
6.224225955083965978e-02
6.474507807443539986e-02
6.347237575799226372e-02
6.882571391140421269e-02
7.865306926270325405e-02
6.522729375710090149e-02
8.199567216138045622e-02
6.517661595096191363e-02
6.594812075917919070e-02
7.062889817481239618e-02
6.958014811078706841e-02
6.503144006555279522e-02
6.449064426124095917e-02
7.136568308497469315e-02
6.311805919433632894e-02
6.717615973204374424e-02
6.949779490008950456e-02
8.327363187447189841e-02
6.288005309800306919e-02
7.115656238670151068e-02
8.297414798289537430e-02
6.011715862589577658e-02
6.546687041098872561e-02
6.643601885996758272e-02
6.309255924075841959e-02
6.249304685741662729e-02
6.317728480324148743e-02
8.050379786640406155e-02
6.455987388268112637e-02
7.124730210751295534e-02
6.436230071509878303e-02
7.156155422329903149e-02
6.050818762431542375e-02
5.889304835970202850e-02
6.019541793502867361e-02
6.398176710742214945e-02
6.279814335207144216e-02
6.196550703917940578e-02
