1.672610674053430502e-01
9.597321012988686839e-02
8.394046068191528265e-02
7.779806733131408580e-02
7.379093285650015210e-02
7.047576395794749593e-02
6.835654771886766345e-02
6.629943018779158037e-02
6.453705631196499093e-02
6.294879669323563687e-02
6.209724411368369723e-02
6.089390063658356445e-02
5.994647030718624342e-02
5.935154871083796191e-02
5.837140747345984093e-02
5.770939311012626000e-02
5.693252912722528147e-02
5.653641670010983722e-02
5.603000821545719989e-02
5.539379322901367975e-02
5.462665334343910079e-02
5.457939218729734171e-02
5.406791398301720453e-02
5.366044618189334814e-02
5.328868755139410524e-02
5.298287367448210883e-02
5.248841728083789016e-02
5.247663684189319416e-02
5.197819343768059902e-02
5.205420584417879554e-02
5.111808897927403589e-02
5.128315359354019415e-02
5.109625237062573322e-02
5.081744913943112008e-02
5.073671056888997416e-02
5.037082505412399797e-02
5.015592762269079768e-02
5.006426945328712463e-02
4.987075970508158401e-02
4.931517299264669141e-02
4.978623914532363109e-02
4.944255349226295976e-02
4.917026506736874719e-02
4.921860231086611775e-02
4.882787106558680867e-02
4.879076664336026020e-02
4.832173509523272209e-02
4.854308665730058814e-02
4.838968031108379503e-02
4.814199898391961774e-02
4.787468498572707010e-02
4.803094190545380282e-02
4.772844248451292570e-02
4.769668297842145216e-02
4.742781084030866373e-02
4.748646287247538372e-02
4.742958917282522058e-02
4.707788432948291357e-02
4.696219375357031656e-02
4.719183688983321495e-02
4.704575963318347737e-02
4.700228177011012837e-02
4.686352609656751350e-02
4.682925176806747997e-02
4.650810128077864647e-02
4.651046475395560070e-02
4.648061321116983557e-02
4.645617158152162696e-02
4.636018437333404990e-02
4.614160998724400886e-02
4.606019897386431916e-02
4.615412823855877256e-02
4.602855571545660246e-02
4.590215217322111269e-02
4.586110086180270051e-02
4.570254969410598306e-02
4.572462807409465035e-02
4.564145741052925281e-02
4.553493930026888958e-02
4.537060370668768994e-02
4.563794642686844205e-02
4.544027483090758157e-02
4.518334338441491044e-02
4.527186318300664702e-02
4.518752236850559489e-02
4.511195501312613432e-02
4.496372831054031710e-02
4.495929230004549332e-02
4.495574286207557058e-02
4.492626392282545594e-02
4.500721202231943580e-02
4.477475711144506682e-02
4.466002452187239902e-02
4.469630832783878099e-02
4.462236924096942003e-02
4.465055580250918560e-02
4.476260460913181194e-02
4.459475199691951414e-02
4.460709833540022623e-02
4.440542870201170250e-02
4.441044997423887475e-02
4.434185247868299706e-02
4.429872305132448451e-02
4.409904218278825477e-02
4.424862611107528015e-02
4.425779493525624358e-02
4.425163874402641973e-02
4.411877340637147121e-02
4.398346052505076181e-02
4.373635577969253035e-02
4.394392753951251174e-02
4.388853373005986019e-02
4.414076293818652852e-02
4.389651007950305661e-02
4.377563729882240351e-02
4.386387916281819094e-02
4.373988263309001867e-02
4.376587956212461133e-02
4.370485128834843830e-02
4.359210324473679343e-02
4.365995763801037988e-02
4.347179871983826438e-02
4.357595655135810403e-02
4.359889134764671076e-02
4.336440918967127828e-02
4.343232483603060023e-02
4.340025902725756085e-02
4.347283170558512155e-02
4.329599148593842733e-02
4.319921785034239181e-02
4.323422130197286661e-02
4.328842813149094693e-02
4.329851500689983063e-02
4.315867085941135772e-02
4.294992641545831991e-02
4.310637050308287199e-02
4.295385427772999143e-02
4.317163277417421230e-02
4.303844477050006168e-02
4.311049410142004518e-02
4.290987410582602218e-02
4.286865188740193733e-02
4.291390133090317027e-02
4.308110530488193368e-02
4.287555336952209722e-02
4.285102415829897260e-02
4.291001301258802469e-02
4.295844614505767850e-02
4.263517395593226234e-02
4.272884861566126485e-02
4.291314940899610547e-02
4.285715744830667639e-02
4.289189795963466167e-02
4.269501028582453617e-02
4.275802082382142849e-02
4.264448584057390496e-02
4.260992002673447132e-02
4.267710336484015210e-02
4.262235167436301958e-02
4.256838661618531083e-02
4.249276632443070578e-02
4.236638438887894292e-02
4.266104859299958002e-02
4.227136941626667699e-02
4.239199581556021834e-02
4.248633423820138283e-02
4.248683966696262249e-02
4.229070756584405594e-02
4.239623039960861012e-02
4.234915360808372276e-02
4.223050121217965941e-02
4.248686264269053992e-02
4.236472536809742645e-02
4.230730353854596920e-02
4.223706651479006147e-02
4.211701664142310925e-02
4.227115022949874679e-02
4.223412647843360901e-02
4.211553918197750990e-02
4.221546271815895812e-02
4.207382958382368393e-02
4.216328911483287895e-02
4.215519165620208036e-02
4.204041331075131921e-02
4.190743032842874499e-02
4.196036824956536626e-02
4.187453290447593068e-02
4.197351269423961473e-02
4.192409386858344383e-02
4.197895755991339767e-02
4.198000496253371377e-02
4.177935342304408411e-02
4.179701573215424681e-02
4.198578032664954801e-02
4.173368788324296336e-02
4.186470157466828934e-02
4.198383562266826824e-02
4.174215334467589605e-02
4.185198664665221863e-02
4.176590583287179137e-02
4.169722807593643360e-02
4.168717890977859802e-02
4.156658601947128828e-02
4.150245944969355866e-02
4.157398219220340141e-02
4.146692389622330666e-02
4.174792210571467987e-02
4.160256449133157425e-02
4.164474061690270901e-02
4.152845039032399682e-02
4.153141362592577962e-02
4.181772490032017314e-02
4.163329673931002312e-02
4.174300826154649091e-02
4.148565337061881769e-02
4.152107334695756546e-02
4.146732849068939658e-02
4.126849535852670364e-02
4.151992768980562742e-02
4.139878276735544510e-02
4.142205867916345929e-02
4.136819338425994086e-02
4.143878297880292105e-02
4.150841667316854111e-02
4.144529066979885101e-02
4.147870705462992219e-02
4.140614989213645125e-02
4.141599514521658587e-02
4.133257477544247799e-02
4.143536572344601321e-02
4.139371501281857713e-02
4.117865498177707140e-02
4.129193287342786817e-02
4.137084406800568132e-02
4.129149157553910904e-02
4.136136564426123874e-02
4.128046437166631166e-02
4.127164423465728982e-02
4.118777987547218855e-02
4.117944473400712152e-02
4.126076723448932060e-02
4.118468574248254632e-02
4.116851086728275100e-02
4.113642752170562633e-02
4.104911788366735065e-02
4.117294931784272471e-02
4.097957105375826109e-02
4.094107265584170929e-02
4.109894572757184783e-02
4.116417789831757629e-02
4.107251161709427750e-02
4.108823660761117685e-02
4.101780672557651941e-02
4.094707419164479029e-02
4.090848385356366662e-02
4.096270094625651531e-02
4.091465281322598235e-02
4.107392070814967072e-02
4.079321260564029022e-02
4.096337740309536485e-02
4.092288700863719320e-02
4.099951608106493922e-02
4.088757455348968756e-02
4.110567444004118581e-02
4.110109441913664674e-02
4.083883800543844367e-02
4.099830698221922087e-02
4.090492635965347484e-02
4.095168898813426189e-02
4.071707639843225729e-02
4.096170501783490125e-02
4.091367100365459614e-02
4.077668935991823895e-02
4.076663459651172494e-02
4.080144070088863317e-02
4.087456781417131424e-02
4.086816371418535571e-02
4.078426844440400517e-02
4.077267528511583500e-02
4.081247049383818909e-02
4.073598399758338734e-02
4.062665157951414474e-02
4.070279972627759146e-02
4.066514319740235917e-02
4.066725693643093165e-02
4.065580287016928168e-02
4.070623712614178380e-02
4.064833461306989471e-02
4.078038725070655401e-02
4.054848077706992709e-02
4.070543693378567834e-02
4.069500590674578894e-02
4.065828814171254524e-02
4.060616717673837944e-02
4.054008883424103232e-02
4.067918082699179677e-02
4.068222283385693888e-02
4.059855990111827656e-02
4.052788858301937386e-02
4.060423158109188052e-02
4.075939666479826140e-02
4.045650515705347117e-02
4.052190479822456726e-02
4.038008282892405904e-02
4.056546743959188461e-02
4.051746615208685204e-02
4.051881138235330360e-02
4.041696222499013141e-02
4.037836920469999036e-02
4.037723200395703510e-02
4.038582355715334554e-02
4.037599976174533617e-02
4.048276830464601211e-02
4.049975022673606845e-02
4.053156475536525555e-02
4.037894347682595420e-02
4.028551132418214942e-02
4.050270542502402982e-02
4.045660348609089740e-02
4.028185964561999122e-02
4.035194699652493167e-02
4.034823708236217471e-02
4.056223578751087105e-02
4.033892253413796231e-02
4.013768931850791172e-02
4.056958395056426553e-02
4.032858353108167981e-02
4.020893417298793820e-02
4.031929729506373433e-02
4.026350609026849159e-02
4.014492859132588048e-02
4.038150764070451426e-02
4.037126580253243280e-02
4.036674870178103697e-02
4.014093074016272800e-02
4.034324112348258717e-02
4.029340585693717142e-02
4.048170375637710067e-02
4.017836035229265662e-02
4.019992856308817614e-02
4.003881437703966928e-02
4.024109688587487049e-02
4.026657485403120629e-02
4.026395406574010544e-02
4.018942316994070924e-02
4.029272118583321349e-02
4.015078504569828677e-02
4.016249581240117356e-02
4.017188224941491831e-02
4.024918305687606029e-02
4.006290795281529371e-02
4.009215315803885127e-02
4.013656629249453406e-02
4.009872666560113097e-02
4.011283149942755644e-02
4.012132341042160683e-02
4.001927343197166781e-02
4.008125353604555241e-02
4.003641328774392577e-02
4.010713726282119640e-02
3.998668096959590718e-02
3.992519496940076518e-02
4.015307554043829469e-02
4.011225695721805373e-02
4.006530760787427314e-02
3.987344752065837689e-02
4.002508251927792970e-02
4.007506358437239874e-02
3.979525520466267730e-02
3.996894786134361915e-02
3.995025306008756494e-02
3.976518942974507920e-02
4.006108971312642014e-02
4.011366042308509017e-02
3.994434735737741049e-02
4.005662769079208069e-02
3.982890329323709316e-02
3.990789651870727678e-02
3.981665352359414073e-02
3.994528732262551951e-02
3.977041505277156830e-02
3.990136498585343527e-02
3.997279585339128666e-02
4.002907564863562861e-02
4.004519192501902747e-02
3.977004653774202092e-02
3.986002188175916811e-02
3.982271128334104876e-02
4.006758260540663891e-02
3.975989740341901585e-02
3.991946386173367278e-02
3.990234920755028614e-02
3.978151977062225481e-02
3.974559143185615873e-02
3.973404019139707005e-02
3.980678079649806189e-02
3.977921853773296046e-02
3.980376832187175473e-02
3.983588268049061132e-02
4.000251244753599139e-02
3.981814967468380595e-02
3.981640666723251093e-02
3.977847796864807800e-02
3.986761868931353037e-02
3.970443081110715949e-02
3.971657051704823721e-02
3.978404476307332432e-02
3.978065069764852302e-02
3.979369216598570291e-02
3.990150639787316128e-02
3.975223215296864315e-02
3.987992408685386153e-02
3.992701726034283971e-02
3.977010829374193895e-02
3.968315229751169515e-02
3.967048370279371849e-02
3.970998173579573520e-02
3.965934399515390341e-02
3.967340329661965537e-02
3.981950669549405575e-02
3.968755707144737410e-02
3.973491794429719753e-02
3.972563597373664213e-02
3.967090730555355299e-02
3.962659926153719314e-02
3.971791529096663220e-02
3.967970619909465257e-02
3.967334160581231089e-02
3.972089795395732092e-02
3.959495579823851807e-02
3.961085099726915221e-02
3.955243591219186755e-02
3.957342634908855156e-02
3.971932070329785291e-02
3.965738254599273510e-02
3.959051393903791766e-02
3.938651586882770117e-02
3.956131200306117757e-02
3.959461171180009981e-02
3.965231751091777973e-02
3.958707664161920797e-02
3.955331812612712661e-02
3.943010923452675009e-02
3.958341900259256668e-02
3.960806855931878201e-02
3.949406010098755609e-02
3.950466620735824247e-02
3.950572006404400038e-02
3.948462803848087899e-02
3.942549607716500787e-02
3.949671412818133581e-02
3.953877936117351083e-02
3.944427210837602588e-02
3.961788232438265972e-02
3.944752818904816855e-02
3.945812114514410385e-02
3.926321105100214620e-02
3.937460307963192713e-02
3.951228572055697635e-02
3.963578060269355718e-02
3.960424057208001419e-02
3.957824826240539245e-02
3.955680113285779675e-02
3.943960530683398441e-02
3.939710770733654416e-02
3.926374220289290118e-02
3.944105947390198763e-02
3.941321421414614029e-02
3.942169524729251945e-02
3.943376404233276539e-02
3.939511368051171192e-02
3.938683598302304689e-02
3.943331683985888680e-02
3.942553896456956614e-02
3.931783658452332048e-02
3.936947046779096238e-02
3.947419154457747908e-02
3.928288318216800745e-02
3.923327164724468852e-02
3.942416176199912969e-02
3.944931438192725293e-02
3.930207075551152285e-02
3.926945144310593772e-02
3.922334791161120188e-02
3.938658672384917625e-02
3.934771566651761726e-02
3.936001094058155791e-02
3.919303857721388035e-02
3.930930025875568196e-02
3.938839482143521170e-02
3.917683541774749645e-02
3.937228556722402462e-02
3.917771623469889358e-02
3.930999895557760887e-02
3.944687794893979998e-02
3.929021934978663838e-02
3.921018864028155693e-02
3.939337980933487610e-02
3.919210917316377080e-02
3.939553259871900193e-02
3.917576121166348180e-02
3.930045946501195542e-02
3.923217666335403891e-02
3.937469066120684313e-02
3.913576553575694866e-02
3.935998116619884857e-02
3.931276044808328096e-02
3.926775752566755151e-02
3.915978414006530961e-02
3.935237690806388938e-02
3.904897932894527829e-02
3.927602659910917060e-02
3.918114972300827670e-02
3.909610567614436177e-02
3.914951592683792170e-02
3.923477933742106072e-02
3.915988624095916720e-02
3.929817205294966476e-02
3.916054150089621350e-02
3.931323546916246081e-02
3.919994825497269408e-02
3.925147688016295683e-02
3.903330946341156821e-02
3.914081603288650790e-02
3.934208394028246292e-02
3.921250153332948851e-02
3.923497737385332751e-02
3.914417209103703693e-02
3.929256050847471093e-02
3.912145571783184894e-02
3.913281856104731254e-02
3.919266219250858163e-02
3.930075281299650475e-02
3.920939784497022573e-02
3.908796261996030919e-02
3.909371157176792788e-02
3.938974237069487599e-02
3.914075389504432373e-02
3.921115434728562887e-02
3.910270744934678244e-02
3.911696741357445495e-02
3.921096779406070543e-02
3.895551674067974229e-02
3.914823705330491149e-02
3.909389921464025835e-02
3.921128966845571773e-02
3.909570135176181765e-02
3.904517871327697898e-02
3.903526172041892756e-02
3.898860983550548470e-02
3.904643702320754334e-02
3.898792933672666494e-02
3.916333687491715260e-02
3.913270846009254261e-02
3.908381806686520715e-02
3.914761162362992430e-02
3.901180323213338658e-02
3.900443189777434011e-02
3.909634562209248626e-02
3.910832646302878773e-02
3.903042101301253120e-02
3.893166509456932878e-02
3.915060965344310112e-02
3.899879499338567562e-02
3.893617110326886427e-02
3.923322600312530856e-02
3.908879136666655596e-02
3.896247259341180380e-02
3.894444783218205253e-02
3.902697908692061984e-02
3.898862542584538571e-02
3.910641342401504489e-02
3.891139476560056404e-02
3.901536999270319855e-02
3.891211026348173618e-02
3.914585888385772872e-02
3.895464358851313813e-02
3.894551420584321105e-02
3.888756415806710748e-02
3.899965405464172336e-02
3.886125982739031121e-02
3.891006963327527102e-02
3.892047535628080646e-02
3.890216885134577945e-02
3.889441865496337525e-02
