1.090177678316831544e-01
8.991467636078595560e-02
8.443331593647598887e-02
7.544742811471223665e-02
7.495104057714342682e-02
7.203133381903172039e-02
6.697358043864369559e-02
6.562439632602036499e-02
6.361866337247193415e-02
6.205636596307158304e-02
6.103141264989972448e-02
6.015911882743239097e-02
5.960214154794812175e-02
5.870336294174194336e-02
5.861291166394948932e-02
5.657684824429452114e-02
5.619656424038112219e-02
5.578550572507083583e-02
5.508505282923579355e-02
5.445536466315388513e-02
5.420109894126654004e-02
5.395202709361910515e-02
5.325914212502538825e-02
5.313452470116317161e-02
5.305831137113273255e-02
5.278267478570342064e-02
5.227270210161805153e-02
5.236040118150413203e-02
5.129220489412546213e-02
5.112289993092417745e-02
5.107038515619933411e-02
5.082060554064810054e-02
5.059730420820415103e-02
5.031904718838631912e-02
5.004237644374370797e-02
5.006140301004052134e-02
5.012000718154013129e-02
4.939246407710015663e-02
5.001165040768682651e-02
4.933887570165097769e-02
4.897522288374602656e-02
4.870685197412967515e-02
4.872385472059249933e-02
4.858047601766884299e-02
4.849799825809895937e-02
4.806554866023361738e-02
4.806318225339054756e-02
4.799193098209798142e-02
4.813069653697311934e-02
4.767568393610417676e-02
4.755315871909261000e-02
4.777417062781751100e-02
4.773931946605444038e-02
4.771420585922896834e-02
4.709119793027639195e-02
4.687333179637789837e-02
4.710029369220137402e-02
4.711473298724740827e-02
4.664776697754859786e-02
4.682744471356272559e-02
4.679395034909248491e-02
4.710494330152869419e-02
4.643672476522624215e-02
4.624439307488500961e-02
4.598777701146900682e-02
4.610373809002339673e-02
4.596619562245905094e-02
4.591659761499613385e-02
4.654831738211214626e-02
4.589923415333032469e-02
4.582284740172326565e-02
4.584237448405474591e-02
4.561912255827337698e-02
4.571525111794471491e-02
4.551171428523957674e-02
4.563528580591082878e-02
4.556892520282417730e-02
4.562225492205471133e-02
4.548297457862645471e-02
4.514766462147235676e-02
4.507353248074650459e-02
4.536190610378980359e-02
4.519067488145082911e-02
4.479638454504310946e-02
4.480814525391906694e-02
4.502975122537464236e-02
4.482759487349539940e-02
4.470041367691010570e-02
4.477149268146604633e-02
4.482555532362311745e-02
4.485898063983768252e-02
4.507993064355104995e-02
4.434368232265115117e-02
4.447150260675698796e-02
4.435312649235129134e-02
4.461756497155874857e-02
4.446580012794584119e-02
4.412832119967788347e-02
4.413643151521682434e-02
4.428384801372885898e-02
4.401428748853504491e-02
4.457280293107032665e-02
4.443853535223752510e-02
4.403564175125211644e-02
4.398091416805982590e-02
4.409714342094957912e-02
4.397671502549201084e-02
4.370430289767682219e-02
4.371678339783102024e-02
4.359629414044320639e-02
4.414613567758351315e-02
4.367400456685573140e-02
4.375055094249546278e-02
4.357316701207310239e-02
4.368912415113299780e-02
4.335159732960164325e-02
4.349086060188710884e-02
4.358453791588545040e-02
4.348378552123904200e-02
4.347080617677420711e-02
4.331498965620994568e-02
4.344286350999027740e-02
4.339318533428013214e-02
4.327215285506099546e-02
4.356087915133684957e-02
4.344813824631273830e-02
4.311570883262902387e-02
4.318027846049517227e-02
4.293823375366628142e-02
4.296856814995408252e-02
4.297546669375151146e-02
4.282439474016427883e-02
4.293126618489623292e-02
4.296770730521529830e-02
4.302964578848331861e-02
4.305672292597591960e-02
4.299607745371759188e-02
4.331419128924608036e-02
4.274433488026261468e-02
4.289691478945314995e-02
4.298075582366436831e-02
4.304593777749687183e-02
4.278204758185893269e-02
4.267901110462844066e-02
4.280795340426266082e-02
4.292778861243277955e-02
4.252673264127224823e-02
4.258891534991562228e-02
4.254313382320105974e-02
4.260762846563011241e-02
4.245731804985553026e-02
4.268699842970818253e-02
4.264881603419781037e-02
4.266021014191210409e-02
4.263874435331672236e-02
4.243275392334908136e-02
4.214426990132778827e-02
4.254398731049149895e-02
4.228248395491391448e-02
4.252086657565087163e-02
4.237886236980557136e-02
4.231910239905119220e-02
4.222657884936779904e-02
4.228364175185560930e-02
4.234575085341930195e-02
4.242506518959999334e-02
4.242477443534881099e-02
4.223501062951982160e-02
4.251740440260618620e-02
4.220367345958948163e-02
4.230793539434671291e-02
4.227888470981269742e-02
4.231140045914798947e-02
4.211390205658972069e-02
4.195478420704603501e-02
4.207421666476875849e-02
4.213067569304257409e-02
4.190053269732743613e-02
4.201902343425899938e-02
4.201706298626959463e-02
4.207752706483006144e-02
4.212232258636504356e-02
4.191462571267038500e-02
4.191436753142625121e-02
4.195584110449999266e-02
4.203686730936169458e-02
4.190569217782467298e-02
4.177736613433807866e-02
4.172351093962788776e-02
4.184400010854005814e-02
4.172626659739762239e-02
4.166589923202991541e-02
4.178812997881323210e-02
4.179631031583994766e-02
4.162372909486293515e-02
4.191368398722260941e-02
4.163111166562884907e-02
4.161017086356878086e-02
4.205036425963044194e-02
4.179501083679497409e-02
4.174112064298242386e-02
4.167296909727156301e-02
4.178296037018298936e-02
4.149223865475505646e-02
4.149913642555475013e-02
4.153723760042339619e-02
4.151847643312066988e-02
4.138598405290395271e-02
4.162333251908421211e-02
4.166716568171977692e-02
4.144237994216382753e-02
4.150007818359881945e-02
4.152350720949470747e-02
4.143091890495270713e-02
4.142518746200948843e-02
4.123771807644516230e-02
4.120841059833765113e-02
4.148268859367817973e-02
4.157518456224352371e-02
4.129893576726317156e-02
4.148881613742560343e-02
4.143022499047219892e-02
4.122153248637914352e-02
4.133984028361737534e-02
4.154957343358546551e-02
4.148898446001112600e-02
4.127514593768864815e-02
4.115946153178810796e-02
4.147747572511434333e-02
4.140100442804395958e-02
4.134680836461484404e-02
4.123153877444565157e-02
4.106664670165628001e-02
4.123649665620177790e-02
4.147184112574905240e-02
4.126488926820456871e-02
4.123782670591026600e-02
4.107175572309643141e-02
4.133567918557673471e-02
4.115567171946168251e-02
4.126783462241292305e-02
4.109858225565403422e-02
4.111271685454994523e-02
4.109098576474935066e-02
4.100844538304954795e-02
4.115114171057939613e-02
4.108754474204033558e-02
4.080034446436911488e-02
4.110533867962658239e-02
4.096389394719153476e-02
4.102523826994002032e-02
4.101798075251281150e-02
4.076372998766601002e-02
4.112539074849337617e-02
4.081886424217372883e-02
4.100389966741204567e-02
4.108644553460180648e-02
4.122460638172924241e-02
4.105404792353510579e-02
4.090961545240134195e-02
4.070367234293371245e-02
4.120659257750958204e-02
4.084075929597020399e-02
4.092378364410251268e-02
4.085661134216934248e-02
4.081321044825017563e-02
4.070174988359212542e-02
4.063519796356558633e-02
4.097229360602796383e-02
4.075216596014797493e-02
4.087421718984842606e-02
4.088111789897084375e-02
4.079939307179301922e-02
4.085692990105599387e-02
4.067084278911352324e-02
4.063804280478507114e-02
4.086866265628486677e-02
4.063766179140657075e-02
4.061873921658843561e-02
4.073936732020229379e-02
4.087532192002982234e-02
4.085860730614512826e-02
4.090384124778211061e-02
4.063641102518886217e-02
4.049006757326423928e-02
4.045805503148585530e-02
4.059915916062891567e-02
4.074200142640620192e-02
4.069054855499416867e-02
4.062950092833489402e-02
4.064482970628887498e-02
4.073127106297760869e-02
4.055760218761861324e-02
4.054484843276440903e-02
4.044595027342438864e-02
4.066634470131248041e-02
4.059166809543967441e-02
4.035980535671115227e-02
4.053403780795633571e-02
4.056160926353186147e-02
4.056400564964860594e-02
4.061359899584204153e-02
4.061010440345853845e-02
4.064368643332273018e-02
4.077583706006407405e-02
4.041527360677719255e-02
4.047431527171283655e-02
4.050267548300325732e-02
4.053049325942992970e-02
4.048155261203646715e-02
4.030581691302358854e-02
4.036071832757442968e-02
4.042758366558700522e-02
4.043015617877245005e-02
4.038826794363558487e-02
4.035326664801686808e-02
4.029510757420212003e-02
4.043812111485749206e-02
4.047529314644635057e-02
4.025305159855634141e-02
4.055547199677676101e-02
4.052337400615215607e-02
4.051848537754267759e-02
4.031489773653447461e-02
4.047227981500327310e-02
4.036914561875164231e-02
4.034143086988478677e-02
4.030384976416825915e-02
4.020962923299521014e-02
4.026759918313473768e-02
4.015490153804421314e-02
4.043457285501062676e-02
4.036815394647419453e-02
4.004154109861701727e-02
4.044894178397953621e-02
4.015976143069565490e-02
4.014085622504353495e-02
4.029395878780633183e-02
4.038771570194512467e-02
4.025709542911500016e-02
4.012717172969132440e-02
4.040316309314220811e-02
4.025124936830252326e-02
4.019513746257871722e-02
4.037325986195355876e-02
4.017774066887795648e-02
4.011656904127448853e-02
4.020523194689303720e-02
4.005860656499862782e-02
4.024215069133788014e-02
4.023062170483172190e-02
4.019979714881628807e-02
4.004231681115925229e-02
4.026879581157118138e-02
4.036827234551310789e-02
4.015094818081706846e-02
4.023152485489845526e-02
4.028833729214966602e-02
4.027024346869438609e-02
4.001720719039440072e-02
4.002672563306987341e-02
4.008358520921320028e-02
4.035773727577179892e-02
4.008083113934844677e-02
4.001696590799838638e-02
3.992914153728634175e-02
4.020431450102478210e-02
4.005889364983886147e-02
4.002012561075389552e-02
4.027611838188022153e-02
4.005443171132355706e-02
4.005103867966681996e-02
4.002554534934461145e-02
4.009308633860200755e-02
3.992922494653612653e-02
3.987276528030633815e-02
3.999827504623681279e-02
4.021105166990310287e-02
3.998732984997332290e-02
4.007571561262011223e-02
4.000983254984021020e-02
4.007537614088505645e-02
4.001786079257727002e-02
3.993831191677599951e-02
3.991261166054755477e-02
4.004491284023970615e-02
3.991532328538596741e-02
3.986688202247023333e-02
3.986757935956120741e-02
4.005718644242733939e-02
3.988034115638584148e-02
3.984210543800145721e-02
3.972734598908573417e-02
3.980839997995645058e-02
3.971281569451093341e-02
3.985969716683029906e-02
3.994189868681132655e-02
3.953827377874404025e-02
4.004936415236443059e-02
3.985287433490156822e-02
3.989799575880170063e-02
3.981199970468878718e-02
3.983132989145815595e-02
3.990594680886715845e-02
3.993745424784719833e-02
3.991067180875688958e-02
3.979798943735659428e-02
3.966021876782178934e-02
3.989812670275569295e-02
3.989459251053631417e-02
3.986791311297565449e-02
3.972834103275090650e-02
3.984947672579437772e-02
3.979338494595140163e-02
4.001719200517982189e-02
3.966428146697580787e-02
3.956564743537455825e-02
3.966401848942041619e-02
3.986630942672490796e-02
3.981215913314372495e-02
3.989926369395106753e-02
3.970247546210885214e-02
3.974580129142850360e-02
3.972667298745363729e-02
3.970099870115518376e-02
3.984466421883553489e-02
3.968568509444594244e-02
3.966556891333311574e-02
3.969818569719791440e-02
3.961393378674984284e-02
3.985460294410586579e-02
3.960724147036671916e-02
3.956022154074162467e-02
3.962102124933153391e-02
3.962833745870739111e-02
3.991364212706684927e-02
3.957944509107619302e-02
3.964843609835952409e-02
3.973243954591453020e-02
3.960573777556419123e-02
3.962487783748656206e-02
3.972467272076755929e-02
3.953371415846049924e-02
3.989426785148680182e-02
3.972068948205560723e-02
3.951050343923270813e-02
3.967970393598079654e-02
3.971031549852341302e-02
3.958893927279859976e-02
3.967235126532614453e-02
3.961076440289616751e-02
3.958338486030697767e-02
3.942232531495392517e-02
3.952197891660034351e-02
3.950872672256082463e-02
3.959403477609157312e-02
3.950521542690694360e-02
3.943141623865813183e-02
3.948623326607048761e-02
3.972943852655589497e-02
3.964481881819665460e-02
3.959841690491885252e-02
3.936916063074022420e-02
3.973917714320122918e-02
3.950519816949963486e-02
3.957515677902847390e-02
3.956006906460970973e-02
3.947636445984244180e-02
3.932776406873017550e-02
3.959019795525819257e-02
3.951051665935665508e-02
3.972477120812982487e-02
3.952389173675328188e-02
3.954290745779871774e-02
3.955972559750080275e-02
3.956208459101617086e-02
3.950342998839914688e-02
3.932244865223765568e-02
3.933661800809204467e-02
3.927241289522499096e-02
3.947090026456862716e-02
3.952266929205507096e-02
3.920604999177158129e-02
3.947448767721652846e-02
3.937636400572955275e-02
3.938074432313442425e-02
3.953581328503787823e-02
3.953305985312909054e-02
3.940754227340221433e-02
3.933469480834901610e-02
3.940266186371445961e-02
3.950564424972981270e-02
3.933307538740336839e-02
3.943629057612270394e-02
3.948292847257107302e-02
3.937605781480670031e-02
3.932384774554521095e-02
3.931181810330599408e-02
3.932923324871808596e-02
3.934631224721669984e-02
3.936195587273687291e-02
3.923187112435698454e-02
3.950421841815113938e-02
3.937677430454641914e-02
3.934476278722286169e-02
3.933525238186121042e-02
3.933889519888907754e-02
3.920161105226725035e-02
3.936540472786873718e-02
3.928670604247599951e-02
3.941732573788613025e-02
3.923146409913897542e-02
3.894844406284391630e-02
3.935852297116070736e-02
3.935279091354459274e-02
3.941123007331043260e-02
3.928842114750295822e-02
3.922130093909800136e-02
3.932862488552928137e-02
3.946464873850345778e-02
3.922447056043892877e-02
3.917803440243005503e-02
3.918800266925245857e-02
3.932098040822893520e-02
3.916683427058160333e-02
3.948966555297375031e-02
3.921575916931033245e-02
3.946727983653545296e-02
3.914234845433384180e-02
3.933509520255028952e-02
3.921286520082503668e-02
3.913222940173000097e-02
3.928803386632353373e-02
3.925278176087886040e-02
3.944580831099301493e-02
3.925383401568979108e-02
3.921876509208232359e-02
3.917189617175608624e-02
3.924306618981063255e-02
3.911551327910274545e-02
3.922694829758256729e-02
3.929927506018429662e-02
3.915813717991113718e-02
3.934448185376823032e-02
3.895681570749729566e-02
3.935271257534623396e-02
3.922200372908264676e-02
3.923509553074836648e-02
3.927430932875722314e-02
3.908877558540552882e-02
3.928696739953010941e-02
3.913605883251875667e-02
3.933564771432429552e-02
3.918001173995435543e-02
3.921946196351200342e-02
3.916462487075477589e-02
3.890647422056645044e-02
3.925536686088890170e-02
3.916932474821806232e-02
3.911853996571153236e-02
3.919719842262565923e-02
3.888050250243395289e-02
3.903772379271686077e-02
3.899224122054874980e-02
3.928309461567550814e-02
3.929734947159886638e-02
3.902409094851463922e-02
3.912649024743587028e-02
3.917216745205223671e-02
3.927581840194761809e-02
3.918205706868320426e-02
3.896752318367362189e-02
3.929855206515640159e-02
3.928287486545741641e-02
3.910435117781162206e-02
3.910768247209489568e-02
3.889133686199783974e-02
3.927058262750506706e-02
3.895821699872612648e-02
3.923551166895777181e-02
3.922644619829952772e-02
3.918258055113255783e-02
3.885518287308514090e-02
3.923749180510640450e-02
3.893947978969663354e-02
