1.805375851690769196e-01
1.709762252867221832e-01
1.693970337510108948e-01
1.619016267359256744e-01
1.550960913300514221e-01
1.468414254486560822e-01
1.631099022924900055e-01
1.589130461215972900e-01
1.504018343985080719e-01
1.530669815838336945e-01
1.527233794331550598e-01
1.605219170451164246e-01
1.614145971834659576e-01
1.593151539564132690e-01
1.579353772103786469e-01
1.541445069015026093e-01
1.639614552259445190e-01
1.543617919087409973e-01
1.655571199953556061e-01
1.536236442625522614e-01
1.570438519120216370e-01
1.615026183426380157e-01
1.575160473585128784e-01
1.558427736163139343e-01
1.572932489216327667e-01
1.582009978592395782e-01
1.616494432091712952e-01
1.619573086500167847e-01
1.481850333511829376e-01
1.611087806522846222e-01
1.516145840287208557e-01
1.497481390833854675e-01
1.589735597372055054e-01
1.459122523665428162e-01
1.503867357969284058e-01
1.615797728300094604e-01
1.490058340132236481e-01
1.593868359923362732e-01
1.448013149201869965e-01
1.431526876986026764e-01
1.548547074198722839e-01
1.532522551715373993e-01
1.451527103781700134e-01
1.502360701560974121e-01
1.579684689640998840e-01
1.424574963748455048e-01
1.513772755861282349e-01
1.495493501424789429e-01
1.538053229451179504e-01
1.491888538002967834e-01
1.526004858314990997e-01
1.540041379630565643e-01
1.370257306843996048e-01
1.376257799565792084e-01
1.396011319011449814e-01
1.489977054297924042e-01
1.351464800536632538e-01
1.466356292366981506e-01
1.424993015825748444e-01
1.577924638986587524e-01
1.559629477560520172e-01
1.432807967066764832e-01
1.545387096703052521e-01
1.563068181276321411e-01
1.430766917765140533e-01
1.446474380791187286e-01
1.531537398695945740e-01
1.522325165569782257e-01
1.474910117685794830e-01
1.432419195771217346e-01
1.362583599984645844e-01
1.484696976840496063e-01
1.544455029070377350e-01
1.496330052614212036e-01
1.471205726265907288e-01
1.610558740794658661e-01
1.458111517131328583e-01
1.510238759219646454e-01
1.518488079309463501e-01
1.385258473455905914e-01
1.477587595582008362e-01
1.514188311994075775e-01
1.456154435873031616e-01
1.396429911255836487e-01
1.505515351891517639e-01
1.481139734387397766e-01
1.499878503382205963e-01
1.366563178598880768e-01
1.431115269660949707e-01
1.491443142294883728e-01
1.361977718770503998e-01
1.583641469478607178e-01
1.459816545248031616e-01
1.468583233654499054e-01
1.367456540465354919e-01
1.523432470858097076e-01
1.552580073475837708e-01
1.492626480758190155e-01
1.407923698425292969e-01
1.419312655925750732e-01
1.522252708673477173e-01
1.451107785105705261e-01
1.420951634645462036e-01
1.498683318495750427e-01
1.473284512758255005e-01
1.405783630907535553e-01
1.392201147973537445e-01
1.468951106071472168e-01
1.401424817740917206e-01
1.471853107213973999e-01
1.396653689444065094e-01
1.542522571980953217e-01
1.396797671914100647e-01
1.488409638404846191e-01
1.435953527688980103e-01
1.452299095690250397e-01
1.416371390223503113e-01
1.420791819691658020e-01
1.498057916760444641e-01
1.507055424153804779e-01
1.464518941938877106e-01
1.440008282661437988e-01
1.457586623728275299e-01
1.482382714748382568e-01
1.474389526993036270e-01
1.311020087450742722e-01
1.351475249975919724e-01
1.380652915686368942e-01
1.486174464225769043e-01
1.406979709863662720e-01
1.306650787591934204e-01
1.448047123849391937e-01
1.415156684815883636e-01
1.441654488444328308e-01
1.310262046754360199e-01
1.452547721564769745e-01
1.479860618710517883e-01
1.362340338528156281e-01
1.400270517915487289e-01
1.386895030736923218e-01
1.369897462427616119e-01
1.308201607316732407e-01
1.225547771900892258e-01
1.412273310124874115e-01
1.473311632871627808e-01
1.474332511425018311e-01
1.547703184187412262e-01
1.412308812141418457e-01
1.505754366517066956e-01
1.333631910383701324e-01
1.479701101779937744e-01
1.403436139225959778e-01
1.312896348536014557e-01
1.474250778555870056e-01
1.386243309825658798e-01
1.381964944303035736e-01
1.329484842717647552e-01
1.446420550346374512e-01
1.431634761393070221e-01
1.465765126049518585e-01
1.477097198367118835e-01
1.371172145009040833e-01
1.454645656049251556e-01
1.432266309857368469e-01
1.413297168910503387e-01
1.417964883148670197e-01
1.426745206117630005e-01
1.410038322210311890e-01
1.357942745089530945e-01
1.432629376649856567e-01
1.398248560726642609e-01
1.324558444321155548e-01
1.440601386129856110e-01
1.438729315996170044e-01
1.428343914449214935e-01
1.305467374622821808e-01
1.276437956839799881e-01
1.434785760939121246e-01
1.377430707216262817e-01
1.471580304205417633e-01
1.436023376882076263e-01
1.458096057176589966e-01
1.305976342409849167e-01
1.306056436151266098e-01
1.351466812193393707e-01
1.501184478402137756e-01
1.420896500349044800e-01
1.464642658829689026e-01
1.379883158951997757e-01
1.392040904611349106e-01
1.528415568172931671e-01
1.390347369015216827e-01
1.343960650265216827e-01
1.493953056633472443e-01
1.466281525790691376e-01
1.379057429730892181e-01
1.253033969551324844e-01
1.387423612177371979e-01
1.521369665861129761e-01
1.516550295054912567e-01
1.475554034113883972e-01
1.399301029741764069e-01
1.331552937626838684e-01
1.535924747586250305e-01
1.425541453063488007e-01
1.456413157284259796e-01
1.360404733568429947e-01
1.414406597614288330e-01
1.333253495395183563e-01
1.425342410802841187e-01
1.371550634503364563e-01
1.283695753663778305e-01
1.313072107732295990e-01
1.377467922866344452e-01
1.421115547418594360e-01
1.319256871938705444e-01
1.320885065943002701e-01
1.516477689146995544e-01
1.365742385387420654e-01
1.353960540145635605e-01
1.412179730832576752e-01
1.357870250940322876e-01
1.416099071502685547e-01
1.412652414292097092e-01
1.417804174125194550e-01
1.413026005029678345e-01
1.445040181279182434e-01
1.242149565368890762e-01
1.374799720942974091e-01
1.416754834353923798e-01
1.425785459578037262e-01
1.455454900860786438e-01
1.412108801305294037e-01
1.479067765176296234e-01
1.345314644277095795e-01
1.435449235141277313e-01
1.434340048581361771e-01
1.388752013444900513e-01
1.378806158900260925e-01
1.326282899826765060e-01
1.382876262068748474e-01
1.275762934237718582e-01
1.451583374291658401e-01
1.456590704619884491e-01
1.330946031957864761e-01
1.408269405364990234e-01
1.308508962392807007e-01
1.423846855759620667e-01
1.467278078198432922e-01
1.377594992518424988e-01
1.336028985679149628e-01
1.434942036867141724e-01
1.297006011009216309e-01
1.421944051980972290e-01
1.438730694353580475e-01
1.447794213891029358e-01
1.395473442971706390e-01
1.326286327093839645e-01
1.424153931438922882e-01
1.468644663691520691e-01
1.422414481639862061e-01
1.327730454504489899e-01
1.400131247937679291e-01
1.271623857319355011e-01
1.406676359474658966e-01
1.426104009151458740e-01
1.436298228800296783e-01
1.367047876119613647e-01
1.384362690150737762e-01
1.264069899916648865e-01
1.286670919507741928e-01
1.378523781895637512e-01
1.403282098472118378e-01
1.428089812397956848e-01
1.437355503439903259e-01
1.385039128363132477e-01
1.391675993800163269e-01
1.330256834626197815e-01
1.378822140395641327e-01
1.374615021049976349e-01
1.346984803676605225e-01
1.421463489532470703e-01
1.431878618896007538e-01
1.497597061097621918e-01
1.408491842448711395e-01
1.360885314643383026e-01
1.401204839348793030e-01
1.395370289683341980e-01
1.471676155924797058e-01
1.354285925626754761e-01
1.337192151695489883e-01
1.439193598926067352e-01
1.302517373114824295e-01
1.383382901549339294e-01
1.330155190080404282e-01
1.407936252653598785e-01
1.340385451912879944e-01
1.353944521397352219e-01
1.470143161714076996e-01
1.351989805698394775e-01
1.408030763268470764e-01
1.410214006900787354e-01
1.324571240693330765e-01
1.457097381353378296e-01
1.415120325982570648e-01
1.251141726970672607e-01
1.351637467741966248e-01
1.459442786872386932e-01
1.347854416817426682e-01
1.381348930299282074e-01
1.406635306775569916e-01
1.322901323437690735e-01
1.318015977740287781e-01
1.407596431672573090e-01
1.413740068674087524e-01
1.397360228002071381e-01
1.337894350290298462e-01
1.365950740873813629e-01
1.452542506158351898e-01
1.476685628294944763e-01
1.430360935628414154e-01
1.236782837659120560e-01
1.416072919964790344e-01
1.417876742780208588e-01
1.410267073661088943e-01
1.323448605835437775e-01
1.440313160419464111e-01
1.450384147465229034e-01
1.375563703477382660e-01
1.327446624636650085e-01
1.331858430057764053e-01
1.298213005065917969e-01
1.397071033716201782e-01
1.287243366241455078e-01
1.433761343359947205e-01
1.340649835765361786e-01
1.402972601354122162e-01
1.491709984838962555e-01
1.369844637811183929e-01
1.381671726703643799e-01
1.324098668992519379e-01
1.403512805700302124e-01
1.424173675477504730e-01
1.451758742332458496e-01
1.439613439142704010e-01
1.303358469158411026e-01
1.316502578556537628e-01
1.395385228097438812e-01
1.328673735260963440e-01
1.327697299420833588e-01
1.284696366637945175e-01
1.344834771007299423e-01
1.336651220917701721e-01
1.442250050604343414e-01
1.359233092516660690e-01
1.478250883519649506e-01
1.274740137159824371e-01
1.364331170916557312e-01
1.390339136123657227e-01
1.446707397699356079e-01
1.378949061036109924e-01
1.342764087021350861e-01
1.501964963972568512e-01
1.388719603419303894e-01
1.402785815298557281e-01
1.455110777169466019e-01
1.383412629365921021e-01
1.349737904965877533e-01
1.313893571496009827e-01
1.282070316374301910e-01
1.390147730708122253e-01
1.319216191768646240e-01
1.419284492731094360e-01
1.383083835244178772e-01
1.410969141870737076e-01
1.470358185470104218e-01
1.422408707439899445e-01
1.413070820271968842e-01
1.374854706227779388e-01
1.446399353444576263e-01
1.298801191151142120e-01
1.302734669297933578e-01
1.451678276062011719e-01
1.303088609129190445e-01
1.224787347018718719e-01
1.406889632344245911e-01
1.337561756372451782e-01
1.350216194987297058e-01
1.401416882872581482e-01
1.422002762556076050e-01
1.411751993000507355e-01
1.410152912139892578e-01
1.366825066506862640e-01
1.477157659828662872e-01
1.385869309306144714e-01
1.399741582572460175e-01
1.318332888185977936e-01
1.401216201484203339e-01
1.237722914665937424e-01
1.343700774013996124e-01
1.355019770562648773e-01
1.379299741238355637e-01
1.412748098373413086e-01
1.404371522367000580e-01
1.374723725020885468e-01
1.322175338864326477e-01
1.346243638545274734e-01
1.324292644858360291e-01
1.339665856212377548e-01
1.384510025382041931e-01
1.392859928309917450e-01
1.328001730144023895e-01
1.377105694264173508e-01
1.382230464369058609e-01
1.390143409371376038e-01
1.334719881415367126e-01
1.382468193769454956e-01
1.396258808672428131e-01
1.277254931628704071e-01
1.297288220375776291e-01
1.400943398475646973e-01
1.288674436509609222e-01
1.273107249289751053e-01
1.390409097075462341e-01
1.424266658723354340e-01
1.417775936424732208e-01
1.324333809316158295e-01
1.357467733323574066e-01
1.364165619015693665e-01
1.398390159010887146e-01
1.327559426426887512e-01
1.320111304521560669e-01
1.328516341745853424e-01
1.430358327925205231e-01
1.394101455807685852e-01
1.346264686435461044e-01
1.347489282488822937e-01
1.300322599709033966e-01
1.359527669847011566e-01
1.379524879157543182e-01
1.341781280934810638e-01
1.404155977070331573e-01
1.386993192136287689e-01
1.311903148889541626e-01
1.372746545821428299e-01
1.370213329792022705e-01
1.352648884057998657e-01
1.444618739187717438e-01
1.302972175180912018e-01
1.353555135428905487e-01
1.390808597207069397e-01
1.445626448839902878e-01
1.354089602828025818e-01
1.316841933876276016e-01
1.365820989012718201e-01
1.349094659090042114e-01
1.388434134423732758e-01
1.379108205437660217e-01
1.321968864649534225e-01
1.324894316494464874e-01
1.392594240605831146e-01
1.362310871481895447e-01
1.302982643246650696e-01
1.379230245947837830e-01
1.342045553028583527e-01
1.311951316893100739e-01
1.285448279231786728e-01
1.297328621149063110e-01
1.193270739167928696e-01
1.434077359735965729e-01
1.443678177893161774e-01
1.338973063975572586e-01
1.328506059944629669e-01
1.274881176650524139e-01
1.348640248179435730e-01
1.312794461846351624e-01
1.299085579812526703e-01
1.412626728415489197e-01
1.430098302662372589e-01
1.293408647179603577e-01
1.344520300626754761e-01
1.368666291236877441e-01
1.417842730879783630e-01
1.306996382772922516e-01
1.310774851590394974e-01
1.313883308321237564e-01
1.326213385909795761e-01
1.284096930176019669e-01
1.395584866404533386e-01
1.353889442980289459e-01
1.348435319960117340e-01
1.359538007527589798e-01
1.411424428224563599e-01
1.314848251640796661e-01
1.355939842760562897e-01
1.414976008236408234e-01
1.312887817621231079e-01
1.449663750827312469e-01
1.388490088284015656e-01
1.319642849266529083e-01
1.402640398591756821e-01
1.192357018589973450e-01
1.345812939107418060e-01
1.376575231552124023e-01
1.284412592649459839e-01
1.269529126584529877e-01
1.335039865225553513e-01
1.310255341231822968e-01
1.386854182928800583e-01
1.323191151022911072e-01
1.370854619890451431e-01
1.423663049936294556e-01
1.293778512626886368e-01
1.476268358528614044e-01
1.344730071723461151e-01
1.356495022773742676e-01
1.277103684842586517e-01
1.332092694938182831e-01
1.328991167247295380e-01
1.441449634730815887e-01
1.346324700862169266e-01
1.413505971431732178e-01
1.292991992086172104e-01
1.238674633204936981e-01
1.357010304927825928e-01
1.383502297103404999e-01
1.420687567442655563e-01
1.347797736525535583e-01
1.391182206571102142e-01
1.364265643060207367e-01
1.396200880408287048e-01
1.324670836329460144e-01
1.342638842761516571e-01
1.258778665214776993e-01
1.386331357061862946e-01
1.376007124781608582e-01
1.383381783962249756e-01
1.314605977386236191e-01
1.378411091864109039e-01
1.232844572514295578e-01
1.315919850021600723e-01
1.373614370822906494e-01
1.319251991808414459e-01
1.393875963985919952e-01
1.372510790824890137e-01
1.264452487230300903e-01
1.382544972002506256e-01
1.317407507449388504e-01
1.334805898368358612e-01
1.325661242008209229e-01
1.441195383667945862e-01
1.326844561845064163e-01
1.396452970802783966e-01
1.400670520961284637e-01
1.342941317707300186e-01
1.416738107800483704e-01
1.384851597249507904e-01
1.338534466922283173e-01
1.351713817566633224e-01
1.346450075507164001e-01
1.436936706304550171e-01
1.287312470376491547e-01
1.408798918128013611e-01
1.319840364158153534e-01
1.374414078891277313e-01
1.354106906801462173e-01
1.321836411952972412e-01
1.387797556817531586e-01
1.435162276029586792e-01
1.384695991873741150e-01
1.305509023368358612e-01
1.329888626933097839e-01
1.341513730585575104e-01
1.317319050431251526e-01
1.265303976833820343e-01
1.372541263699531555e-01
1.309857014566659927e-01
1.398172713816165924e-01
1.350586861371994019e-01
1.361794099211692810e-01
1.422213092446327209e-01
1.431175991892814636e-01
1.347971111536026001e-01
1.361378692090511322e-01
1.363787092268466949e-01
1.374233663082122803e-01
1.435117051005363464e-01
1.316996216773986816e-01
1.463170163333415985e-01
1.299871504306793213e-01
1.418203674256801605e-01
1.445527859032154083e-01
1.289786472916603088e-01
1.341682597994804382e-01
1.412550192326307297e-01
1.214699894189834595e-01
1.317503955215215683e-01
1.315741147845983505e-01
1.257438436150550842e-01
1.350616067647933960e-01
1.425099745392799377e-01
1.437146402895450592e-01
1.306133475154638290e-01
1.329931169748306274e-01
1.417583376169204712e-01
1.381326802074909210e-01
1.352387517690658569e-01
1.316062379628419876e-01
1.379329524934291840e-01
1.376553848385810852e-01
1.309913843870162964e-01
1.265513692051172256e-01
1.259234175086021423e-01
1.441520191729068756e-01
1.287411693483591080e-01
1.317169554531574249e-01
1.384222917258739471e-01
1.342671606689691544e-01
1.442206017673015594e-01
1.384839564561843872e-01
1.374519616365432739e-01
1.272448468953371048e-01
1.360147949308156967e-01
1.394541002810001373e-01
1.412789896130561829e-01
1.357820257544517517e-01
1.394955515861511230e-01
1.337160356342792511e-01
1.283388789743185043e-01
1.374720409512519836e-01
1.362979710102081299e-01
1.377704404294490814e-01
1.288048233836889267e-01
1.409060209989547729e-01
1.320075187832117081e-01
1.254700422286987305e-01
1.336608547717332840e-01
1.430351957678794861e-01
1.398358456790447235e-01
1.365682575851678848e-01
1.333068143576383591e-01
1.238155718892812729e-01
1.315703727304935455e-01
1.285635642707347870e-01
1.379435732960700989e-01
1.356436200439929962e-01
1.374359168112277985e-01
1.384419612586498260e-01
1.376890502870082855e-01
1.372666582465171814e-01
1.398269794881343842e-01
1.236066389828920364e-01
1.342956833541393280e-01
1.366654522716999054e-01
1.230234839022159576e-01
1.392405629158020020e-01
1.356751918792724609e-01
1.379499733448028564e-01
1.403749734163284302e-01
1.334381457418203354e-01
1.332971211522817612e-01
1.357382666319608688e-01
1.362118683755397797e-01
1.413909755647182465e-01
1.490865908563137054e-01
1.284703388810157776e-01
1.329695321619510651e-01
1.297994293272495270e-01
1.348640359938144684e-01
1.333471331745386124e-01
1.379580311477184296e-01
1.406375467777252197e-01
1.354991067200899124e-01
1.246165111660957336e-01
1.397043503820896149e-01
1.375758126378059387e-01
1.279090754687786102e-01
1.365120857954025269e-01
1.282161138951778412e-01
1.261179558932781219e-01
1.271198429167270660e-01
1.329816952347755432e-01
1.364979147911071777e-01
1.308313943445682526e-01
1.256766263395547867e-01
1.291717980057001114e-01
1.449344716966152191e-01
1.421255096793174744e-01
1.282553020864725113e-01
1.303980574011802673e-01
1.327313929796218872e-01
1.430077888071537018e-01
1.346918549388647079e-01
1.335426270961761475e-01
1.318864524364471436e-01
1.434380300343036652e-01
1.297755464911460876e-01
1.298715677112340927e-01
1.300868224352598190e-01
1.364957913756370544e-01
1.352249979972839355e-01
1.369697377085685730e-01
1.244115605950355530e-01
1.355959214270114899e-01
1.322760097682476044e-01
1.421846803277730942e-01
1.319340839982032776e-01
1.370480563491582870e-01
1.298957932740449905e-01
1.309429183602333069e-01
1.428532674908638000e-01
1.241318117827177048e-01
1.384955104440450668e-01
1.357616372406482697e-01
1.436792574822902679e-01
1.231580451130867004e-01
1.263515260070562363e-01
1.398163661360740662e-01
1.372291147708892822e-01
1.391634680330753326e-01
1.388982385396957397e-01
1.301430929452180862e-01
1.413189992308616638e-01
1.368426568806171417e-01
1.379409171640872955e-01
1.324616558849811554e-01
1.380597986280918121e-01
1.260934621095657349e-01
1.428764723241329193e-01
1.391501314938068390e-01
1.343427672982215881e-01
1.368695423007011414e-01
1.289815269410610199e-01
1.339506637305021286e-01
1.329571530222892761e-01
1.386705599725246429e-01
1.367765888571739197e-01
1.319829449057579041e-01
1.440532989799976349e-01
1.228061746805906296e-01
1.335675083100795746e-01
1.303514968603849411e-01
1.366736218333244324e-01
1.327959150075912476e-01
1.285386588424444199e-01
1.367460526525974274e-01
1.341479644179344177e-01
1.340166181325912476e-01
1.352546997368335724e-01
1.377274915575981140e-01
1.402409151196479797e-01
1.286587286740541458e-01
1.264444086700677872e-01
1.399595066905021667e-01
1.363801769912242889e-01
1.261991094797849655e-01
1.360069923102855682e-01
1.294844932854175568e-01
1.253167651593685150e-01
1.349297352135181427e-01
1.223069950938224792e-01
1.355257127434015274e-01
1.303376536816358566e-01
1.307842377573251724e-01
1.366584785282611847e-01
1.246181260794401169e-01
1.252440065145492554e-01
1.195918824523687363e-01
1.361906453967094421e-01
1.322903670370578766e-01
1.465199440717697144e-01
1.171745583415031433e-01
1.231353096663951874e-01
1.381895318627357483e-01
1.285352259874343872e-01
1.338463611900806427e-01
1.307804826647043228e-01
1.355396602302789688e-01
1.308744065463542938e-01
1.233228687196969986e-01
1.275156363844871521e-01
1.364808622747659683e-01
1.309480145573616028e-01
1.234631165862083435e-01
1.418789476156234741e-01
1.303055677562952042e-01
1.204091627150774002e-01
1.315832957625389099e-01
1.306618526577949524e-01
1.250547003000974655e-01
1.335570216178894043e-01
1.323235314339399338e-01
1.405722983181476593e-01
1.319160275161266327e-01
1.298588551580905914e-01
1.428761743009090424e-01
1.277056261897087097e-01
1.373233608901500702e-01
1.378020960837602615e-01
1.383496969938278198e-01
1.325468178838491440e-01
1.390582956373691559e-01
1.304576843976974487e-01
1.346783544868230820e-01
1.313656531274318695e-01
1.312701348215341568e-01
1.344184242188930511e-01
1.267486829310655594e-01
1.396939083933830261e-01
1.399209648370742798e-01
1.364448126405477524e-01
1.241119019687175751e-01
1.379235722124576569e-01
1.336155533790588379e-01
1.316977627575397491e-01
1.362783834338188171e-01
1.363838501274585724e-01
1.238434799015522003e-01
1.395453028380870819e-01
1.355233192443847656e-01
1.342703253030776978e-01
1.315756700932979584e-01
1.248544100672006607e-01
1.403626650571823120e-01
1.267304085195064545e-01
1.292044296860694885e-01
1.401533745229244232e-01
1.299818940460681915e-01
1.333309728652238846e-01
1.353663522750139236e-01
1.383332908153533936e-01
1.271484792232513428e-01
1.417095661163330078e-01
1.380430907011032104e-01
1.302613094449043274e-01
1.398363746702671051e-01
1.286788396537303925e-01
1.369548104703426361e-01
1.294460501521825790e-01
1.314806789159774780e-01
1.419053710997104645e-01
1.277479715645313263e-01
1.236652825027704239e-01
1.300571337342262268e-01
1.296337954699993134e-01
1.295910384505987167e-01
1.296256314963102341e-01
1.394727081060409546e-01
1.299768928438425064e-01
1.329715326428413391e-01
1.340846382081508636e-01
1.322142463177442551e-01
1.248696204274892807e-01
1.435316838324069977e-01
1.314827762544155121e-01
1.258467361330986023e-01
1.382100880146026611e-01
1.320626996457576752e-01
1.324722729623317719e-01
1.186263766139745712e-01
1.320814564824104309e-01
1.416820734739303589e-01
1.322872061282396317e-01
1.374230273067951202e-01
1.317522227764129639e-01
1.424928568303585052e-01
1.339602246880531311e-01
1.321850344538688660e-01
1.247060447931289673e-01
1.351097971200942993e-01
1.330390926450490952e-01
1.228890419006347656e-01
1.291884221136569977e-01
1.279907729476690292e-01
1.267190240323543549e-01
1.277926750481128693e-01
1.277319807559251785e-01
1.310732103884220123e-01
1.403371337801218033e-01
1.332742571830749512e-01
1.291218977421522141e-01
1.221785359084606171e-01
1.317618452012538910e-01
1.209792457520961761e-01
1.315373741090297699e-01
1.299064010381698608e-01
1.391691677272319794e-01
1.391480676829814911e-01
1.249071136116981506e-01
1.248060911893844604e-01
1.260357815772294998e-01
1.254012547433376312e-01
1.204656679183244705e-01
1.217442359775304794e-01
1.438249237835407257e-01
1.175767444074153900e-01
1.232391279190778732e-01
1.297590825706720352e-01
1.429674401879310608e-01
1.335607394576072693e-01
1.322137769311666489e-01
1.304418481886386871e-01
1.350507028400897980e-01
1.265197061002254486e-01
1.193113662302494049e-01
1.236972212791442871e-01
1.313800327479839325e-01
1.356434561312198639e-01
1.293039228767156601e-01
1.316865235567092896e-01
1.337173581123352051e-01
1.356944963335990906e-01
1.320740170776844025e-01
1.341949664056301117e-01
1.259249765425920486e-01
1.283472478389739990e-01
1.255070641636848450e-01
1.317373886704444885e-01
1.348442137241363525e-01
1.364911571145057678e-01
1.324371676892042160e-01
1.319974083453416824e-01
1.338007338345050812e-01
1.231619324535131454e-01
1.331441588699817657e-01
1.199000868946313858e-01
1.343366838991641998e-01
1.322400029748678207e-01
1.411722339689731598e-01
1.300563961267471313e-01
1.336996648460626602e-01
1.398257650434970856e-01
1.389182582497596741e-01
1.319938749074935913e-01
1.324646025896072388e-01
1.346015818417072296e-01
1.321016512811183929e-01
1.342640109360218048e-01
1.309621091932058334e-01
1.347131468355655670e-01
1.436480768024921417e-01
1.219481248408555984e-01
1.313075032085180283e-01
1.319959070533514023e-01
1.358589455485343933e-01
1.347250528633594513e-01
1.380682662129402161e-01
1.329886801540851593e-01
1.289867442101240158e-01
1.350711472332477570e-01
1.415536180138587952e-01
1.379671804606914520e-01
1.311129145324230194e-01
1.322557143867015839e-01
1.299094911664724350e-01
1.221601478755474091e-01
1.286780796945095062e-01
1.338396221399307251e-01
1.338336095213890076e-01
1.350782327353954315e-01
1.427209451794624329e-01
1.382811218500137329e-01
1.313894428312778473e-01
1.298536285758018494e-01
1.272564008831977844e-01
1.260620038956403732e-01
1.262496039271354675e-01
1.348601803183555603e-01
1.390929780900478363e-01
1.233706492930650711e-01
1.347607970237731934e-01
1.271525286138057709e-01
1.369960829615592957e-01
1.339002065360546112e-01
1.320060323923826218e-01
1.374438349157571793e-01
1.334740463644266129e-01
1.368477381765842438e-01
1.352666765451431274e-01
1.348022986203432083e-01
1.308705210685729980e-01
1.277291364967823029e-01
1.286116596311330795e-01
1.289994902908802032e-01
1.369855999946594238e-01
1.245506908744573593e-01
1.318518966436386108e-01
1.382006146013736725e-01
1.310501527041196823e-01
1.382424533367156982e-01
1.370825767517089844e-01
1.338039562106132507e-01
1.319120805710554123e-01
1.261411886662244797e-01
1.268433406949043274e-01
1.238646507263183594e-01
1.398889273405075073e-01
1.322718188166618347e-01
1.260504797101020813e-01
1.293332446366548538e-01
