1.736809824194227025e-01
1.626825167664459892e-01
1.679144703916140846e-01
1.692318926964487269e-01
1.619834000510828875e-01
1.579132122652871228e-01
1.637270477201257513e-01
1.679647144462381170e-01
1.582264878920146278e-01
1.734936226691518590e-01
1.636808764721666143e-01
1.659096671002251722e-01
1.548495409744126416e-01
1.618316886680466749e-01
1.598372629710606285e-01
1.693582438996859840e-01
1.558120037828172877e-01
1.594931169279984184e-01
1.700953122760568426e-01
1.542289618934903905e-01
1.581221951970032402e-01
1.460502089134284309e-01
1.529531681111880592e-01
1.603342784302575208e-01
1.548911285187516973e-01
1.573289441210883044e-01
1.584880788411413000e-01
1.548278044377054408e-01
1.604395817433084681e-01
1.527841437075819209e-01
1.564451179334095665e-01
1.611388746116842463e-01
1.555018169539315320e-01
1.636446639895439148e-01
1.612745113670825958e-01
1.631838663348129936e-01
1.548154465854167938e-01
1.498506654586110876e-01
1.521640334810529516e-01
1.521447992750576683e-01
1.436909687306199834e-01
1.594889057534081556e-01
1.506222236369337275e-01
1.476549138980252363e-01
1.456184940678732775e-01
1.431506733809198573e-01
1.581453798072678663e-01
1.557988923575197027e-01
1.549757668482405759e-01
1.414613957915987208e-01
1.410136260092258453e-01
1.419988394315753744e-01
1.477724710213286496e-01
1.565999468522412397e-01
1.434905257608209417e-01
1.462516901748520948e-01
1.527301711695534803e-01
1.441885834293706037e-01
1.554538980126380920e-01
1.494451234383242511e-01
1.523353276508195020e-01
1.532022639044693657e-01
1.529486982950142571e-01
1.484583829130445287e-01
1.359849151756082342e-01
1.447485118572200968e-01
1.420390126960618116e-01
1.566243645335946844e-01
1.596814968756266884e-01
1.548103918986661054e-01
1.464724407664367012e-01
1.433208196290901848e-01
1.470817774534225464e-01
1.498010834412915326e-01
1.513385288417339325e-01
1.550167862858091161e-01
1.473463081887790016e-01
1.514309809676238350e-01
1.550823827939374067e-01
1.530718845980507947e-01
1.425304604428155042e-01
1.441696488431521705e-01
1.437113657593727112e-01
1.427734989140714839e-01
1.459235330777508832e-01
1.344477928110531517e-01
1.499833911657333374e-01
1.554528075669492915e-01
1.538964898458548836e-01
1.539789241339479253e-01
1.424910205283335396e-01
1.468229703605175018e-01
1.367678658238478950e-01
1.551077451024736598e-01
1.325499681489808179e-01
1.443708727934530922e-01
1.456704815583569623e-01
1.453872754105499931e-01
1.398897463721888446e-01
1.543763365064348414e-01
1.385798065790108391e-01
1.449392219739300824e-01
1.459030732512474060e-01
1.477603742054530434e-01
1.434056261288268186e-01
1.465773593102182581e-01
1.448251051562172986e-01
1.411902452153818988e-01
1.365335887031895734e-01
1.488617413810321144e-01
1.531990085329328344e-01
1.461935836289610102e-01
1.408604942262172699e-01
1.463298773659127139e-01
1.425435029502425954e-01
1.340115025107349589e-01
1.443363151379994103e-01
1.317024592842374608e-01
1.456544457801750847e-01
1.370899381914309212e-01
1.485791797084467791e-01
1.433848685451916405e-01
1.500178735171045497e-01
1.457286889531782814e-01
1.483400634356907555e-01
1.380866933614015579e-01
1.433548017271927544e-01
1.462536079010793022e-01
1.411059067717620186e-01
1.448533657406057551e-01
1.408977785280772499e-01
1.496747992932796478e-01
1.417510413697787575e-01
1.451973382915769384e-01
1.525069459208420464e-01
1.384194538529430196e-01
1.418485721307141401e-01
1.504709805761064723e-01
1.445609102291720294e-01
1.497971495347363569e-01
1.442614953432764247e-01
1.483568953616278552e-01
1.396124927060944654e-01
1.396315076521464638e-01
1.442003612007413671e-01
1.417199120457683370e-01
1.390656174293586067e-01
1.447659997003419019e-01
1.397501629378114507e-01
1.423159763216972351e-01
1.396090367010661415e-01
1.456648989447525688e-01
1.435495588396276667e-01
1.517317337649209119e-01
1.498648231582982160e-01
1.325185791190181539e-01
1.353986260614224724e-01
1.480562495333807849e-01
1.423785633274487206e-01
1.450012549757957458e-01
1.418256794235535911e-01
1.357882126633609965e-01
1.462030016950198463e-01
1.415272222033568672e-01
1.350435630551406196e-01
1.434541765068258479e-01
1.354162371052163027e-01
1.394963855189936541e-01
1.412499025464057922e-01
1.395623343331473254e-01
1.406889126769133858e-01
1.396865903266838738e-01
1.405940023916108228e-01
1.363515329680272392e-01
1.396258111510957911e-01
1.446944453886576942e-01
1.462368052452802658e-01
1.462886918868337438e-01
1.404308708650725268e-01
1.396468638309410759e-01
1.400228807968752764e-01
1.523498259484767914e-01
1.396735087037086487e-01
1.343087101621287249e-01
1.387613256062780187e-01
1.366139663649456881e-01
1.461263831172670558e-01
1.473377378923552417e-01
1.316147680793489649e-01
1.417724133602210335e-01
1.497562532978398420e-01
1.416295777474130824e-01
1.548607780465058037e-01
1.327797895563500308e-01
1.361624742192881488e-01
1.351469938776322655e-01
1.437859061573232844e-01
1.364701054990291595e-01
1.470069816069943525e-01
1.475673541426658630e-01
1.399397871323994347e-01
1.296746193298271843e-01
1.437635336603437231e-01
1.433100689734731481e-01
1.352886839636734673e-01
1.397717845227037237e-01
1.389126330614089966e-01
1.401738104011331365e-01
1.413936487265995690e-01
1.408443847405058957e-01
1.412805175142628766e-01
1.479160594088690661e-01
1.407632718661001869e-01
1.450400788869176671e-01
1.393477150372096351e-01
1.410261232938085363e-01
1.428377016314438530e-01
1.460975421858685397e-01
1.372988979731287196e-01
1.359952140067304804e-01
1.401395856269768425e-01
1.350588620241199300e-01
1.385984641632863335e-01
1.378815080970525742e-01
1.411454690886395358e-01
1.513459038521562383e-01
1.428556226726089284e-01
1.435622753841536425e-01
1.446507743426731774e-01
1.380868628621101379e-01
1.262393476707594775e-01
1.416979330990995600e-01
1.491500091339860723e-01
1.428163594433239647e-01
1.339368410408496857e-01
1.319849453866481781e-01
1.332744407866682246e-01
1.421801650098391823e-01
1.442650476736681842e-01
1.433801230575357244e-01
1.419499654855047033e-01
1.433159155505044080e-01
1.398703892316137121e-01
1.428510450891085914e-01
1.357070005365780541e-01
1.323954151677233793e-01
1.338135834251131251e-01
1.420466665710721776e-01
1.438359080680779167e-01
1.383314313633101367e-01
1.459518766828945824e-01
1.311249360442161560e-01
1.460565738379955292e-01
1.457772201725414940e-01
1.338496096432209015e-01
1.378401049545832924e-01
1.386931086225169085e-01
1.454884303467614270e-01
1.471708206725972079e-01
1.414328318621431158e-01
1.321743508534772016e-01
1.337245817163160988e-01
1.293662501765149020e-01
1.341147276439837166e-01
1.398101821541786194e-01
1.361464980457510188e-01
1.265284283352749728e-01
1.438034320516245745e-01
1.453233339956828407e-01
1.392301672271319679e-01
1.387285377298082545e-01
1.394155264965125374e-01
1.348258459142276100e-01
1.380399952509573647e-01
1.382830624601670555e-01
1.397331399577004529e-01
1.389379389584064484e-01
1.489905033792768285e-01
1.349089480936527252e-01
1.340724195220640846e-01
1.387093104422092438e-01
1.356146612337657265e-01
1.300139578857592293e-01
1.391399816742965034e-01
1.435582025774887749e-01
1.414266489446163177e-01
1.372361550373690509e-01
1.401794744389397718e-01
1.368054864662034131e-01
1.440076066979340264e-01
1.442392574889319323e-01
1.315659273947988317e-01
1.377091881419931219e-01
1.426444447466305443e-01
1.447131804057530113e-01
1.314255052379199318e-01
1.355722227266856483e-01
1.291649748704263023e-01
1.378089125667299464e-01
1.378515767199652575e-01
1.394140198826789856e-01
1.391565565552030370e-01
1.366951159600700572e-01
1.364438230437891864e-01
1.361472798245293714e-01
1.408700732780354403e-01
1.372396333941391655e-01
1.323535482266119667e-01
1.395376058561461352e-01
1.488969299410070612e-01
1.350923473281519793e-01
1.272596533277205177e-01
1.408054722206933118e-01
1.381276800696338847e-01
1.333416253328323364e-01
1.261729435729128934e-01
1.369547790714672753e-01
1.404902360269001671e-01
1.435580620808260821e-01
1.331091587032590673e-01
1.376845038362911888e-01
1.393822511391980268e-01
1.361365903701101110e-01
1.315184491021292590e-01
1.378786390913384341e-01
1.414472806666578486e-01
1.286754198372364044e-01
1.364794248448950864e-01
1.360406670719385147e-01
1.332317670541150190e-01
1.383293675524847888e-01
1.402732623474938489e-01
1.427992316229002856e-01
1.345055534371308037e-01
1.379055944936616040e-01
1.308250980717795275e-01
1.413330810942820259e-01
1.426077466458082199e-01
1.334963273257017136e-01
1.431206547256027029e-01
1.285172421485185623e-01
1.355803140572139076e-01
1.396823881992272087e-01
1.373118875282151319e-01
1.428742685488292030e-01
1.347981004842690178e-01
1.447343868868691541e-01
1.358988311673913763e-01
1.397598407098225304e-01
1.346141429884093188e-01
1.365388983062335304e-01
1.343447997101715752e-01
1.373958316232476995e-01
1.398444569536617943e-01
1.450835599430969902e-01
1.452782388244356349e-01
1.412052496203354546e-01
1.389363471950803564e-01
1.377998633044106580e-01
1.364396257059914686e-01
1.305912860802241615e-01
1.423680888754980944e-01
1.373531185090541840e-01
1.407427670700209521e-01
1.301223976271493055e-01
1.318727838141577624e-01
1.412835674626486682e-01
1.331127610589776800e-01
1.407173113631350614e-01
1.371386492890971087e-01
1.334354161684002116e-01
1.416910370545727826e-01
1.432248614728450775e-01
1.411328651010990143e-01
1.418886472071920202e-01
1.340049579739570618e-01
1.415034878466810420e-01
1.367379772875990107e-01
1.348376694534506037e-01
1.363139628831829264e-01
1.321614491088049792e-01
1.409614064863749794e-01
1.338985894939729027e-01
1.452793218195438385e-01
1.389314809015818886e-01
1.428969071379729561e-01
1.311532333493232727e-01
1.328793953039816567e-01
1.382313030106680773e-01
1.386741016592298315e-01
1.335489560983010582e-01
1.362326725253037163e-01
1.308054745729480550e-01
1.372558650161538885e-01
1.356854225908006861e-01
1.394498859133039281e-01
1.298709131245102122e-01
1.317190801990883731e-01
1.326617084975753591e-01
1.283626652189663597e-01
1.343378214431660556e-01
1.359823181160858818e-01
1.415808243410927869e-01
1.331141450043235586e-01
1.339448983115809344e-01
1.358210572174617103e-01
1.317353791424206444e-01
1.349710627858127787e-01
1.364733017981052399e-01
1.382408051618508049e-01
1.341160373496157743e-01
1.288845158581222727e-01
1.348327510058879852e-01
1.445795883025441930e-01
1.354708855173417381e-01
1.366772547896419332e-01
1.384647211858204552e-01
1.275277709854500674e-01
1.324608866125345230e-01
1.369868029973336510e-01
1.328152495303324410e-01
1.360657481210572339e-01
1.261823632355247304e-01
1.346842090466192909e-01
1.233342045119830560e-01
1.413752798523221776e-01
1.401520403368132495e-01
1.386847490710871600e-01
1.339969648314373873e-01
1.378451242510761454e-01
1.413324427391801641e-01
1.361908258071967415e-01
1.370344944298267365e-01
1.350382545164653114e-01
1.326363704034260460e-01
1.354688336806637861e-01
1.311527426753725245e-01
1.300355134797947787e-01
1.381297617086342522e-01
1.293206816273076154e-01
1.386974315558160975e-01
1.395548880100250244e-01
1.349809765815734863e-01
1.454479002526828102e-01
1.358832998999527641e-01
1.352861103202615545e-01
1.403657613056046582e-01
1.388734768011740395e-01
1.316668939377580450e-01
1.382600901914494418e-01
1.353870936270271108e-01
1.331944234137024119e-01
1.413688877863543414e-01
1.422647897686277196e-01
1.390002021299941160e-01
1.345117696161781118e-01
1.362489453916038706e-01
1.344496469412531092e-01
1.314910796603986076e-01
1.361428898360048101e-01
1.371935374502624705e-01
1.357897764870098778e-01
1.316760767783437536e-01
1.394915719117437169e-01
1.361514981836080551e-01
1.334493575351578809e-01
1.248330045491456985e-01
1.221195893096072294e-01
1.377417820372751900e-01
1.359668046768222616e-01
1.504665634461811730e-01
1.320999929947512530e-01
1.232262809893914651e-01
1.364782633525984668e-01
1.302317226571696185e-01
1.388195047953299233e-01
1.320939505738871478e-01
1.367501494075570867e-01
1.326170180525098607e-01
1.333839393087795921e-01
1.259222600076879695e-01
1.381695382297039032e-01
1.335959719227892972e-01
1.340536272951534935e-01
1.348696449505431272e-01
1.315639902438436315e-01
1.398725057286875628e-01
1.325229967811278053e-01
1.370016453521592237e-01
1.321864670940808006e-01
1.344245374202728271e-01
1.398763182972158625e-01
1.412198463720934771e-01
1.422605711434568598e-01
1.371827098940099909e-01
1.358636830534253881e-01
1.320327573588916115e-01
1.353090357567582891e-01
1.321254787700516797e-01
1.358419385339532659e-01
1.360713951289653778e-01
1.332755551806517891e-01
1.331299617886543274e-01
1.354839040764740654e-01
1.428542509675025940e-01
1.366498342582157799e-01
1.321733564670596883e-01
1.376305547143731878e-01
1.262659289474998281e-01
1.406303604266473106e-01
1.341657063790730187e-01
1.402797023100512408e-01
1.310328133404254913e-01
1.350668783166578957e-01
1.395520557250295446e-01
1.358571270746844195e-01
1.266341579279729179e-01
1.362678680036749079e-01
1.379362025431224159e-01
1.375101823359727859e-01
1.327393172042710401e-01
1.297192669340542504e-01
1.352885647543839165e-01
1.343528519251517006e-01
1.354860564959900759e-01
1.371715047529765419e-01
1.317665518394538215e-01
1.322770238454852865e-01
1.225614869701010801e-01
1.261170604931456662e-01
1.333299228655440427e-01
1.378257306558745288e-01
1.382054486977202512e-01
1.367461215704679489e-01
1.360313354858330437e-01
1.281474434903689674e-01
1.339803867574249074e-01
1.323367482317345523e-01
1.367535138768809222e-01
1.352239719458988854e-01
1.345891675778797814e-01
1.379897022353751279e-01
1.282215341925621033e-01
1.335261852613517097e-01
1.329642270824738792e-01
1.354056298732757568e-01
1.333722480173621938e-01
1.340330360191208936e-01
1.333102780793394282e-01
1.420642685677324102e-01
1.369743701070547104e-01
1.324633367891822622e-01
1.356314601642744921e-01
1.367993224412202835e-01
1.270943645920072362e-01
1.412326400833470441e-01
1.369137311620371722e-01
1.354102856878723338e-01
1.330323203333786675e-01
1.368025405598538302e-01
1.380966342985630035e-01
1.368354612163134865e-01
1.245344512696777012e-01
1.388531327247619629e-01
1.343555101858718015e-01
1.354782304593495079e-01
1.236865509833608295e-01
1.311625966003962807e-01
1.332392437117440320e-01
1.354027111083269119e-01
1.300096014248473264e-01
1.310486636523689463e-01
1.424436574535710431e-01
1.393698267638683319e-01
1.355666683188506416e-01
1.308242157101631165e-01
1.357118045645100690e-01
1.353083274194172569e-01
1.320521799581391431e-01
1.369011122733354568e-01
1.406618500394480609e-01
1.331359187939337441e-01
1.303823044789688967e-01
1.385478787124156952e-01
1.312545503356627175e-01
1.293120237865618416e-01
1.315880031990153409e-01
1.364345217921904274e-01
1.358700697975499250e-01
1.330341334853853419e-01
1.292078926094940849e-01
1.366787829569407753e-01
1.352188547274895958e-01
1.342727206647396088e-01
1.320235779775040530e-01
1.381241178938320824e-01
1.376927548221179298e-01
1.340958140790462494e-01
1.396226992032357506e-01
1.372457798570394516e-01
1.315891104085104846e-01
1.294957157224416733e-01
1.319074497691222481e-01
1.332278158515691757e-01
1.377172682966504857e-01
1.296232177742890068e-01
1.318196308399949834e-01
1.319753886865717984e-01
1.352820492216519066e-01
1.379793882369995117e-01
1.357069278934172341e-01
1.280835864267178825e-01
1.352814603596925735e-01
1.275151544915778257e-01
1.280051501733916186e-01
1.285037491470575333e-01
1.284254696220159531e-01
1.398817250238997556e-01
1.341659392097166725e-01
1.350273215877158262e-01
1.241612727088587664e-01
1.375587295208658412e-01
1.336589277322803304e-01
1.345016615731375598e-01
1.292071691048996829e-01
1.365026376609291270e-01
1.413727642170020393e-01
1.333415886121136762e-01
1.293986021940197184e-01
1.278429864240544223e-01
1.359703115054539391e-01
1.367897848997797206e-01
1.338568728949342534e-01
1.382103416004351326e-01
1.253118927457503029e-01
1.323260875152690030e-01
1.332065133111817457e-01
1.404605098068714142e-01
1.306269272629703715e-01
1.455802188387938789e-01
1.290099761847938731e-01
1.328200469059603595e-01
1.327102029962199115e-01
1.303966572242123700e-01
1.324597722185509585e-01
1.322756090334483436e-01
1.314101171280656621e-01
1.330118091510874845e-01
1.322315590722220324e-01
1.367774283779518985e-01
1.250288276267903231e-01
1.301615427115133949e-01
1.370481215417385101e-01
1.315385483737502859e-01
1.331100966781377792e-01
1.251669193484953591e-01
1.271450580762965299e-01
1.333159117826393791e-01
1.358515372765915774e-01
1.346976826233523272e-01
1.373683937958308510e-01
1.304247464452470973e-01
1.317936602447714045e-01
1.343394094812018491e-01
1.401001427854810522e-01
1.269595170659678363e-01
1.304846661431448840e-01
1.313081184136015989e-01
1.364129890820809654e-01
1.350746947739805415e-01
1.380181786205087469e-01
1.359961112695080854e-01
1.295733632785933398e-01
1.317122544028929421e-01
1.278617560331310465e-01
1.254904504333223536e-01
1.414946519902774147e-01
1.354602846716131404e-01
1.293149465428931333e-01
1.379404549619981102e-01
1.296472783599580958e-01
1.318589853388922595e-01
1.351013162306376747e-01
1.363061751638139918e-01
1.371075596128191187e-01
1.319361049681901932e-01
1.259172095784119316e-01
1.351163568241255664e-01
1.264734284154006294e-01
1.401729349579129980e-01
1.339625362306833267e-01
1.321426244186503507e-01
1.308413866375173762e-01
1.378429771534034065e-01
1.382520922592707924e-01
1.392267136169331454e-01
1.406883788960320569e-01
1.303485613316297531e-01
1.249246222100087594e-01
1.371852428253207967e-01
1.422668636909552864e-01
1.269191216145242884e-01
1.275336316653660484e-01
1.369590453271354868e-01
1.339379400014877319e-01
1.315812074712344459e-01
1.262800621667078682e-01
1.274099320705447957e-01
1.379290457282747462e-01
1.355242973991802879e-01
1.353633621973650836e-01
1.260458717920950600e-01
1.339907992099012568e-01
1.324705622558082774e-01
1.295098390962396429e-01
1.312634721398353577e-01
1.367177931325776197e-01
1.335570232144423775e-01
1.339679376355239204e-01
1.365757174789905548e-01
1.282164286822080612e-01
1.335134921329362012e-01
1.349166735474552348e-01
1.306740952921765231e-01
1.318921510662351415e-01
1.337642286505018041e-01
1.341257779193776034e-01
1.280030916844095423e-01
1.339045433061463453e-01
1.368493310042790123e-01
1.292488306228603556e-01
1.310996261558362297e-01
1.342678490493978694e-01
1.314236686698027901e-01
1.320945120283535668e-01
1.314943262508937172e-01
1.344107626272099398e-01
1.354510991701058098e-01
1.377744823694229126e-01
1.244041861167975854e-01
1.326680877911192991e-01
1.333118682461125470e-01
1.353264911366360568e-01
1.333755068480968475e-01
1.277935701821531489e-01
1.248961979789393328e-01
1.348273676953145317e-01
1.303156542458704659e-01
1.413089201918669990e-01
1.339456210178988360e-01
1.340397372841835022e-01
1.331040585147482969e-01
1.251185142568179420e-01
1.358763091266155243e-01
1.302483055208410456e-01
1.290796819542135432e-01
1.360521798155137352e-01
1.200123320200613547e-01
1.356724258512258530e-01
1.331838129886559197e-01
1.409684832074812599e-01
1.302792959447418020e-01
1.353544693972383306e-01
1.315610219857522301e-01
1.304497261132512853e-01
1.285733226686716080e-01
1.308866861675466731e-01
1.253496677215610311e-01
1.280853546091488548e-01
1.330763362348079681e-01
1.312426762389285184e-01
1.332681543592895701e-01
1.354950110294989296e-01
1.320672093757561394e-01
1.333662532269954681e-01
1.352422695074762538e-01
1.337709256580897621e-01
1.410029594387327001e-01
1.341488252260855385e-01
1.417254672518798164e-01
1.330496655511004545e-01
1.350597015448979088e-01
1.371994101043258474e-01
1.293400305190256783e-01
1.304893985922847555e-01
1.266871959503207967e-01
1.312532403639384559e-01
1.325515165392841532e-01
1.339111264262880518e-01
1.344053697373185918e-01
1.318620203861168572e-01
1.322649618876831912e-01
1.286266890487500480e-01
1.354409961828163811e-01
1.309267915785312653e-01
1.366785578429698944e-01
1.295805222221783348e-01
1.257399136998823830e-01
1.350029126874038032e-01
1.303743230445044421e-01
1.357589704649788953e-01
1.313744756792272761e-01
1.307719948568514534e-01
1.318964548408985138e-01
1.375785632325070285e-01
1.298333510224308207e-01
1.277918871492147446e-01
1.318302215742213346e-01
1.388517229684761711e-01
1.288577719990696147e-01
1.345859031592096522e-01
1.397130433470010757e-01
1.362994898642812536e-01
1.287475401269538022e-01
1.266234463879040428e-01
1.345500954027686880e-01
1.331919064479214765e-01
1.377292336629969693e-01
1.361968613096646019e-01
1.272482124290295891e-01
1.271738556346722893e-01
1.327744384429284386e-01
1.312691899282591723e-01
1.311670283653906532e-01
1.298991316663367368e-01
1.287849202219928935e-01
1.369943264871835709e-01
1.285814289003610611e-01
1.342335407223020360e-01
1.245346324784415148e-01
1.351024939545563408e-01
1.385547854006290436e-01
1.345441011445862867e-01
1.282004644828183271e-01
1.257149755422558024e-01
1.315544050719056890e-01
1.295036144022430613e-01
1.315624466431992434e-01
1.307462674698659233e-01
1.355047712900808998e-01
1.314214148691722206e-01
1.369741734649453924e-01
1.356822885572910309e-01
1.381480132362672142e-01
1.325409492211682416e-01
1.304453366569110206e-01
1.350199058651924133e-01
1.296725754759141258e-01
1.339820687259946630e-01
1.354742310941219330e-01
1.300846769341400810e-01
1.267137657850980759e-01
1.321654963706220820e-01
1.301979755184480003e-01
1.290784597929034994e-01
1.322449240833520889e-01
1.301104969211987206e-01
1.249627122389418699e-01
1.209968134228672360e-01
1.343255298478262805e-01
1.354414810027395055e-01
1.393770889512130073e-01
1.343428766621010684e-01
1.317392007580825142e-01
1.250635313668421456e-01
1.379721949675253578e-01
1.345296523400715538e-01
1.270761037511485003e-01
1.225324496626853943e-01
1.321002636104822159e-01
1.327826918235846809e-01
1.352488015379224584e-01
1.291558271540062808e-01
1.300168191748005964e-01
1.223277308579002048e-01
1.310438958129712395e-01
1.295274605176278404e-01
1.383310553750821403e-01
1.265151064310754969e-01
1.245021293205874346e-01
1.331853879881756686e-01
1.273914884243692591e-01
1.338806788304022499e-01
1.324496987674917414e-01
1.300796328910759636e-01
1.265706545008080386e-01
1.297235635242291740e-01
1.266804076731204987e-01
1.319884003273078255e-01
1.240794302097388696e-01
1.351095877055610850e-01
1.370730389441762731e-01
1.337729146970169924e-01
1.321019910808120534e-01
1.310734107558216288e-01
1.360310864235673711e-01
1.314197347632476143e-01
1.302621912743364141e-01
1.299937231732266329e-01
1.348878453884805872e-01
1.257843875459262184e-01
1.344441486788647555e-01
1.242290304175445032e-01
1.313811764121055603e-01
1.329568355743374064e-01
1.302005308015005969e-01
1.325257298137460515e-01
1.273401972970792106e-01
1.332987818334783747e-01
1.295075525662728599e-01
1.271543343152318761e-01
1.335426771215030006e-01
1.394097970000335029e-01
1.332527415028640083e-01
1.268520270075116918e-01
1.292911629591669276e-01
1.286405883729457855e-01
1.312602077211652563e-01
1.288450990936585716e-01
1.345995151038680837e-01
1.239133365452289581e-01
1.306000633963516899e-01
1.363368452127490804e-01
1.312895704592977331e-01
1.345225833356380463e-01
1.307458842971495339e-01
1.310133984578507327e-01
1.242951021662780237e-01
1.225904135831764746e-01
1.314655869667019084e-01
1.367487364581652931e-01
1.311756420348371699e-01
1.363274050610406019e-01
1.328017014477934077e-01
1.338958687015942284e-01
1.278542059340647408e-01
1.283620218081133746e-01
1.235509395067180965e-01
1.326927375048398972e-01
1.306653597525187782e-01
1.356966601950781726e-01
1.338993906974792480e-01
1.295158988130944155e-01
1.269242949783802032e-01
1.275545906807695196e-01
1.304213495126792244e-01
1.266767342707940391e-01
1.282605480934892461e-01
1.318921574524470619e-01
1.244463116994925928e-01
1.310460945325238324e-01
1.304628678730555824e-01
1.268924426819597051e-01
1.376033914940697767e-01
1.303376252097742938e-01
1.296357108013970472e-01
1.249778347888163138e-01
1.338596841586487673e-01
1.294379221009356595e-01
1.348772868514060974e-01
1.346769694771085546e-01
1.268651820719242096e-01
1.283333157854420759e-01
1.236341880368334867e-01
1.292108395802123166e-01
1.261507113065038488e-01
1.285889090171881965e-01
1.284649925572531604e-01
1.301353544528995321e-01
1.293372565082141212e-01
1.332941544907433606e-01
1.257298221545559980e-01
1.323716169489281558e-01
1.371421239205769249e-01
1.333048854555402563e-01
1.372367505516324804e-01
1.282338635729891874e-01
1.356461330183914848e-01
1.278645146105970576e-01
1.348684488662651726e-01
1.367084623447486214e-01
1.314322661076273158e-01
1.253744842750685595e-01
1.298904818083558843e-01
1.275092608162335106e-01
1.301212207015071676e-01
1.342039741575717926e-01
1.284237833959715747e-01
1.281041223555803299e-01
1.293907793504851245e-01
1.350105939699070834e-01
1.276282548372234538e-01
1.319452077150344849e-01
1.308141603533710673e-01
1.284047833510807701e-01
1.287006693226950549e-01
1.331662615495068647e-01
1.334606568728174403e-01
1.316463268761123850e-01
1.201248993831021405e-01
